1.000000e+00 0.000000e+00 0.000000e+00 0.000000e+00 0.000000e+00 1.000000e+00 0.000000e+00 0.000000e+00 0.000000e+00 0.000000e+00 1.000000e+00 0.000000e+00
9.999915e-01 -2.346124e-03 -3.404198e-03 -8.904297e-05 2.337871e-03 9.999943e-01 -2.426265e-03 -4.933826e-03 3.409872e-03 2.418285e-03 9.999912e-01 6.771492e-01
9.999728e-01 -7.432443e-04 -7.334877e-03 -1.854329e-02 7.138193e-04 9.999917e-01 -4.013443e-03 -8.904066e-03 7.337799e-03 4.008098e-03 9.999651e-01 1.374791e+00
9.999346e-01 -9.755217e-04 -1.139365e-02 -3.277663e-02 9.125132e-04 9.999843e-01 -5.534030e-03 -1.169947e-02 1.139886e-02 5.523272e-03 9.999198e-01 2.092203e+00
9.998624e-01 6.268013e-04 -1.657692e-02 -4.806115e-02 -7.310183e-04 9.999800e-01 -6.281559e-03 -1.663553e-02 1.657265e-02 6.292813e-03 9.998429e-01 2.824219e+00
9.997767e-01 -8.533995e-04 -2.111627e-02 -6.675575e-02 7.213145e-04 9.999802e-01 -6.261953e-03 -2.932629e-02 2.112119e-02 6.245323e-03 9.997574e-01 3.576555e+00
9.996683e-01 1.115878e-03 -2.572919e-02 -9.892279e-02 -1.310657e-03 9.999706e-01 -7.554731e-03 -3.703562e-02 2.572000e-02 7.585947e-03 9.996404e-01 4.348717e+00
9.995048e-01 3.463360e-03 -3.127499e-02 -1.176383e-01 -3.722176e-03 9.999593e-01 -8.221052e-03 -4.627819e-02 3.124525e-02 8.333392e-03 9.994770e-01 5.118658e+00
9.993629e-01 4.132655e-03 -3.544806e-02 -1.559022e-01 -4.380944e-03 9.999664e-01 -6.929500e-03 -5.258695e-02 3.541823e-02 7.080381e-03 9.993475e-01 5.900611e+00
9.992022e-01 3.422966e-03 -3.978992e-02 -1.958006e-01 -3.602264e-03 9.999837e-01 -4.435307e-03 -5.805532e-02 3.977409e-02 4.575102e-03 9.991982e-01 6.687087e+00
9.990692e-01 3.448389e-03 -4.299843e-02 -2.363414e-01 -3.542924e-03 9.999915e-01 -2.122561e-03 -6.237248e-02 4.299074e-02 2.272925e-03 9.990729e-01 7.469278e+00
9.989750e-01 5.352689e-03 -4.494783e-02 -2.850541e-01 -5.506433e-03 9.999794e-01 -3.297375e-03 -6.557833e-02 4.492926e-02 3.541497e-03 9.989839e-01 8.241153e+00
9.988855e-01 4.818885e-03 -4.695340e-02 -3.335630e-01 -4.960688e-03 9.999835e-01 -2.904022e-03 -8.425292e-02 4.693863e-02 3.133707e-03 9.988928e-01 9.056547e+00
9.988205e-01 2.071967e-03 -4.851016e-02 -3.816552e-01 -2.243935e-03 9.999914e-01 -3.490804e-03 -9.466209e-02 4.850250e-02 3.595541e-03 9.988166e-01 9.887717e+00
9.987418e-01 3.109294e-03 -5.005086e-02 -4.304347e-01 -3.250195e-03 9.999910e-01 -2.734028e-03 -1.076723e-01 5.004191e-02 2.893263e-03 9.987429e-01 1.069383e+01
9.986693e-01 1.596854e-03 -5.154790e-02 -4.802386e-01 -1.747463e-03 9.999943e-01 -2.876797e-03 -1.238732e-01 5.154301e-02 2.963046e-03 9.986664e-01 1.154867e+01
9.985380e-01 4.007218e-03 -5.390507e-02 -5.254728e-01 -4.294697e-03 9.999772e-01 -5.218279e-03 -1.320070e-01 5.388293e-02 5.442156e-03 9.985324e-01 1.241042e+01
9.984986e-01 3.710845e-03 -5.465088e-02 -5.924025e-01 -4.124981e-03 9.999636e-01 -7.466994e-03 -1.486850e-01 5.462118e-02 7.681217e-03 9.984776e-01 1.326211e+01
9.983710e-01 5.265082e-03 -5.681184e-02 -6.298011e-01 -5.716728e-03 9.999533e-01 -7.790259e-03 -1.531689e-01 5.676816e-02 8.102346e-03 9.983545e-01 1.422837e+01
9.982885e-01 6.207164e-03 -5.815123e-02 -6.858268e-01 -6.659632e-03 9.999490e-01 -7.590327e-03 -1.619457e-01 5.810115e-02 7.964603e-03 9.982789e-01 1.511673e+01
9.982358e-01 5.302635e-03 -5.913701e-02 -7.509465e-01 -5.655274e-03 9.999672e-01 -5.797308e-03 -1.824072e-01 5.910433e-02 6.121517e-03 9.982330e-01 1.600473e+01
9.981440e-01 6.556543e-03 -6.054327e-02 -8.117298e-01 -6.820126e-03 9.999681e-01 -4.148011e-03 -2.020375e-01 6.051415e-02 4.553225e-03 9.981570e-01 1.690476e+01
9.980808e-01 6.313161e-03 -6.160217e-02 -8.724527e-01 -6.596100e-03 9.999686e-01 -4.390720e-03 -2.096953e-01 6.157251e-02 4.788627e-03 9.980911e-01 1.780635e+01
9.979729e-01 6.074705e-03 -6.334949e-02 -9.314835e-01 -6.407584e-03 9.999667e-01 -5.052792e-03 -2.251369e-01 6.331669e-02 5.448467e-03 9.979786e-01 1.870668e+01
9.979215e-01 4.845932e-03 -6.425875e-02 -9.991155e-01 -5.234249e-03 9.999691e-01 -5.876061e-03 -2.388287e-01 6.422828e-02 6.200194e-03 9.979160e-01 1.962185e+01
9.978975e-01 4.513997e-03 -6.465439e-02 -1.069915e+00 -4.782920e-03 9.999806e-01 -4.005216e-03 -2.490156e-01 6.463505e-02 4.306032e-03 9.978997e-01 2.055091e+01
9.978931e-01 5.996441e-03 -6.460191e-02 -1.137205e+00 -6.048900e-03 9.999815e-01 -6.164811e-04 -2.616845e-01 6.459703e-02 1.005953e-03 9.979109e-01 2.147742e+01
9.979451e-01 6.712127e-03 -6.372156e-02 -1.204921e+00 -6.537264e-03 9.999743e-01 2.952272e-03 -2.668733e-01 6.373974e-02 -2.529641e-03 9.979634e-01 2.241401e+01
9.980651e-01 5.745059e-03 -6.191131e-02 -1.266155e+00 -5.387979e-03 9.999679e-01 5.933011e-03 -2.741579e-01 6.194341e-02 -5.587955e-03 9.980640e-01 2.333490e+01
9.981654e-01 5.885985e-03 -6.025879e-02 -1.337459e+00 -5.524721e-03 9.999658e-01 6.160067e-03 -2.732232e-01 6.029299e-02 -5.815853e-03 9.981638e-01 2.428036e+01
9.982588e-01 5.910954e-03 -5.868835e-02 -1.402079e+00 -5.710752e-03 9.999773e-01 3.578402e-03 -2.766154e-01 5.870817e-02 -3.237016e-03 9.982699e-01 2.522330e+01
9.983532e-01 6.703176e-03 -5.697330e-02 -1.484106e+00 -6.797484e-03 9.999758e-01 -1.461669e-03 -2.802939e-01 5.696213e-02 1.846537e-03 9.983746e-01 2.615513e+01
9.983065e-01 5.158353e-03 -5.794488e-02 -1.454877e+00 -5.336243e-03 9.999815e-01 -2.915682e-03 -2.904176e-01 5.792876e-02 3.219952e-03 9.983155e-01 2.705259e+01
9.983377e-01 2.992784e-03 -5.755645e-02 -1.505683e+00 -3.126455e-03 9.999926e-01 -2.232529e-03 -2.943400e-01 5.754935e-02 2.408765e-03 9.983398e-01 2.802120e+01
9.983448e-01 1.205047e-03 -5.749938e-02 -1.567127e+00 -1.041889e-03 9.999954e-01 2.867466e-03 -3.049958e-01 5.750256e-02 -2.802812e-03 9.983414e-01 2.897613e+01
9.982886e-01 -1.082082e-03 -5.846974e-02 -1.618206e+00 1.417137e-03 9.999828e-01 5.689248e-03 -3.054520e-01 5.846257e-02 -5.762371e-03 9.982730e-01 2.995483e+01
9.982374e-01 -7.581247e-03 -5.886114e-02 -1.678928e+00 7.875822e-03 9.999576e-01 4.774204e-03 -3.121938e-01 5.882245e-02 -5.229368e-03 9.982548e-01 3.091282e+01
9.981529e-01 -9.436480e-03 -6.001578e-02 -1.746635e+00 9.519434e-03 9.999541e-01 1.096435e-03 -3.264169e-01 6.000268e-02 -1.665726e-03 9.981968e-01 3.187924e+01
9.980831e-01 -8.684772e-03 -6.127509e-02 -1.811645e+00 8.539422e-03 9.999601e-01 -2.633570e-03 -3.416269e-01 6.129551e-02 2.105268e-03 9.981174e-01 3.284492e+01
9.979118e-01 -7.555684e-03 -6.414737e-02 -1.869960e+00 7.339381e-03 9.999666e-01 -3.606948e-03 -3.474250e-01 6.417248e-02 3.128614e-03 9.979339e-01 3.382911e+01
9.978610e-01 -6.948098e-03 -6.500071e-02 -1.926439e+00 6.818704e-03 9.999743e-01 -2.212289e-03 -3.668815e-01 6.501441e-02 1.764336e-03 9.978828e-01 3.479924e+01
9.978039e-01 -3.563727e-03 -6.614117e-02 -2.004075e+00 3.605992e-03 9.999934e-01 5.196342e-04 -3.818782e-01 6.613887e-02 -7.569976e-04 9.978101e-01 3.576324e+01
9.977170e-01 -4.059297e-03 -6.741178e-02 -2.066501e+00 4.215108e-03 9.999887e-01 2.169267e-03 -3.964868e-01 6.740222e-02 -2.448462e-03 9.977229e-01 3.672323e+01
9.976825e-01 -2.063161e-03 -6.800998e-02 -2.150041e+00 2.350647e-03 9.999886e-01 4.147360e-03 -3.980637e-01 6.800065e-02 -4.297616e-03 9.976760e-01 3.770672e+01
9.976483e-01 -1.857546e-03 -6.851622e-02 -2.196167e+00 2.363366e-03 9.999706e-01 7.302161e-03 -4.109799e-01 6.850064e-02 -7.446917e-03 9.976233e-01 3.866261e+01
9.976592e-01 4.066845e-03 -6.826124e-02 -2.298271e+00 -3.411333e-03 9.999470e-01 9.716816e-03 -4.169340e-01 6.829713e-02 -9.461209e-03 9.976202e-01 3.963495e+01
9.976333e-01 3.609295e-03 -6.866355e-02 -2.374999e+00 -3.014083e-03 9.999570e-01 8.770151e-03 -4.100615e-01 6.869225e-02 -8.542438e-03 9.976013e-01 4.060707e+01
9.975981e-01 4.148701e-03 -6.914416e-02 -2.427890e+00 -3.665060e-03 9.999679e-01 7.120068e-03 -4.187286e-01 6.917148e-02 -6.849548e-03 9.975812e-01 4.159601e+01
9.975911e-01 5.997098e-03 -6.910945e-02 -2.511735e+00 -5.645596e-03 9.999701e-01 5.280353e-03 -4.303884e-01 6.913905e-02 -4.877469e-03 9.975951e-01 4.261247e+01
9.975014e-01 3.833396e-03 -7.054305e-02 -2.563323e+00 -3.434325e-03 9.999774e-01 5.777553e-03 -4.128799e-01 7.056361e-02 -5.520849e-03 9.974920e-01 4.359010e+01
9.973860e-01 1.759058e-03 -7.223693e-02 -2.629830e+00 -1.233192e-03 9.999724e-01 7.323700e-03 -4.260250e-01 7.224783e-02 -7.215474e-03 9.973606e-01 4.457610e+01
9.973539e-01 2.723938e-03 -7.264782e-02 -2.716012e+00 -2.125046e-03 9.999631e-01 8.319786e-03 -4.331612e-01 7.266781e-02 -8.143391e-03 9.973230e-01 4.554489e+01
9.973271e-01 5.064581e-03 -7.289054e-02 -2.795430e+00 -4.717316e-03 9.999767e-01 4.935554e-03 -4.478843e-01 7.291384e-02 -4.578514e-03 9.973277e-01 4.653149e+01
9.972401e-01 5.888280e-03 -7.401028e-02 -2.871012e+00 -5.849656e-03 9.999826e-01 7.386218e-04 -4.544420e-01 7.401334e-02 -3.036486e-04 9.972572e-01 4.748188e+01
9.972025e-01 6.823891e-03 -7.443581e-02 -2.959753e+00 -6.880641e-03 9.999762e-01 -5.059915e-04 -4.646225e-01 7.443058e-02 1.016742e-03 9.972257e-01 4.844467e+01
9.971942e-01 5.394966e-03 -7.466414e-02 -3.037517e+00 -5.190126e-03 9.999822e-01 2.937253e-03 -4.732932e-01 7.467866e-02 -2.541495e-03 9.972044e-01 4.938616e+01
9.972064e-01 3.686530e-03 -7.460381e-02 -3.114475e+00 -3.258317e-03 9.999775e-01 5.860714e-03 -4.803565e-01 7.462374e-02 -5.601259e-03 9.971960e-01 5.035430e+01
9.971567e-01 2.242492e-03 -7.532204e-02 -3.178456e+00 -1.751977e-03 9.999768e-01 6.577680e-03 -4.935259e-01 7.533505e-02 -6.427016e-03 9.971375e-01 5.130704e+01
9.971486e-01 -1.447302e-03 -7.544849e-02 -3.252306e+00 1.851578e-03 9.999843e-01 5.288621e-03 -4.955799e-01 7.543965e-02 -5.413240e-03 9.971357e-01 5.222263e+01
9.971429e-01 -3.471949e-03 -7.545823e-02 -3.332283e+00 3.794177e-03 9.999843e-01 4.127356e-03 -5.141050e-01 7.544272e-02 -4.401866e-03 9.971404e-01 5.317783e+01
9.970199e-01 -5.098395e-03 -7.697656e-02 -3.391746e+00 5.510481e-03 9.999716e-01 5.141939e-03 -5.196282e-01 7.694816e-02 -5.550793e-03 9.970196e-01 5.413321e+01
9.969150e-01 -8.589065e-03 -7.801658e-02 -3.460948e+00 9.397650e-03 9.999058e-01 1.000305e-02 -5.352170e-01 7.792331e-02 -1.070536e-02 9.969019e-01 5.506752e+01
9.969380e-01 -8.935370e-03 -7.768342e-02 -3.559367e+00 1.008692e-02 9.998448e-01 1.444395e-02 -5.318707e-01 7.754230e-02 -1.518331e-02 9.968734e-01 5.602806e+01
9.968736e-01 -7.397078e-03 -7.866651e-02 -3.638025e+00 8.733645e-03 9.998231e-01 1.665984e-02 -5.347517e-01 7.852935e-02 -1.729480e-02 9.967618e-01 5.697340e+01
9.967675e-01 -5.691942e-03 -8.013821e-02 -3.716586e+00 6.762436e-03 9.998914e-01 1.309303e-02 -5.468337e-01 8.005498e-02 -1.359264e-02 9.966978e-01 5.789906e+01
9.966981e-01 -4.622174e-03 -8.106486e-02 -3.812983e+00 5.096433e-03 9.999711e-01 5.644423e-03 -5.499297e-01 8.103643e-02 -6.038927e-03 9.966928e-01 5.885107e+01
9.965159e-01 -7.673540e-03 -8.304986e-02 -3.853501e+00 7.816320e-03 9.999685e-01 1.394210e-03 -5.266670e-01 8.303655e-02 -2.038497e-03 9.965444e-01 5.973848e+01
9.964786e-01 -3.012572e-03 -8.379379e-02 -3.942337e+00 3.204948e-03 9.999925e-01 2.161399e-03 -5.315042e-01 8.378665e-02 -2.422343e-03 9.964808e-01 6.062260e+01
9.963936e-01 1.582366e-05 -8.485205e-02 -4.034973e+00 3.856808e-04 9.999888e-01 4.715423e-03 -5.482156e-01 8.485117e-02 -4.731143e-03 9.963824e-01 6.151136e+01
9.963099e-01 3.666524e-03 -8.575029e-02 -4.113497e+00 -3.134378e-03 9.999750e-01 6.339569e-03 -5.667840e-01 8.577139e-02 -6.047402e-03 9.962965e-01 6.236633e+01
9.962178e-01 4.929712e-03 -8.675114e-02 -4.196351e+00 -4.403263e-03 9.999707e-01 6.258802e-03 -5.816429e-01 8.677945e-02 -5.853142e-03 9.962103e-01 6.322309e+01
9.960583e-01 6.840494e-03 -8.843677e-02 -4.272776e+00 -6.252176e-03 9.999564e-01 6.927709e-03 -5.894490e-01 8.848031e-02 -6.347480e-03 9.960577e-01 6.406775e+01
9.959171e-01 7.365123e-03 -8.997140e-02 -4.348951e+00 -6.698576e-03 9.999478e-01 7.708145e-03 -6.015123e-01 9.002348e-02 -7.073994e-03 9.959145e-01 6.489819e+01
9.957994e-01 7.006735e-03 -9.129319e-02 -4.431578e+00 -6.288067e-03 9.999470e-01 8.157345e-03 -6.077372e-01 9.134550e-02 -7.549022e-03 9.957907e-01 6.572974e+01
9.956909e-01 7.053124e-03 -9.246493e-02 -4.511446e+00 -6.207207e-03 9.999362e-01 9.432922e-03 -6.196535e-01 9.252556e-02 -8.818326e-03 9.956713e-01 6.654034e+01
9.955043e-01 9.937798e-03 -9.419410e-02 -4.583424e+00 -8.794029e-03 9.998826e-01 1.255001e-02 -6.338783e-01 9.430776e-02 -1.166524e-02 9.954748e-01 6.731244e+01
9.953261e-01 1.130576e-02 -9.590714e-02 -4.646842e+00 -9.725348e-03 9.998094e-01 1.692999e-02 -6.408046e-01 9.608027e-02 -1.591813e-02 9.952463e-01 6.807812e+01
9.951413e-01 1.479135e-02 -9.733979e-02 -4.722966e+00 -1.304537e-02 9.997429e-01 1.854901e-02 -6.423780e-01 9.758912e-02 -1.718905e-02 9.950783e-01 6.884724e+01
9.950259e-01 1.762135e-02 -9.804614e-02 -4.842430e+00 -1.628603e-02 9.997636e-01 1.440302e-02 -6.450449e-01 9.827676e-02 -1.273459e-02 9.950776e-01 6.964342e+01
9.948424e-01 1.770701e-02 -9.987587e-02 -4.908637e+00 -1.705781e-02 9.998275e-01 7.350308e-03 -6.558311e-01 9.998880e-02 -5.608734e-03 9.949728e-01 7.036266e+01
9.947310e-01 1.713808e-02 -1.010765e-01 -4.994631e+00 -1.711377e-02 9.998530e-01 1.107718e-03 -6.548186e-01 1.010806e-01 6.279183e-04 9.948781e-01 7.107654e+01
9.946560e-01 1.797764e-02 -1.016673e-01 -5.070822e+00 -1.808395e-02 9.998364e-01 -1.240829e-04 -6.540708e-01 1.016485e-01 1.961967e-03 9.948184e-01 7.176859e+01
9.945187e-01 2.067593e-02 -1.024941e-01 -5.145318e+00 -2.042721e-02 9.997853e-01 3.475843e-03 -6.655151e-01 1.025439e-01 -1.363123e-03 9.947276e-01 7.242378e+01
9.944059e-01 2.061379e-02 -1.035950e-01 -5.230963e+00 -2.008184e-02 9.997793e-01 6.175385e-03 -6.867056e-01 1.036994e-01 -4.060463e-03 9.946004e-01 7.307913e+01
9.943897e-01 1.738991e-02 -1.043394e-01 -5.304852e+00 -1.720855e-02 9.998484e-01 2.638212e-03 -6.876609e-01 1.043695e-01 -8.278816e-04 9.945382e-01 7.370515e+01
9.944378e-01 9.433395e-03 -1.049023e-01 -5.352616e+00 -9.747907e-03 9.999494e-01 -2.485826e-03 -7.015240e-01 1.048735e-01 3.494577e-03 9.944794e-01 7.432173e+01
9.945590e-01 5.364608e-03 -1.040361e-01 -5.409878e+00 -6.157393e-03 9.999544e-01 -7.300607e-03 -7.100766e-01 1.039922e-01 7.901476e-03 9.945467e-01 7.491618e+01
9.949315e-01 8.015748e-03 -1.002354e-01 -5.491508e+00 -8.828660e-03 9.999316e-01 -7.669074e-03 -7.175146e-01 1.001670e-01 8.515147e-03 9.949342e-01 7.550448e+01
9.953033e-01 1.304760e-02 -9.592281e-02 -5.562823e+00 -1.360042e-02 9.998944e-01 -5.111593e-03 -7.251094e-01 9.584598e-02 6.392175e-03 9.953756e-01 7.607111e+01
9.957581e-01 1.129989e-02 -9.131397e-02 -5.613085e+00 -1.151055e-02 9.999322e-01 -1.780648e-03 -7.365977e-01 9.128766e-02 2.824169e-03 9.958206e-01 7.664311e+01
9.963093e-01 7.343967e-03 -8.552039e-02 -5.658367e+00 -7.158382e-03 9.999713e-01 2.476532e-03 -7.498314e-01 8.553613e-02 -1.855204e-03 9.963334e-01 7.716677e+01
9.969525e-01 2.607453e-03 -7.796785e-02 -5.681767e+00 -2.128745e-03 9.999784e-01 6.222293e-03 -7.696975e-01 7.798239e-02 -6.037356e-03 9.969364e-01 7.769462e+01
9.978222e-01 5.139835e-03 -6.576015e-02 -5.681921e+00 -4.748831e-03 9.999701e-01 6.100847e-03 -7.735156e-01 6.578954e-02 -5.775277e-03 9.978168e-01 7.828384e+01
9.986460e-01 1.023427e-02 -5.100407e-02 -5.703702e+00 -9.947372e-03 9.999332e-01 5.875611e-03 -7.831474e-01 5.106080e-02 -5.360299e-03 9.986812e-01 7.878616e+01
9.993455e-01 1.549979e-02 -3.268563e-02 -5.725513e+00 -1.530074e-02 9.998629e-01 6.331124e-03 -7.866077e-01 3.277928e-02 -5.826866e-03 9.994456e-01 7.928062e+01
9.998467e-01 1.391320e-02 -1.062861e-02 -5.717772e+00 -1.383902e-02 9.998796e-01 7.021657e-03 -7.934312e-01 1.072503e-02 -6.873491e-03 9.999189e-01 7.975940e+01
9.998281e-01 1.035896e-02 1.537610e-02 -5.684493e+00 -1.048321e-02 9.999129e-01 8.022018e-03 -7.995673e-01 -1.529166e-02 -8.181830e-03 9.998496e-01 8.023010e+01
9.989528e-01 9.198911e-03 4.481836e-02 -5.642138e+00 -9.633331e-03 9.999086e-01 9.486558e-03 -8.039426e-01 -4.472699e-02 -9.908373e-03 9.989501e-01 8.068053e+01
9.969004e-01 9.203980e-03 7.813293e-02 -5.590665e+00 -1.005577e-02 9.998941e-01 1.051530e-02 -8.029241e-01 -7.802788e-02 -1.126839e-02 9.968875e-01 8.113046e+01
9.932911e-01 8.656955e-03 1.153165e-01 -5.514949e+00 -1.008237e-02 9.998797e-01 1.178331e-02 -8.177270e-01 -1.152006e-01 -1.286692e-02 9.932589e-01 8.155420e+01
9.875187e-01 8.910165e-03 1.572494e-01 -5.422699e+00 -1.086277e-02 9.998742e-01 1.156215e-02 -8.189073e-01 -1.571266e-01 -1.312600e-02 9.874913e-01 8.198944e+01
9.791510e-01 8.715487e-03 2.029469e-01 -5.316789e+00 -1.128874e-02 9.998699e-01 1.152530e-02 -8.234958e-01 -2.028200e-01 -1.357602e-02 9.791219e-01 8.240743e+01
9.676988e-01 1.081204e-02 2.518775e-01 -5.183364e+00 -1.359148e-02 9.998644e-01 9.297697e-03 -8.299478e-01 -2.517428e-01 -1.242076e-02 9.677145e-01 8.281156e+01
9.523848e-01 1.139509e-02 3.046855e-01 -5.029866e+00 -1.422480e-02 9.998738e-01 7.069025e-03 -8.467628e-01 -3.045665e-01 -1.106652e-02 9.524268e-01 8.317949e+01
9.326051e-01 1.153750e-02 3.607139e-01 -4.858502e+00 -1.420937e-02 9.998877e-01 4.755916e-03 -8.533649e-01 -3.606185e-01 -9.560907e-03 9.326644e-01 8.354572e+01
9.081496e-01 1.302975e-02 4.184430e-01 -4.665258e+00 -1.528950e-02 9.998810e-01 2.047966e-03 -8.457398e-01 -4.183665e-01 -8.257645e-03 9.082407e-01 8.390154e+01
8.795826e-01 1.285840e-02 4.755724e-01 -4.447759e+00 -1.463735e-02 9.998929e-01 3.728968e-05 -8.535006e-01 -4.755210e-01 -6.993917e-03 8.796766e-01 8.420863e+01
8.462953e-01 1.177364e-02 5.325840e-01 -4.202737e+00 -1.223266e-02 9.999216e-01 -2.666754e-03 -8.537006e-01 -5.325736e-01 -4.258059e-03 8.463730e-01 8.451506e+01
8.097945e-01 1.133357e-02 5.866042e-01 -3.935313e+00 -1.184715e-02 9.999254e-01 -2.964477e-03 -8.716848e-01 -5.865940e-01 -4.548969e-03 8.098683e-01 8.479838e+01
7.694877e-01 1.008649e-02 6.385819e-01 -3.661680e+00 -1.187615e-02 9.999284e-01 -1.483312e-03 -8.895581e-01 -6.385511e-01 -6.442502e-03 7.695524e-01 8.508171e+01
7.265701e-01 1.031408e-02 6.870149e-01 -3.368312e+00 -1.329431e-02 9.999112e-01 -9.518212e-04 -8.836096e-01 -6.869637e-01 -8.441822e-03 7.266427e-01 8.533834e+01
6.812272e-01 9.418564e-03 7.320114e-01 -3.074251e+00 -1.308284e-02 9.999142e-01 -6.903840e-04 -8.888848e-01 -7.319551e-01 -9.106480e-03 6.812920e-01 8.556008e+01
6.348532e-01 7.991951e-03 7.725914e-01 -2.764751e+00 -1.008548e-02 9.999470e-01 -2.056364e-03 -8.999593e-01 -7.725669e-01 -6.486463e-03 6.349002e-01 8.575571e+01
5.881528e-01 4.973184e-03 8.087345e-01 -2.440292e+00 -4.277021e-03 9.999862e-01 -3.038789e-03 -9.100299e-01 -8.087385e-01 -1.671703e-03 5.881660e-01 8.593089e+01
5.411432e-01 7.505948e-03 8.408970e-01 -2.117136e+00 -6.626868e-03 9.999672e-01 -4.661233e-03 -9.137160e-01 -8.409044e-01 -3.050118e-03 5.411752e-01 8.610073e+01
4.936456e-01 1.047684e-02 8.696001e-01 -1.790868e+00 -1.012398e-02 9.999289e-01 -6.299950e-03 -9.170853e-01 -8.696042e-01 -5.693872e-03 4.937166e-01 8.625443e+01
4.477296e-01 1.252465e-02 8.940813e-01 -1.441476e+00 -1.179275e-02 9.998977e-01 -8.101512e-03 -9.322715e-01 -8.940912e-01 -6.916389e-03 4.478315e-01 8.640308e+01
4.043512e-01 9.707836e-03 9.145523e-01 -1.048884e+00 -4.322925e-03 9.999528e-01 -8.703054e-03 -9.628090e-01 -9.145936e-01 -4.344503e-04 4.043741e-01 8.654758e+01
3.646331e-01 1.989243e-03 9.311491e-01 -6.850250e-01 1.017973e-02 9.999294e-01 -6.122509e-03 -9.716389e-01 -9.310956e-01 1.171132e-02 3.645872e-01 8.663747e+01
3.292278e-01 -1.469820e-03 9.442494e-01 -3.128002e-01 1.302268e-02 9.999108e-01 -2.984103e-03 -9.776947e-01 -9.441608e-01 1.327910e-02 3.292175e-01 8.673066e+01
2.962534e-01 2.844073e-03 9.551052e-01 4.470446e-02 1.153546e-02 9.999120e-01 -6.555552e-03 -9.732600e-01 -9.550397e-01 1.295968e-02 2.961945e-01 8.682224e+01
2.649905e-01 1.024934e-02 9.641966e-01 4.286815e-01 5.505900e-04 9.999417e-01 -1.078062e-02 -9.904151e-01 -9.642509e-01 3.387640e-03 2.649694e-01 8.692538e+01
2.366193e-01 1.442351e-02 9.714954e-01 8.040730e-01 -5.272309e-03 9.998941e-01 -1.356100e-02 -1.014373e+00 -9.715881e-01 -1.913228e-03 2.366703e-01 8.700973e+01
2.113074e-01 1.642983e-02 9.772816e-01 1.197323e+00 -2.644186e-03 9.998646e-01 -1.623777e-02 -1.017992e+00 -9.774161e-01 8.470480e-04 2.113223e-01 8.707190e+01
1.878848e-01 1.748006e-02 9.820355e-01 1.592667e+00 4.041507e-03 9.998194e-01 -1.856984e-02 -1.033548e+00 -9.821827e-01 7.457892e-03 1.877802e-01 8.711697e+01
1.677774e-01 2.404819e-02 9.855316e-01 2.008319e+00 1.098021e-02 9.995948e-01 -2.626063e-02 -1.029032e+00 -9.857637e-01 1.522728e-02 1.674453e-01 8.716120e+01
1.483722e-01 3.045571e-02 9.884625e-01 2.431982e+00 1.424363e-02 9.993562e-01 -3.292939e-02 -1.032170e+00 -9.888290e-01 1.896510e-02 1.478428e-01 8.720495e+01
1.309109e-01 3.154525e-02 9.908922e-01 2.877643e+00 1.186593e-02 9.993722e-01 -3.338287e-02 -1.042814e+00 -9.913231e-01 1.612804e-02 1.304544e-01 8.725659e+01
1.152541e-01 2.686088e-02 9.929728e-01 3.331455e+00 1.064314e-02 9.995435e-01 -2.827397e-02 -1.068079e+00 -9.932790e-01 1.382704e-02 1.149156e-01 8.730939e+01
1.009696e-01 2.362305e-02 9.946090e-01 3.811939e+00 1.054605e-02 9.996365e-01 -2.481306e-02 -1.092363e+00 -9.948336e-01 1.299456e-02 1.006838e-01 8.734944e+01
8.779032e-02 2.102700e-02 9.959170e-01 4.295290e+00 1.393602e-02 9.996534e-01 -2.233435e-02 -1.107036e+00 -9.960415e-01 1.583986e-02 8.746686e-02 8.737696e+01
7.599925e-02 2.023669e-02 9.969025e-01 4.767839e+00 1.686966e-02 9.996248e-01 -2.157802e-02 -1.123413e+00 -9.969652e-01 1.845732e-02 7.562935e-02 8.740649e+01
6.576370e-02 2.085189e-02 9.976173e-01 5.266807e+00 1.908989e-02 9.995723e-01 -2.215118e-02 -1.136932e+00 -9.976526e-01 2.050115e-02 6.533752e-02 8.742598e+01
5.769517e-02 2.153793e-02 9.981019e-01 5.797163e+00 2.112186e-02 9.995171e-01 -2.278942e-02 -1.151410e+00 -9.981108e-01 2.239661e-02 5.721239e-02 8.745630e+01
5.213520e-02 2.178491e-02 9.984024e-01 6.346972e+00 2.263661e-02 9.994794e-01 -2.299047e-02 -1.168891e+00 -9.983835e-01 2.379906e-02 5.161492e-02 8.748091e+01
4.659643e-02 2.268894e-02 9.986561e-01 6.904834e+00 2.477383e-02 9.994082e-01 -2.386195e-02 -1.186095e+00 -9.986066e-01 2.585242e-02 4.600676e-02 8.750323e+01
4.086415e-02 2.355234e-02 9.988871e-01 7.496223e+00 2.633949e-02 9.993493e-01 -2.464078e-02 -1.199363e+00 -9.988175e-01 2.731710e-02 4.021721e-02 8.751563e+01
3.475929e-02 2.505025e-02 9.990817e-01 8.229666e+00 2.632549e-02 9.993160e-01 -2.597202e-02 -1.205488e+00 -9.990489e-01 2.720409e-02 3.407606e-02 8.755791e+01
3.183831e-02 2.506234e-02 9.991788e-01 8.837656e+00 2.736583e-02 9.992889e-01 -2.593710e-02 -1.224022e+00 -9.991183e-01 2.816915e-02 3.112981e-02 8.757617e+01
2.904226e-02 2.423939e-02 9.992843e-01 9.496221e+00 2.913001e-02 9.992608e-01 -2.508543e-02 -1.250684e+00 -9.991536e-01 2.983769e-02 2.831469e-02 8.758579e+01
2.643876e-02 2.396349e-02 9.993632e-01 1.015662e+01 3.062143e-02 9.992241e-01 -2.477026e-02 -1.264981e+00 -9.991813e-01 3.125682e-02 2.568445e-02 8.760378e+01
2.585318e-02 2.340424e-02 9.993917e-01 1.079102e+01 3.523575e-02 9.990833e-01 -2.430853e-02 -1.289924e+00 -9.990446e-01 3.584277e-02 2.500482e-02 8.760094e+01
2.678708e-02 2.282998e-02 9.993804e-01 1.149899e+01 3.939370e-02 9.989385e-01 -2.387578e-02 -1.316385e+00 -9.988647e-01 4.000885e-02 2.585929e-02 8.763502e+01
2.839355e-02 2.278647e-02 9.993371e-01 1.222992e+01 3.956337e-02 9.989312e-01 -2.390130e-02 -1.345251e+00 -9.988136e-01 4.021578e-02 2.746169e-02 8.768285e+01
3.202171e-02 2.279383e-02 9.992272e-01 1.295105e+01 4.181849e-02 9.988339e-01 -2.412499e-02 -1.366602e+00 -9.986119e-01 4.255870e-02 3.103116e-02 8.771539e+01
3.637182e-02 2.228996e-02 9.990897e-01 1.368257e+01 4.219246e-02 9.988255e-01 -2.382008e-02 -1.386696e+00 -9.984472e-01 4.302043e-02 3.538863e-02 8.774478e+01
3.993351e-02 2.067588e-02 9.989884e-01 1.443572e+01 4.350138e-02 9.988019e-01 -2.241095e-02 -1.407036e+00 -9.982550e-01 4.435232e-02 3.898624e-02 8.779008e+01
4.472777e-02 1.890242e-02 9.988204e-01 1.522025e+01 4.379705e-02 9.988226e-01 -2.086372e-02 -1.431644e+00 -9.980387e-01 4.467857e-02 4.384723e-02 8.781244e+01
4.881806e-02 1.689870e-02 9.986647e-01 1.596407e+01 4.053716e-02 9.989995e-01 -1.888595e-02 -1.449040e+00 -9.979848e-01 4.140500e-02 4.808419e-02 8.785171e+01
5.254435e-02 1.577542e-02 9.984940e-01 1.674343e+01 3.952361e-02 9.990590e-01 -1.786422e-02 -1.472004e+00 -9.978362e-01 4.040275e-02 5.187140e-02 8.790497e+01
5.631649e-02 1.671409e-02 9.982731e-01 1.754681e+01 3.673027e-02 9.991484e-01 -1.880084e-02 -1.495107e+00 -9.977371e-01 3.772563e-02 5.565462e-02 8.797014e+01
5.948801e-02 2.058411e-02 9.980168e-01 1.834261e+01 3.461747e-02 9.991435e-01 -2.267076e-02 -1.526771e+00 -9.976286e-01 3.589746e-02 5.872449e-02 8.802084e+01
6.104589e-02 2.553470e-02 9.978083e-01 1.916809e+01 2.893721e-02 9.992073e-01 -2.734088e-02 -1.558867e+00 -9.977154e-01 3.054283e-02 6.025859e-02 8.808156e+01
6.076843e-02 2.862110e-02 9.977415e-01 1.996423e+01 2.618938e-02 9.991990e-01 -3.025800e-02 -1.581298e+00 -9.978083e-01 2.796896e-02 5.997019e-02 8.814046e+01
6.109280e-02 2.814914e-02 9.977351e-01 2.077289e+01 2.426836e-02 9.992648e-01 -2.967829e-02 -1.611152e+00 -9.978370e-01 2.602652e-02 6.036476e-02 8.819372e+01
6.132166e-02 2.656901e-02 9.977643e-01 2.158324e+01 2.114462e-02 9.993867e-01 -2.791174e-02 -1.644714e+00 -9.978940e-01 2.280895e-02 6.072227e-02 8.824666e+01
6.038665e-02 2.514675e-02 9.978582e-01 2.240449e+01 2.228136e-02 9.993995e-01 -2.653397e-02 -1.677864e+00 -9.979264e-01 2.383594e-02 5.979009e-02 8.831675e+01
6.060274e-02 2.474676e-02 9.978551e-01 2.321165e+01 1.981771e-02 9.994658e-01 -2.599029e-02 -1.709881e+00 -9.979652e-01 2.135028e-02 6.007994e-02 8.837372e+01
6.133458e-02 2.447025e-02 9.978173e-01 2.402437e+01 1.775229e-02 9.995146e-01 -2.560308e-02 -1.750871e+00 -9.979594e-01 1.928390e-02 6.087041e-02 8.842308e+01
6.105074e-02 2.534419e-02 9.978129e-01 2.483752e+01 1.463547e-02 9.995474e-01 -2.628371e-02 -1.783747e+00 -9.980274e-01 1.620810e-02 6.065218e-02 8.848748e+01
6.023351e-02 2.684262e-02 9.978234e-01 2.565412e+01 1.165408e-02 9.995513e-01 -2.759260e-02 -1.814945e+00 -9.981163e-01 1.329071e-02 5.989366e-02 8.853682e+01
5.690465e-02 2.612351e-02 9.980378e-01 2.646770e+01 8.215647e-03 9.996115e-01 -2.663313e-02 -1.853988e+00 -9.983458e-01 9.715075e-03 5.666792e-02 8.859737e+01
5.499477e-02 2.446293e-02 9.981869e-01 2.729869e+01 1.316373e-02 9.995952e-01 -2.522269e-02 -1.868661e+00 -9.983999e-01 1.452698e-02 5.465048e-02 8.859881e+01
5.017828e-02 2.235693e-02 9.984900e-01 2.809884e+01 1.131075e-02 9.996726e-01 -2.295182e-02 -1.892554e+00 -9.986762e-01 1.244535e-02 4.990898e-02 8.864688e+01
4.398400e-02 2.006639e-02 9.988307e-01 2.890406e+01 8.774550e-03 9.997519e-01 -2.047129e-02 -1.929663e+00 -9.989937e-01 9.664699e-03 4.379701e-02 8.867885e+01
3.693452e-02 2.020310e-02 9.991134e-01 2.969402e+01 7.936435e-03 9.997582e-01 -2.050953e-02 -1.960876e+00 -9.992862e-01 8.686908e-03 3.676525e-02 8.869646e+01
2.778685e-02 2.125441e-02 9.993879e-01 3.049745e+01 7.711556e-03 9.997396e-01 -2.147630e-02 -1.987347e+00 -9.995841e-01 8.303595e-03 2.761571e-02 8.873173e+01
1.758330e-02 2.173930e-02 9.996091e-01 3.130772e+01 7.928935e-03 9.997292e-01 -2.188139e-02 -2.011688e+00 -9.998140e-01 8.310582e-03 1.740617e-02 8.875258e+01
7.740340e-03 2.090642e-02 9.997514e-01 3.212782e+01 9.745828e-03 9.997324e-01 -2.098148e-02 -2.036155e+00 -9.999226e-01 9.905810e-03 7.534518e-03 8.875272e+01
-3.330118e-03 2.003179e-02 9.997938e-01 3.292201e+01 8.772663e-03 9.997615e-01 -2.000192e-02 -2.064068e+00 -9.999560e-01 8.704245e-03 -3.505056e-03 8.876492e+01
-1.528804e-02 1.971693e-02 9.996887e-01 3.374283e+01 1.054013e-02 9.997532e-01 -1.955701e-02 -2.078636e+00 -9.998276e-01 1.023786e-02 -1.549208e-02 8.877914e+01
-2.533565e-02 1.980007e-02 9.994829e-01 3.448784e+01 1.032956e-02 9.997556e-01 -1.954363e-02 -2.111428e+00 -9.996256e-01 9.829067e-03 -2.553398e-02 8.872874e+01
-3.730998e-02 2.027594e-02 9.990980e-01 3.527592e+01 1.014496e-02 9.997503e-01 -1.991033e-02 -2.143984e+00 -9.992523e-01 9.392951e-03 -3.750636e-02 8.872181e+01
-4.736060e-02 2.126448e-02 9.986515e-01 3.604628e+01 9.896681e-03 9.997343e-01 -2.081819e-02 -2.169901e+00 -9.988288e-01 8.897373e-03 -4.755846e-02 8.867764e+01
-5.749480e-02 2.246973e-02 9.980929e-01 3.681321e+01 1.092913e-02 9.997010e-01 -2.187636e-02 -2.197677e+00 -9.982860e-01 9.650506e-03 -5.772318e-02 8.862869e+01
-6.696775e-02 2.406495e-02 9.974649e-01 3.759237e+01 1.184011e-02 9.996579e-01 -2.332293e-02 -2.201522e+00 -9.976849e-01 1.024821e-02 -6.722976e-02 8.857658e+01
-7.738547e-02 2.417882e-02 9.967080e-01 3.837489e+01 1.127076e-02 9.996632e-01 -2.337543e-02 -2.233790e+00 -9.969375e-01 9.424736e-03 -7.763192e-02 8.851726e+01
-8.695842e-02 2.494433e-02 9.958996e-01 3.912641e+01 1.147164e-02 9.996452e-01 -2.403648e-02 -2.255720e+00 -9.961459e-01 9.334431e-03 -8.721372e-02 8.845528e+01
-9.530885e-02 2.429220e-02 9.951513e-01 3.985995e+01 1.239709e-02 9.996536e-01 -2.321479e-02 -2.285052e+00 -9.953706e-01 1.012440e-02 -9.557699e-02 8.838069e+01
-1.030754e-01 2.319204e-02 9.944031e-01 4.058954e+01 1.414005e-02 9.996613e-01 -2.184897e-02 -2.312625e+00 -9.945731e-01 1.180882e-02 -1.033684e-01 8.831065e+01
-1.081832e-01 2.153091e-02 9.938978e-01 4.130056e+01 1.717901e-02 9.996566e-01 -1.978577e-02 -2.337678e+00 -9.939826e-01 1.493369e-02 -1.085160e-01 8.823529e+01
-1.123030e-01 1.980688e-02 9.934766e-01 4.198661e+01 1.996276e-02 9.996445e-01 -1.767325e-02 -2.365861e+00 -9.934735e-01 1.784777e-02 -1.126585e-01 8.815339e+01
-1.157464e-01 1.878747e-02 9.931011e-01 4.268340e+01 2.132233e-02 9.996377e-01 -1.642600e-02 -2.390348e+00 -9.930499e-01 1.927398e-02 -1.161051e-01 8.808834e+01
-1.174755e-01 1.785955e-02 9.929152e-01 4.337093e+01 2.160067e-02 9.996477e-01 -1.542499e-02 -2.415228e+00 -9.928408e-01 1.963558e-02 -1.178199e-01 8.801485e+01
-1.175201e-01 1.839585e-02 9.929001e-01 4.403974e+01 2.215732e-02 9.996281e-01 -1.589795e-02 -2.433031e+00 -9.928233e-01 2.013168e-02 -1.178840e-01 8.792651e+01
-1.164287e-01 2.005587e-02 9.929965e-01 4.469976e+01 2.338673e-02 9.995742e-01 -1.744663e-02 -2.447244e+00 -9.929237e-01 2.119165e-02 -1.168482e-01 8.784531e+01
-1.132143e-01 2.195927e-02 9.933279e-01 4.532687e+01 2.483005e-02 9.995060e-01 -1.926585e-02 -2.464483e+00 -9.932603e-01 2.248322e-02 -1.137036e-01 8.776609e+01
-1.087842e-01 2.236992e-02 9.938136e-01 4.594776e+01 2.467630e-02 9.994994e-01 -1.979681e-02 -2.488492e+00 -9.937591e-01 2.237006e-02 -1.092817e-01 8.771849e+01
-1.007952e-01 2.332200e-02 9.946338e-01 4.654469e+01 2.490925e-02 9.994710e-01 -2.091115e-02 -2.504022e+00 -9.945953e-01 2.266784e-02 -1.013228e-01 8.766712e+01
-8.910128e-02 2.265863e-02 9.957648e-01 4.711966e+01 2.286978e-02 9.995242e-01 -2.069778e-02 -2.543286e+00 -9.957600e-01 2.092872e-02 -8.957708e-02 8.760797e+01
-7.512523e-02 2.285094e-02 9.969122e-01 4.765956e+01 2.186528e-02 9.995348e-01 -2.126333e-02 -2.568928e+00 -9.969344e-01 2.020035e-02 -7.558993e-02 8.757334e+01
-5.782695e-02 2.423952e-02 9.980323e-01 4.819521e+01 2.091863e-02 9.995151e-01 -2.306349e-02 -2.591982e+00 -9.981074e-01 1.954378e-02 -5.830597e-02 8.755499e+01
-3.644914e-02 2.639808e-02 9.989868e-01 4.873508e+01 1.868233e-02 9.994944e-01 -2.572985e-02 -2.624090e+00 -9.991609e-01 1.772556e-02 -3.692389e-02 8.754742e+01
-1.175238e-02 2.912613e-02 9.995067e-01 4.924811e+01 1.648097e-02 9.994456e-01 -2.893056e-02 -2.653836e+00 -9.997951e-01 1.613284e-02 -1.222589e-02 8.755114e+01
1.703526e-02 3.110838e-02 9.993708e-01 4.976789e+01 1.539922e-02 9.993892e-01 -3.137144e-02 -2.669814e+00 -9.997363e-01 1.592395e-02 1.654581e-02 8.757055e+01
5.085679e-02 3.079458e-02 9.982311e-01 5.024441e+01 1.330905e-02 9.994149e-01 -3.150915e-02 -2.691375e+00 -9.986173e-01 1.488796e-02 5.041718e-02 8.760477e+01
8.893254e-02 2.846812e-02 9.956307e-01 5.076816e+01 1.208572e-02 9.994870e-01 -2.965791e-02 -2.713052e+00 -9.959643e-01 1.467047e-02 8.854286e-02 8.767381e+01
1.313688e-01 2.508250e-02 9.910162e-01 5.127188e+01 1.049593e-02 9.995886e-01 -2.669080e-02 -2.728834e+00 -9.912780e-01 1.390798e-02 1.310515e-01 8.775710e+01
1.768048e-01 2.039306e-02 9.840347e-01 5.176542e+01 7.151698e-03 9.997323e-01 -2.200335e-02 -2.756001e+00 -9.842200e-01 1.092782e-02 1.766117e-01 8.787540e+01
2.251340e-01 1.736808e-02 9.741730e-01 5.226600e+01 2.157800e-03 9.998298e-01 -1.832418e-02 -2.770314e+00 -9.743254e-01 6.227466e-03 2.250582e-01 8.801956e+01
2.794054e-01 1.427282e-02 9.600672e-01 5.277354e+01 6.538577e-04 9.998865e-01 -1.505508e-02 -2.825968e+00 -9.601730e-01 4.834218e-03 2.793643e-01 8.812775e+01
3.340956e-01 1.346920e-02 9.424430e-01 5.322512e+01 -3.489365e-04 9.998996e-01 -1.416666e-02 -2.844378e+00 -9.425392e-01 4.404166e-03 3.340667e-01 8.832339e+01
3.926747e-01 1.370054e-02 9.195753e-01 5.367267e+01 2.474385e-03 9.998696e-01 -1.595343e-02 -2.859516e+00 -9.196741e-01 8.539895e-03 3.925897e-01 8.853252e+01
4.530652e-01 1.679576e-02 8.913192e-01 5.409246e+01 3.483719e-03 9.997815e-01 -2.061039e-02 -2.878015e+00 -8.914706e-01 1.244296e-02 4.529077e-01 8.877343e+01
5.118722e-01 2.097470e-02 8.588055e-01 5.447137e+01 3.965950e-03 9.996336e-01 -2.677797e-02 -2.887672e+00 -8.590525e-01 1.711288e-02 5.116014e-01 8.904851e+01
5.699444e-01 2.518108e-02 8.212973e-01 5.483630e+01 9.179390e-06 9.995301e-01 -3.065209e-02 -2.900986e+00 -8.216832e-01 1.747753e-02 5.696764e-01 8.935300e+01
6.259821e-01 2.801487e-02 7.793341e-01 5.517591e+01 -3.514642e-03 9.994457e-01 -3.310421e-02 -2.911527e+00 -7.798295e-01 1.798356e-02 6.257336e-01 8.967039e+01
6.787329e-01 2.940160e-02 7.337965e-01 5.549001e+01 -5.423766e-03 9.993717e-01 -3.502584e-02 -2.923867e+00 -7.343652e-01 1.979325e-02 6.784658e-01 9.001019e+01
7.275406e-01 2.736307e-02 6.855187e-01 5.577951e+01 -5.561525e-03 9.994067e-01 -3.398973e-02 -2.941167e+00 -6.860421e-01 2.091638e-02 7.272611e-01 9.036972e+01
7.727447e-01 2.414433e-02 6.342577e-01 5.603693e+01 -7.634782e-03 9.995575e-01 -2.874842e-02 -2.955917e+00 -6.346711e-01 1.737277e-02 7.725871e-01 9.074297e+01
8.139526e-01 1.931146e-02 5.806103e-01 5.627731e+01 -8.325907e-03 9.997324e-01 -2.157971e-02 -2.971716e+00 -5.808716e-01 1.273075e-02 8.138956e-01 9.114751e+01
8.499557e-01 1.723527e-02 5.265721e-01 5.647264e+01 -1.074525e-02 9.998240e-01 -1.538108e-02 -2.979441e+00 -5.267445e-01 7.415088e-03 8.499913e-01 9.156413e+01
8.805999e-01 1.291293e-02 4.736846e-01 5.663794e+01 -1.047571e-02 9.999148e-01 -7.783494e-03 -2.995698e+00 -4.737448e-01 1.891963e-03 8.806602e-01 9.196324e+01
9.054418e-01 1.577260e-02 4.241772e-01 5.684933e+01 -1.646641e-02 9.998624e-01 -2.029938e-03 -2.983946e+00 -4.241508e-01 -5.146683e-03 9.055769e-01 9.247136e+01
9.252948e-01 1.779595e-02 3.788308e-01 5.697857e+01 -1.983511e-02 9.998022e-01 1.480605e-03 -2.992443e+00 -3.787295e-01 -8.884147e-03 9.254647e-01 9.291280e+01
9.403768e-01 2.394920e-02 3.392904e-01 5.709007e+01 -2.703385e-02 9.996250e-01 4.367291e-03 -2.997952e+00 -3.390585e-01 -1.327922e-02 9.406716e-01 9.337394e+01
9.522305e-01 2.707062e-02 3.041779e-01 5.719778e+01 -2.960815e-02 9.995546e-01 3.732106e-03 -2.996847e+00 -3.039414e-01 -1.255997e-02 9.526079e-01 9.383279e+01
9.616159e-01 2.894042e-02 2.728689e-01 5.731591e+01 -3.115349e-02 9.995075e-01 3.780274e-03 -2.992646e+00 -2.726251e-01 -1.213599e-02 9.620438e-01 9.427504e+01
9.676635e-01 2.353188e-02 2.511445e-01 5.742514e+01 -2.528570e-02 9.996732e-01 3.758221e-03 -2.996045e+00 -2.509740e-01 -9.987058e-03 9.679423e-01 9.473846e+01
9.716133e-01 2.126109e-02 2.356174e-01 5.753403e+01 -2.303321e-02 9.997233e-01 4.771180e-03 -3.008271e+00 -2.354507e-01 -1.006277e-02 9.718342e-01 9.521812e+01
9.745874e-01 2.482926e-02 2.226274e-01 5.763536e+01 -2.648533e-02 9.996393e-01 4.455710e-03 -3.011095e+00 -2.224365e-01 -1.023884e-02 9.748934e-01 9.570377e+01
9.765928e-01 3.079599e-02 2.128806e-01 5.773028e+01 -3.263358e-02 9.994543e-01 5.122730e-03 -3.016882e+00 -2.126067e-01 -1.194988e-02 9.770648e-01 9.618102e+01
9.775321e-01 3.868170e-02 2.072069e-01 5.781632e+01 -4.036218e-02 9.991776e-01 3.887142e-03 -3.019030e+00 -2.068862e-01 -1.216313e-02 9.782894e-01 9.669205e+01
9.779997e-01 4.404645e-02 2.039029e-01 5.791605e+01 -4.501354e-02 9.989864e-01 1.050789e-04 -3.016573e+00 -2.036916e-01 -9.281159e-03 9.789911e-01 9.718998e+01
9.781926e-01 4.470178e-02 2.028327e-01 5.802170e+01 -4.511804e-02 9.989784e-01 -2.573456e-03 -3.020805e+00 -2.027405e-01 -6.634078e-03 9.792100e-01 9.772330e+01
9.776635e-01 4.359807e-02 2.056048e-01 5.813389e+01 -4.328353e-02 9.990447e-01 -6.029521e-03 -3.028598e+00 -2.056712e-01 -3.004456e-03 9.786165e-01 9.827604e+01
9.769180e-01 4.173587e-02 2.094977e-01 5.825371e+01 -3.995591e-02 9.991204e-01 -1.272330e-02 -3.029542e+00 -2.098444e-01 4.058945e-03 9.777263e-01 9.881942e+01
9.760683e-01 4.169164e-02 2.134303e-01 5.837843e+01 -3.882939e-02 9.990911e-01 -1.758708e-02 -3.036054e+00 -2.139696e-01 8.878818e-03 9.768000e-01 9.937641e+01
9.749709e-01 4.588459e-02 2.175460e-01 5.848757e+01 -4.320373e-02 9.989205e-01 -1.706619e-02 -3.054684e+00 -2.180942e-01 7.240241e-03 9.759008e-01 9.990218e+01
9.734899e-01 4.936102e-02 2.233402e-01 5.862656e+01 -4.766015e-02 9.987790e-01 -1.300291e-02 -3.063158e+00 -2.237093e-01 2.013771e-03 9.746538e-01 1.005328e+02
9.725384e-01 4.516460e-02 2.283181e-01 5.874338e+01 -4.441506e-02 9.989777e-01 -8.422792e-03 -3.072886e+00 -2.284651e-01 -1.949275e-03 9.735501e-01 1.011017e+02
9.718171e-01 4.137305e-02 2.320770e-01 5.889631e+01 -4.179772e-02 9.991213e-01 -3.089297e-03 -3.078999e+00 -2.320009e-01 -6.698058e-03 9.726925e-01 1.017170e+02
9.709685e-01 3.909568e-02 2.359908e-01 5.904044e+01 -4.061474e-02 9.991736e-01 1.577448e-03 -3.088974e+00 -2.357341e-01 -1.111636e-02 9.717540e-01 1.023360e+02
9.704747e-01 3.392038e-02 2.388060e-01 5.920229e+01 -3.542988e-02 9.993701e-01 2.030070e-03 -3.092991e+00 -2.385867e-01 -1.043100e-02 9.710652e-01 1.029720e+02
9.705949e-01 3.023291e-02 2.388128e-01 5.937415e+01 -3.092555e-02 9.995213e-01 -8.469563e-04 -3.106800e+00 -2.387241e-01 -6.563365e-03 9.710653e-01 1.036115e+02
9.707629e-01 2.949246e-02 2.382217e-01 5.954081e+01 -2.843501e-02 9.995646e-01 -7.874871e-03 -3.116983e+00 -2.383502e-01 8.707971e-04 9.711789e-01 1.042678e+02
9.710568e-01 3.119018e-02 2.368034e-01 5.971410e+01 -2.854515e-02 9.994860e-01 -1.459095e-02 -3.122064e+00 -2.371368e-01 7.409050e-03 9.714480e-01 1.049138e+02
9.715405e-01 3.409236e-02 2.344075e-01 5.986015e+01 -3.063536e-02 9.993618e-01 -1.837443e-02 -3.130688e+00 -2.348844e-01 1.067034e-02 9.719648e-01 1.055895e+02
9.722164e-01 3.277286e-02 2.317782e-01 6.001698e+01 -3.041881e-02 9.994430e-01 -1.372407e-02 -3.150485e+00 -2.320988e-01 6.292352e-03 9.726719e-01 1.062644e+02
9.726685e-01 2.850468e-02 2.304420e-01 6.018385e+01 -2.785132e-02 9.995936e-01 -6.088239e-03 -3.167091e+00 -2.305219e-01 -4.962783e-04 9.730670e-01 1.069682e+02
9.733251e-01 2.816222e-02 2.276955e-01 6.034824e+01 -2.890221e-02 9.995822e-01 -8.439236e-05 -3.182785e+00 -2.276027e-01 -6.498760e-03 9.737324e-01 1.076380e+02
9.736775e-01 3.179355e-02 2.257019e-01 6.051702e+01 -3.239271e-02 9.994746e-01 -1.049114e-03 -3.183883e+00 -2.256167e-01 -6.289600e-03 9.741958e-01 1.083573e+02
9.739621e-01 3.717474e-02 2.236422e-01 6.066062e+01 -3.686661e-02 9.993048e-01 -5.554448e-03 -3.194820e+00 -2.236932e-01 -2.835109e-03 9.746555e-01 1.090736e+02
9.745597e-01 3.664831e-02 2.211117e-01 6.084035e+01 -3.535636e-02 9.993267e-01 -9.799366e-03 -3.196767e+00 -2.213219e-01 1.732364e-03 9.751993e-01 1.099291e+02
9.753951e-01 3.544116e-02 2.175964e-01 6.099190e+01 -3.348194e-02 9.993588e-01 -1.268543e-02 -3.206592e+00 -2.179065e-01 5.087752e-03 9.759564e-01 1.106904e+02
9.764193e-01 3.319262e-02 2.133160e-01 6.117399e+01 -3.153250e-02 9.994402e-01 -1.118105e-02 -3.219063e+00 -2.135677e-01 4.191010e-03 9.769193e-01 1.114691e+02
9.772660e-01 2.947649e-02 2.099577e-01 6.133365e+01 -2.824472e-02 9.995617e-01 -8.863522e-03 -3.241095e+00 -2.101269e-01 2.731823e-03 9.776703e-01 1.122342e+02
9.776473e-01 2.872029e-02 2.082809e-01 6.149266e+01 -2.806899e-02 9.995875e-01 -6.082524e-03 -3.255051e+00 -2.083697e-01 1.003276e-04 9.780501e-01 1.130329e+02
9.779971e-01 2.510469e-02 2.071026e-01 6.166505e+01 -2.481488e-02 9.996841e-01 -3.997415e-03 -3.259783e+00 -2.071375e-01 -1.229765e-03 9.783111e-01 1.138625e+02
