1.000000e+00 0.000000e+00 0.000000e+00 0.000000e+00 0.000000e+00 1.000000e+00 0.000000e+00 0.000000e+00 0.000000e+00 0.000000e+00 1.000000e+00 0.000000e+00
9.999919e-01 -2.263724e-03 -3.331817e-03 -1.230654e-03 2.255567e-03 9.999945e-01 -2.449945e-03 -5.718544e-03 3.337345e-03 2.442410e-03 9.999915e-01 6.777598e-01
9.999738e-01 -6.288327e-04 -7.210973e-03 -2.234702e-02 5.992747e-04 9.999914e-01 -4.100456e-03 -9.127353e-03 7.213489e-03 4.096027e-03 9.999656e-01 1.376128e+00
9.999359e-01 -9.570569e-04 -1.128343e-02 -3.463015e-02 8.937757e-04 9.999838e-01 -5.612041e-03 -1.294030e-02 1.128862e-02 5.601597e-03 9.999206e-01 2.097134e+00
9.998654e-01 6.376766e-04 -1.639684e-02 -5.099141e-02 -7.416493e-04 9.999797e-01 -6.335719e-03 -1.785526e-02 1.639247e-02 6.347027e-03 9.998455e-01 2.829573e+00
9.997792e-01 -7.174532e-04 -2.100225e-02 -6.796531e-02 5.834950e-04 9.999794e-01 -6.383716e-03 -3.047555e-02 2.100639e-02 6.370051e-03 9.997590e-01 3.584066e+00
9.996725e-01 1.091356e-03 -2.556942e-02 -9.979025e-02 -1.285042e-03 9.999706e-01 -7.559725e-03 -4.147425e-02 2.556041e-02 7.590107e-03 9.996445e-01 4.353329e+00
9.995069e-01 3.279958e-03 -3.122792e-02 -1.186029e-01 -3.533845e-03 9.999611e-01 -8.078395e-03 -5.452674e-02 3.120021e-02 8.184766e-03 9.994797e-01 5.129899e+00
9.993663e-01 3.937817e-03 -3.537538e-02 -1.565989e-01 -4.185501e-03 9.999672e-01 -6.930277e-03 -5.777576e-02 3.534693e-02 7.073949e-03 9.993501e-01 5.911938e+00
9.992088e-01 3.318857e-03 -3.963313e-02 -1.979765e-01 -3.497628e-03 9.999840e-01 -4.442151e-03 -6.316006e-02 3.961775e-02 4.577259e-03 9.992044e-01 6.702142e+00
9.990634e-01 3.197307e-03 -4.315337e-02 -2.283536e-01 -3.272993e-03 9.999932e-01 -1.683344e-03 -7.801330e-02 4.314769e-02 1.823009e-03 9.990671e-01 7.481154e+00
9.989467e-01 5.036191e-03 -4.560824e-02 -2.712789e-01 -5.174717e-03 9.999824e-01 -2.919769e-03 -7.896236e-02 4.559273e-02 3.152703e-03 9.989551e-01 8.291203e+00
9.988424e-01 4.083312e-03 -4.792844e-02 -3.145656e-01 -4.197361e-03 9.999886e-01 -2.279157e-03 -1.011425e-01 4.791859e-02 2.477692e-03 9.988482e-01 9.111756e+00
9.987848e-01 1.528261e-03 -4.925981e-02 -3.629889e-01 -1.683950e-03 9.999937e-01 -3.119230e-03 -1.085322e-01 4.925473e-02 3.198390e-03 9.987811e-01 9.922892e+00
9.987003e-01 1.952100e-03 -5.092980e-02 -4.215703e-01 -2.065490e-03 9.999955e-01 -2.173868e-03 -1.219436e-01 5.092533e-02 2.276237e-03 9.986998e-01 1.075844e+01
9.986058e-01 2.807566e-04 -5.278535e-02 -4.596644e-01 -4.030425e-04 9.999973e-01 -2.306033e-03 -1.367013e-01 5.278456e-02 2.324093e-03 9.986032e-01 1.159471e+01
9.985257e-01 3.626257e-04 -5.427900e-02 -5.005360e-01 -5.609018e-04 9.999932e-01 -3.637716e-03 -1.319830e-01 5.427732e-02 3.662799e-03 9.985192e-01 1.250264e+01
9.984574e-01 7.122599e-04 -5.551823e-02 -5.615874e-01 -1.061302e-03 9.999799e-01 -6.257753e-03 -1.432464e-01 5.551265e-02 6.307022e-03 9.984381e-01 1.336958e+01
9.983332e-01 4.097722e-03 -5.756771e-02 -6.107342e-01 -4.517769e-03 9.999641e-01 -7.168335e-03 -1.653632e-01 5.753627e-02 7.416464e-03 9.983159e-01 1.424393e+01
9.982811e-01 5.366239e-03 -5.836170e-02 -6.740788e-01 -5.792729e-03 9.999577e-01 -7.140970e-03 -1.731781e-01 5.832091e-02 7.466769e-03 9.982700e-01 1.513049e+01
9.982014e-01 4.052051e-03 -5.981231e-02 -7.293202e-01 -4.385281e-03 9.999756e-01 -5.441043e-03 -1.887943e-01 5.978880e-02 5.693551e-03 9.981948e-01 1.601824e+01
9.981182e-01 4.959039e-03 -6.111792e-02 -7.960796e-01 -5.213258e-03 9.999784e-01 -4.000721e-03 -2.012627e-01 6.109677e-02 4.311817e-03 9.981225e-01 1.692106e+01
9.980528e-01 4.771438e-03 -6.219176e-02 -8.568900e-01 -5.024227e-03 9.999797e-01 -3.908922e-03 -2.180574e-01 6.217185e-02 4.213776e-03 9.980566e-01 1.781314e+01
9.979428e-01 4.785758e-03 -6.393165e-02 -9.206381e-01 -5.087729e-03 9.999766e-01 -4.561380e-03 -2.356845e-01 6.390832e-02 4.877263e-03 9.979439e-01 1.872587e+01
9.979022e-01 3.342610e-03 -6.465286e-02 -9.924666e-01 -3.706351e-03 9.999779e-01 -5.506949e-03 -2.453643e-01 6.463303e-02 5.735022e-03 9.978926e-01 1.962172e+01
9.978796e-01 2.980511e-03 -6.501842e-02 -1.064726e+00 -3.223141e-03 9.999882e-01 -3.627144e-03 -2.603740e-01 6.500684e-02 3.829017e-03 9.978775e-01 2.053201e+01
9.978793e-01 4.761005e-03 -6.491754e-02 -1.132830e+00 -4.781410e-03 9.999886e-01 -1.589603e-04 -2.698950e-01 6.491604e-02 4.690206e-04 9.978906e-01 2.145816e+01
9.979538e-01 5.291145e-03 -6.371949e-02 -1.209751e+00 -5.071631e-03 9.999806e-01 3.606264e-03 -2.828458e-01 6.373733e-02 -3.275723e-03 9.979613e-01 2.239084e+01
9.980130e-01 3.195830e-03 -6.292701e-02 -1.231923e+00 -2.741643e-03 9.999696e-01 7.302709e-03 -2.842026e-01 6.294843e-02 -7.115676e-03 9.979914e-01 2.331701e+01
9.981221e-01 3.708120e-03 -6.114395e-02 -1.299680e+00 -3.234235e-03 9.999640e-01 7.847469e-03 -2.846989e-01 6.117085e-02 -7.634978e-03 9.980981e-01 2.426311e+01
9.981863e-01 3.801561e-03 -6.008090e-02 -1.350258e+00 -3.498986e-03 9.999807e-01 5.140534e-03 -2.861424e-01 6.009929e-02 -4.920988e-03 9.981803e-01 2.521439e+01
9.982467e-01 4.971527e-03 -5.898215e-02 -1.408643e+00 -4.952825e-03 9.999876e-01 4.632818e-04 -2.944723e-01 5.898372e-02 -1.703412e-04 9.982589e-01 2.615642e+01
9.983068e-01 4.222663e-03 -5.801431e-02 -1.467202e+00 -4.375909e-03 9.999872e-01 -2.514740e-03 -3.045211e-01 5.800295e-02 2.764347e-03 9.983126e-01 2.712403e+01
9.983404e-01 2.089876e-03 -5.755005e-02 -1.516554e+00 -2.187925e-03 9.999962e-01 -1.640760e-03 -3.096957e-01 5.754641e-02 1.763952e-03 9.983413e-01 2.810193e+01
9.983545e-01 3.352069e-04 -5.734273e-02 -1.581192e+00 -1.436832e-04 9.999944e-01 3.344072e-03 -3.180487e-01 5.734353e-02 -3.330331e-03 9.983490e-01 2.903996e+01
9.983254e-01 -3.149970e-03 -5.776243e-02 -1.643280e+00 3.558527e-03 9.999694e-01 6.971556e-03 -3.362800e-01 5.773870e-02 -7.165430e-03 9.983060e-01 3.001276e+01
9.982003e-01 -1.005914e-02 -5.911786e-02 -1.684383e+00 1.043461e-02 9.999273e-01 6.045775e-03 -3.422623e-01 5.905274e-02 -6.651766e-03 9.982327e-01 3.100044e+01
9.981486e-01 -1.150109e-02 -5.972541e-02 -1.762442e+00 1.166806e-02 9.999290e-01 2.447734e-03 -3.506203e-01 5.969301e-02 -3.140082e-03 9.982119e-01 3.191019e+01
9.980928e-01 -1.071236e-02 -6.079439e-02 -1.829107e+00 1.063585e-02 9.999422e-01 -1.581962e-03 -3.602711e-01 6.080783e-02 9.323442e-04 9.981490e-01 3.288147e+01
9.979309e-01 -9.559811e-03 -6.358145e-02 -1.881607e+00 9.447505e-03 9.999532e-01 -2.066763e-03 -3.761972e-01 6.359824e-02 1.461801e-03 9.979745e-01 3.386386e+01
9.979057e-01 -9.605847e-03 -6.396823e-02 -1.950509e+00 9.609341e-03 9.999538e-01 -2.530579e-04 -3.932381e-01 6.396770e-02 -3.621646e-04 9.979519e-01 3.484362e+01
9.978679e-01 -6.372400e-03 -6.495359e-02 -2.032216e+00 6.540107e-03 9.999758e-01 2.369646e-03 -4.034479e-01 6.493691e-02 -2.789398e-03 9.978855e-01 3.581635e+01
9.978165e-01 -6.644773e-03 -6.571177e-02 -2.106579e+00 6.896195e-03 9.999697e-01 3.600047e-03 -4.089596e-01 6.568587e-02 -4.045348e-03 9.978322e-01 3.677393e+01
9.977393e-01 -5.324868e-03 -6.699216e-02 -2.175051e+00 5.739117e-03 9.999655e-01 5.992613e-03 -4.102892e-01 6.695794e-02 -6.363542e-03 9.977355e-01 3.775535e+01
9.976948e-01 -5.389960e-03 -6.764625e-02 -2.221368e+00 6.034139e-03 9.999384e-01 9.322039e-03 -4.229132e-01 6.759183e-02 -9.708737e-03 9.976658e-01 3.870470e+01
9.976184e-01 -1.199539e-03 -6.896359e-02 -2.261611e+00 1.988200e-03 9.999334e-01 1.136840e-02 -4.079466e-01 6.894537e-02 -1.147844e-02 9.975544e-01 3.965540e+01
9.975888e-01 -1.540700e-03 -6.938434e-02 -2.330891e+00 2.274775e-03 9.999422e-01 1.050207e-02 -4.013591e-01 6.936415e-02 -1.063458e-02 9.975347e-01 4.063272e+01
9.975693e-01 -7.892465e-04 -6.967761e-02 -2.391454e+00 1.412708e-03 9.999594e-01 8.898984e-03 -4.100157e-01 6.966776e-02 -8.975786e-03 9.975299e-01 4.161111e+01
9.975932e-01 1.417430e-03 -6.932437e-02 -2.483578e+00 -9.207077e-04 9.999737e-01 7.196615e-03 -4.224723e-01 6.933274e-02 -7.115466e-03 9.975682e-01 4.259491e+01
9.975873e-01 1.273801e-03 -6.941225e-02 -2.576065e+00 -7.947118e-04 9.999757e-01 6.929265e-03 -4.249524e-01 6.941938e-02 -6.857384e-03 9.975640e-01 4.357782e+01
9.974521e-01 -7.776832e-04 -7.133537e-02 -2.642087e+00 1.383573e-03 9.999634e-01 8.444523e-03 -4.408019e-01 7.132619e-02 -8.521704e-03 9.974166e-01 4.457728e+01
9.974211e-01 -2.516181e-04 -7.177160e-02 -2.725028e+00 9.388069e-04 9.999540e-01 9.541090e-03 -4.464646e-01 7.176590e-02 -9.583863e-03 9.973755e-01 4.554865e+01
9.974257e-01 2.255188e-03 -7.167264e-02 -2.811814e+00 -1.837541e-03 9.999809e-01 5.892546e-03 -4.543741e-01 7.168456e-02 -5.745675e-03 9.974108e-01 4.651429e+01
9.973338e-01 3.190653e-03 -7.290418e-02 -2.879669e+00 -3.063659e-03 9.999936e-01 1.853696e-03 -4.635791e-01 7.290963e-02 -1.625400e-03 9.973372e-01 4.745575e+01
9.972607e-01 4.130773e-03 -7.385159e-02 -2.960996e+00 -4.097234e-03 9.999914e-01 6.056391e-04 -4.678984e-01 7.385346e-02 -3.013929e-04 9.972690e-01 4.842720e+01
9.972432e-01 2.999323e-03 -7.414141e-02 -3.045371e+00 -2.714791e-03 9.999886e-01 3.938179e-03 -4.771007e-01 7.415237e-02 -3.726044e-03 9.972399e-01 4.936547e+01
9.972746e-01 1.400847e-03 -7.376653e-02 -3.131722e+00 -8.901636e-04 9.999754e-01 6.955391e-03 -4.840139e-01 7.377446e-02 -6.870770e-03 9.972513e-01 5.033691e+01
9.972444e-01 -1.572092e-04 -7.418620e-02 -3.196674e+00 7.295015e-04 9.999702e-01 7.687236e-03 -4.965758e-01 7.418277e-02 -7.720172e-03 9.972148e-01 5.128409e+01
9.971979e-01 -3.075561e-03 -7.474481e-02 -3.267377e+00 3.553061e-03 9.999741e-01 6.256269e-03 -4.956056e-01 7.472364e-02 -6.504312e-03 9.971831e-01 5.220531e+01
9.972742e-01 -5.637947e-03 -7.356960e-02 -3.378644e+00 6.032260e-03 9.999686e-01 5.138624e-03 -5.036476e-01 7.353832e-02 -5.568408e-03 9.972768e-01 5.310564e+01
9.971747e-01 -6.843430e-03 -7.480540e-02 -3.442075e+00 7.318295e-03 9.999548e-01 6.075734e-03 -5.119753e-01 7.476044e-02 -6.606016e-03 9.971796e-01 5.405167e+01
9.971009e-01 -9.928912e-03 -7.543996e-02 -3.531974e+00 1.076279e-02 9.998853e-01 1.065507e-02 -5.218759e-01 7.532551e-02 -1.143613e-02 9.970934e-01 5.500130e+01
9.970705e-01 -1.097929e-02 -7.569626e-02 -3.618122e+00 1.218308e-02 9.998063e-01 1.545952e-02 -5.188130e-01 7.551187e-02 -1.633644e-02 9.970111e-01 5.592998e+01
9.970736e-01 -9.072587e-03 -7.590748e-02 -3.713301e+00 1.041105e-02 9.997969e-01 1.725568e-02 -5.142896e-01 7.573551e-02 -1.799546e-02 9.969655e-01 5.686274e+01
9.968950e-01 -1.144850e-02 -7.790533e-02 -3.766448e+00 1.255293e-02 9.998273e-01 1.370167e-02 -5.284451e-01 7.773501e-02 -1.463707e-02 9.968666e-01 5.790828e+01
9.968315e-01 -1.048072e-02 -7.884876e-02 -3.856592e+00 1.100422e-02 9.999202e-01 6.207700e-03 -5.303244e-01 7.877740e-02 -7.055700e-03 9.968672e-01 5.882093e+01
9.967536e-01 -8.880215e-03 -8.002121e-02 -3.929035e+00 9.026400e-03 9.999582e-01 1.465278e-03 -5.353121e-01 8.000486e-02 -2.182825e-03 9.967921e-01 5.973284e+01
9.967410e-01 -3.640635e-03 -8.058588e-02 -4.027829e+00 3.823244e-03 9.999905e-01 2.111842e-03 -5.446069e-01 8.057743e-02 -2.413059e-03 9.967454e-01 6.063707e+01
9.966480e-01 -3.851483e-04 -8.180874e-02 -4.116684e+00 7.617661e-04 9.999893e-01 4.572476e-03 -5.578474e-01 8.180609e-02 -4.619468e-03 9.966376e-01 6.152129e+01
9.965740e-01 3.259792e-03 -8.264115e-02 -4.190838e+00 -2.727562e-03 9.999748e-01 6.552337e-03 -5.860421e-01 8.266043e-02 -6.304481e-03 9.965578e-01 6.236568e+01
9.964516e-01 4.011207e-03 -8.407274e-02 -4.243460e+00 -3.442919e-03 9.999703e-01 6.903374e-03 -6.054689e-01 8.409793e-02 -6.589422e-03 9.964357e-01 6.314064e+01
9.963241e-01 6.191742e-03 -8.544023e-02 -4.330314e+00 -5.566418e-03 9.999560e-01 7.555134e-03 -6.170490e-01 8.548325e-02 -7.051766e-03 9.963146e-01 6.398370e+01
9.961426e-01 7.380640e-03 -8.743829e-02 -4.377010e+00 -6.634912e-03 9.999391e-01 8.816196e-03 -6.462401e-01 8.749804e-02 -8.202042e-03 9.961309e-01 6.479260e+01
9.960263e-01 6.836501e-03 -8.879671e-02 -4.446003e+00 -6.022304e-03 9.999374e-01 9.433905e-03 -6.563148e-01 8.885564e-02 -8.861656e-03 9.960051e-01 6.559418e+01
9.959624e-01 7.373922e-03 -8.946849e-02 -4.550456e+00 -6.436320e-03 9.999214e-01 1.076367e-02 -6.726736e-01 8.954082e-02 -1.014436e-02 9.959315e-01 6.639220e+01
9.957988e-01 9.700754e-03 -9.105295e-02 -4.621399e+00 -8.521349e-03 9.998748e-01 1.333280e-02 -6.671196e-01 9.117089e-02 -1.250089e-02 9.957568e-01 6.717454e+01
9.956382e-01 1.080649e-02 -9.267065e-02 -4.665930e+00 -9.179528e-03 9.997965e-01 1.796468e-02 -6.796741e-01 9.284592e-02 -1.703565e-02 9.955347e-01 6.791604e+01
9.954883e-01 1.445397e-02 -9.377693e-02 -4.763056e+00 -1.268866e-02 9.997314e-01 1.939356e-02 -6.770264e-01 9.403206e-02 -1.811616e-02 9.954043e-01 6.866490e+01
9.952976e-01 1.711772e-02 -9.534058e-02 -4.828016e+00 -1.569568e-02 9.997544e-01 1.564536e-02 -6.899059e-01 9.558498e-02 -1.407535e-02 9.953218e-01 6.940347e+01
9.951999e-01 1.755643e-02 -9.627519e-02 -4.921598e+00 -1.684346e-02 9.998244e-01 8.213354e-03 -6.896020e-01 9.640247e-02 -6.552323e-03 9.953209e-01 7.013120e+01
9.950053e-01 1.676988e-02 -9.840307e-02 -4.969207e+00 -1.660512e-02 9.998590e-01 2.493129e-03 -6.996645e-01 9.843101e-02 -8.466817e-04 9.951435e-01 7.081610e+01
9.949647e-01 1.726441e-02 -9.872799e-02 -5.039078e+00 -1.726337e-02 9.998506e-01 8.649121e-04 -6.877095e-01 9.872817e-02 8.438207e-04 9.951141e-01 7.148779e+01
9.948090e-01 2.030802e-02 -9.971283e-02 -5.132955e+00 -1.993351e-02 9.997900e-01 4.750833e-03 -7.047628e-01 9.978837e-02 -2.738545e-03 9.950049e-01 7.219649e+01
9.945837e-01 2.058265e-02 -1.018806e-01 -5.190139e+00 -1.997502e-02 9.997761e-01 6.980834e-03 -7.160844e-01 1.020015e-01 -4.907956e-03 9.947721e-01 7.285738e+01
9.945551e-01 1.725510e-02 -1.027736e-01 -5.259587e+00 -1.694361e-02 9.998488e-01 3.903097e-03 -7.316917e-01 1.028254e-01 -2.140488e-03 9.946971e-01 7.349946e+01
9.946150e-01 9.025110e-03 -1.032451e-01 -5.310453e+00 -9.230754e-03 9.999563e-01 -1.514185e-03 -7.370624e-01 1.032269e-01 2.459061e-03 9.946548e-01 7.411386e+01
9.947680e-01 5.092449e-03 -1.020324e-01 -5.377394e+00 -5.783922e-03 9.999623e-01 -6.482292e-03 -7.422771e-01 1.019956e-01 7.038524e-03 9.947600e-01 7.472683e+01
9.951285e-01 7.739556e-03 -9.828175e-02 -5.462923e+00 -8.452847e-03 9.999409e-01 -6.843294e-03 -7.502099e-01 9.822297e-02 7.640717e-03 9.951351e-01 7.531104e+01
9.954754e-01 1.252639e-02 -9.419052e-02 -5.522036e+00 -1.296335e-02 9.999079e-01 -4.028651e-03 -7.589955e-01 9.413138e-02 5.231448e-03 9.955460e-01 7.588734e+01
9.959493e-01 1.084736e-02 -8.925941e-02 -5.580869e+00 -1.092669e-02 9.999402e-01 -4.002044e-04 -7.793494e-01 8.924973e-02 1.373894e-03 9.960083e-01 7.645123e+01
9.964819e-01 7.165192e-03 -8.350170e-02 -5.617689e+00 -6.881830e-03 9.999695e-01 3.680819e-03 -7.835032e-01 8.352553e-02 -3.093224e-03 9.965008e-01 7.700346e+01
9.971074e-01 1.444612e-03 -7.599106e-02 -5.582620e+00 -8.772759e-04 9.999715e-01 7.498679e-03 -7.648650e-01 7.599972e-02 -7.410324e-03 9.970803e-01 7.762039e+01
9.978586e-01 5.293553e-03 -6.519298e-02 -5.618652e+00 -4.839799e-03 9.999630e-01 7.116118e-03 -7.657253e-01 6.522824e-02 -6.785360e-03 9.978473e-01 7.813201e+01
9.986830e-01 1.021152e-02 -5.027803e-02 -5.642360e+00 -9.892263e-03 9.999293e-01 6.594532e-03 -7.734448e-01 5.034181e-02 -6.088484e-03 9.987135e-01 7.863502e+01
9.993482e-01 1.545327e-02 -3.262418e-02 -5.648403e+00 -1.522549e-02 9.998580e-01 7.218658e-03 -7.784595e-01 3.273110e-02 -6.717233e-03 9.994416e-01 7.912684e+01
9.998514e-01 1.391672e-02 -1.017414e-02 -5.644488e+00 -1.384063e-02 9.998760e-01 7.511097e-03 -7.765548e-01 1.027741e-02 -7.369163e-03 9.999200e-01 7.961194e+01
9.998164e-01 1.070354e-02 1.589493e-02 -5.612977e+00 -1.084168e-02 9.999040e-01 8.630061e-03 -7.846860e-01 -1.580103e-02 -8.800804e-03 9.998364e-01 8.007861e+01
9.989334e-01 9.308016e-03 4.522618e-02 -5.564791e+00 -9.785980e-03 9.998985e-01 1.035842e-02 -7.924805e-01 -4.512517e-02 -1.078995e-02 9.989231e-01 8.053732e+01
9.968726e-01 9.144747e-03 7.849454e-02 -5.511943e+00 -1.008178e-02 9.998825e-01 1.154955e-02 -7.943561e-01 -7.837970e-02 -1.230480e-02 9.968476e-01 8.098549e+01
9.932739e-01 8.894800e-03 1.154461e-01 -5.427971e+00 -1.040271e-02 9.998682e-01 1.246568e-02 -8.034424e-01 -1.153200e-01 -1.358278e-02 9.932355e-01 8.142045e+01
9.875296e-01 8.727310e-03 1.571913e-01 -5.334247e+00 -1.081053e-02 9.998646e-01 1.240266e-02 -8.070629e-01 -1.570618e-01 -1.394732e-02 9.874903e-01 8.185489e+01
9.792263e-01 8.872364e-03 2.025762e-01 -5.227773e+00 -1.162650e-02 9.998554e-01 1.240961e-02 -8.104036e-01 -2.024368e-01 -1.450707e-02 9.791878e-01 8.226415e+01
9.677689e-01 1.022581e-02 2.516321e-01 -5.097471e+00 -1.329672e-02 9.998564e-01 1.050668e-02 -8.235151e-01 -2.514885e-01 -1.351392e-02 9.677659e-01 8.267019e+01
9.523947e-01 1.189434e-02 3.046356e-01 -4.940590e+00 -1.493838e-02 9.998590e-01 7.663477e-03 -8.287725e-01 -3.045015e-01 -1.184942e-02 9.524382e-01 8.305074e+01
9.330260e-01 1.112467e-02 3.596370e-01 -4.753875e+00 -1.409300e-02 9.998848e-01 5.632759e-03 -8.385261e-01 -3.595329e-01 -1.032387e-02 9.330753e-01 8.341052e+01
9.085888e-01 1.217325e-02 4.175144e-01 -4.567216e+00 -1.503120e-02 9.998807e-01 3.557692e-03 -8.415569e-01 -4.174213e-01 -9.508223e-03 9.086633e-01 8.376345e+01
8.798006e-01 1.194429e-02 4.751930e-01 -4.349788e+00 -1.437355e-02 9.998956e-01 1.478993e-03 -8.469543e-01 -4.751257e-01 -8.131427e-03 8.798804e-01 8.408067e+01
8.463565e-01 1.054951e-02 5.325123e-01 -4.111576e+00 -1.184433e-02 9.999294e-01 -9.844674e-04 -8.496632e-01 -5.324851e-01 -5.474042e-03 8.464217e-01 8.438824e+01
8.097550e-01 1.040365e-02 5.866759e-01 -3.849266e+00 -1.154978e-02 9.999317e-01 -1.790498e-03 -8.626481e-01 -5.866545e-01 -5.326115e-03 8.098198e-01 8.467490e+01
7.696534e-01 9.689589e-03 6.383884e-01 -3.568007e+00 -1.163546e-02 9.999316e-01 -1.149230e-03 -8.713044e-01 -6.383559e-01 -6.543434e-03 7.697135e-01 8.495932e+01
7.269511e-01 9.629862e-03 6.866217e-01 -3.277184e+00 -1.284538e-02 9.999174e-01 -4.239667e-04 -8.672381e-01 -6.865691e-01 -8.511714e-03 7.270147e-01 8.521066e+01
6.814887e-01 8.977719e-03 7.317736e-01 -2.975088e+00 -1.251519e-02 9.999215e-01 -6.122874e-04 -8.676070e-01 -7.317216e-01 -8.741015e-03 6.815476e-01 8.544148e+01
6.347404e-01 7.783141e-03 7.726863e-01 -2.660626e+00 -9.205750e-03 9.999545e-01 -2.510107e-03 -8.718572e-01 -7.726706e-01 -5.519891e-03 6.347831e-01 8.564932e+01
5.886175e-01 5.408312e-03 8.083936e-01 -2.330964e+00 -3.834688e-03 9.999850e-01 -3.897936e-03 -8.742251e-01 -8.084026e-01 -8.055441e-04 5.886294e-01 8.581541e+01
5.416424e-01 7.880321e-03 8.405721e-01 -2.007056e+00 -5.935985e-03 9.999670e-01 -5.549649e-03 -8.773698e-01 -8.405880e-01 -1.983698e-03 5.416713e-01 8.598540e+01
4.942505e-01 1.061509e-02 8.692547e-01 -1.683628e+00 -9.266324e-03 9.999329e-01 -6.942140e-03 -8.861861e-01 -8.692701e-01 -4.623639e-03 4.943157e-01 8.613543e+01
4.484400e-01 1.267924e-02 8.937230e-01 -1.341882e+00 -1.139490e-02 9.998992e-01 -8.467980e-03 -9.048914e-01 -8.937403e-01 -6.386507e-03 4.485393e-01 8.627917e+01
4.062607e-01 1.021055e-02 9.137002e-01 -9.977881e-01 -3.611664e-03 9.999477e-01 -9.568495e-03 -9.048910e-01 -9.137501e-01 5.873257e-04 4.062764e-01 8.638293e+01
3.651449e-01 2.416035e-03 9.309476e-01 -6.394957e-01 1.063906e-02 9.999205e-01 -6.767986e-03 -9.214037e-01 -9.308899e-01 1.237570e-02 3.650901e-01 8.653615e+01
3.298309e-01 -1.045962e-03 9.440394e-01 -2.653154e-01 1.381388e-02 9.998977e-01 -3.718478e-03 -9.252731e-01 -9.439389e-01 1.426732e-02 3.298116e-01 8.662745e+01
2.968035e-01 3.228491e-03 9.549331e-01 7.108892e-02 1.155065e-02 9.999090e-01 -6.970616e-03 -9.267058e-01 -9.548687e-01 1.309900e-02 2.967392e-01 8.671370e+01
2.655909e-01 1.059359e-02 9.640276e-01 4.552366e-01 1.036609e-03 9.999359e-01 -1.127377e-02 -9.404786e-01 -9.640853e-01 3.993531e-03 2.655630e-01 8.681767e+01
2.375851e-01 1.494881e-02 9.712517e-01 8.481813e-01 -3.517675e-03 9.998882e-01 -1.452908e-02 -9.582427e-01 -9.713604e-01 3.534367e-05 2.376111e-01 8.690495e+01
2.121596e-01 1.690418e-02 9.770888e-01 1.234796e+00 -2.040420e-03 9.998559e-01 -1.685501e-02 -9.672786e-01 -9.772329e-01 1.582280e-03 2.121635e-01 8.696426e+01
1.886854e-01 1.792815e-02 9.818739e-01 1.636251e+00 4.566656e-03 9.998065e-01 -1.913315e-02 -9.843152e-01 -9.820270e-01 8.094028e-03 1.885670e-01 8.701677e+01
1.686321e-01 2.441105e-02 9.853767e-01 2.045730e+00 1.223341e-02 9.995645e-01 -2.685608e-02 -9.792711e-01 -9.856032e-01 1.658331e-02 1.682600e-01 8.705580e+01
1.488059e-01 3.090322e-02 9.883834e-01 2.491167e+00 1.544501e-02 9.993170e-01 -3.357039e-02 -9.824836e-01 -9.887458e-01 2.026106e-02 1.482270e-01 8.711480e+01
1.317174e-01 3.206599e-02 9.907686e-01 2.902430e+00 1.270205e-02 9.993400e-01 -3.403208e-02 -9.892384e-01 -9.912059e-01 1.706741e-02 1.312232e-01 8.714967e+01
1.161744e-01 2.748822e-02 9.928484e-01 3.360835e+00 1.134810e-02 9.995150e-01 -2.900065e-02 -1.013056e+00 -9.931640e-01 1.463607e-02 1.158061e-01 8.720143e+01
1.017765e-01 2.424251e-02 9.945118e-01 3.826726e+00 1.092923e-02 9.996154e-01 -2.548540e-02 -1.037838e+00 -9.947472e-01 1.346306e-02 1.014724e-01 8.724338e+01
8.852440e-02 2.148252e-02 9.958423e-01 4.312005e+00 1.464445e-02 9.996313e-01 -2.286606e-02 -1.055925e+00 -9.959664e-01 1.660776e-02 8.817716e-02 8.727857e+01
7.688984e-02 2.096581e-02 9.968191e-01 4.868134e+00 1.793439e-02 9.995881e-01 -2.240742e-02 -1.061254e+00 -9.968783e-01 1.960024e-02 7.648216e-02 8.731325e+01
6.644028e-02 2.159639e-02 9.975567e-01 5.378871e+00 2.097794e-02 9.995145e-01 -2.303597e-02 -1.074880e+00 -9.975699e-01 2.245720e-02 6.595498e-02 8.734264e+01
5.863881e-02 2.198841e-02 9.980371e-01 5.910149e+00 2.369414e-02 9.994451e-01 -2.341156e-02 -1.091389e+00 -9.979981e-01 2.502045e-02 5.808527e-02 8.736739e+01
5.337404e-02 2.248189e-02 9.983215e-01 6.436000e+00 2.522088e-02 9.993973e-01 -2.385452e-02 -1.108578e+00 -9.982560e-01 2.645176e-02 5.277486e-02 8.738183e+01
4.737517e-02 2.353450e-02 9.985999e-01 7.023301e+00 2.578731e-02 9.993604e-01 -2.477581e-02 -1.122775e+00 -9.985442e-01 2.692496e-02 4.673798e-02 8.742540e+01
4.158217e-02 2.430560e-02 9.988394e-01 7.603451e+00 2.690362e-02 9.993143e-01 -2.543717e-02 -1.138607e+00 -9.987728e-01 2.793013e-02 4.089975e-02 8.744077e+01
3.710405e-02 2.440977e-02 9.990132e-01 8.191641e+00 2.890613e-02 9.992571e-01 -2.548932e-02 -1.154634e+00 -9.988933e-01 2.982337e-02 3.637089e-02 8.746061e+01
3.475043e-02 2.411583e-02 9.991050e-01 8.829520e+00 3.122470e-02 9.991946e-01 -2.520403e-02 -1.176884e+00 -9.989081e-01 3.207260e-02 3.396943e-02 8.745846e+01
3.136023e-02 2.330174e-02 9.992365e-01 9.446565e+00 3.090440e-02 9.992276e-01 -2.427145e-02 -1.204216e+00 -9.990302e-01 3.164196e-02 3.061588e-02 8.748535e+01
2.689689e-02 2.257455e-02 9.993833e-01 1.011765e+01 3.453797e-02 9.991271e-01 -2.349830e-02 -1.218661e+00 -9.990414e-01 3.514870e-02 2.609373e-02 8.751862e+01
2.616905e-02 2.202061e-02 9.994150e-01 1.078072e+01 3.888186e-02 9.989784e-01 -2.302909e-02 -1.242118e+00 -9.989011e-01 3.946177e-02 2.528612e-02 8.753320e+01
2.727797e-02 2.161510e-02 9.993942e-01 1.146082e+01 4.284649e-02 9.988221e-01 -2.277221e-02 -1.262432e+00 -9.987092e-01 4.344172e-02 2.631970e-02 8.755114e+01
2.971605e-02 2.140923e-02 9.993291e-01 1.215888e+01 4.455138e-02 9.987487e-01 -2.272158e-02 -1.284929e+00 -9.985650e-01 4.519668e-02 2.872505e-02 8.757558e+01
3.280867e-02 2.145225e-02 9.992314e-01 1.286270e+01 4.690159e-02 9.986352e-01 -2.297941e-02 -1.303426e+00 -9.983606e-01 4.761947e-02 3.175774e-02 8.762716e+01
3.725938e-02 2.068605e-02 9.990915e-01 1.361274e+01 4.762991e-02 9.986127e-01 -2.245241e-02 -1.331799e+00 -9.981699e-01 4.842320e-02 3.622242e-02 8.766145e+01
4.092848e-02 1.889795e-02 9.989833e-01 1.439591e+01 4.870164e-02 9.985950e-01 -2.088592e-02 -1.354687e+00 -9.979745e-01 4.950696e-02 3.995062e-02 8.769707e+01
4.516754e-02 1.738377e-02 9.988282e-01 1.516458e+01 4.959452e-02 9.985766e-01 -1.962209e-02 -1.369760e+00 -9.977476e-01 5.042268e-02 4.424112e-02 8.774494e+01
4.932544e-02 1.518315e-02 9.986674e-01 1.595057e+01 4.699032e-02 9.987419e-01 -1.750519e-02 -1.388988e+00 -9.976767e-01 4.779115e-02 4.854992e-02 8.779302e+01
5.296770e-02 1.413012e-02 9.984962e-01 1.674550e+01 4.577130e-02 9.988146e-01 -1.656268e-02 -1.412087e+00 -9.975467e-01 4.657976e-02 5.225816e-02 8.784900e+01
5.722088e-02 1.518263e-02 9.982461e-01 1.755727e+01 4.329440e-02 9.989060e-01 -1.767436e-02 -1.430014e+00 -9.974223e-01 4.422981e-02 5.650096e-02 8.790696e+01
6.009233e-02 1.891444e-02 9.980136e-01 1.834881e+01 4.064345e-02 9.989449e-01 -2.137931e-02 -1.465239e+00 -9.973651e-01 4.184745e-02 5.926018e-02 8.796705e+01
6.188551e-02 2.398141e-02 9.977951e-01 1.914775e+01 3.485224e-02 9.990497e-01 -2.617318e-02 -1.493392e+00 -9.974746e-01 3.639513e-02 6.099090e-02 8.802247e+01
6.167072e-02 2.664737e-02 9.977407e-01 1.992603e+01 3.237447e-02 9.990641e-01 -2.868379e-02 -1.523443e+00 -9.975713e-01 3.407028e-02 6.075032e-02 8.807721e+01
6.150973e-02 2.635052e-02 9.977586e-01 2.075018e+01 3.033537e-02 9.991403e-01 -2.825712e-02 -1.552911e+00 -9.976454e-01 3.200547e-02 6.065750e-02 8.814719e+01
6.204179e-02 2.495778e-02 9.977614e-01 2.156325e+01 2.762636e-02 9.992613e-01 -2.671314e-02 -1.580552e+00 -9.976912e-01 2.922185e-02 6.130647e-02 8.820006e+01
6.116933e-02 2.369812e-02 9.978460e-01 2.237488e+01 2.835415e-02 9.992734e-01 -2.547017e-02 -1.609389e+00 -9.977246e-01 2.985107e-02 6.045294e-02 8.827239e+01
6.202437e-02 2.338888e-02 9.978005e-01 2.317101e+01 2.538820e-02 9.993649e-01 -2.500370e-02 -1.642683e+00 -9.977517e-01 2.688320e-02 6.139118e-02 8.831777e+01
6.177286e-02 2.303557e-02 9.978244e-01 2.397700e+01 2.446960e-02 9.993982e-01 -2.458676e-02 -1.684337e+00 -9.977902e-01 2.593516e-02 6.117201e-02 8.839686e+01
6.167430e-02 2.408277e-02 9.978057e-01 2.479449e+01 2.132488e-02 9.994488e-01 -2.544052e-02 -1.712853e+00 -9.978685e-01 2.284711e-02 6.112675e-02 8.846029e+01
6.097792e-02 2.544857e-02 9.978147e-01 2.560502e+01 1.844219e-02 9.994755e-01 -2.661796e-02 -1.743874e+00 -9.979687e-01 2.002499e-02 6.047662e-02 8.850668e+01
5.780591e-02 2.462738e-02 9.980240e-01 2.641077e+01 1.512158e-02 9.995594e-01 -2.554112e-02 -1.782844e+00 -9.982133e-01 1.656813e-02 5.740804e-02 8.856282e+01
5.411305e-02 2.346183e-02 9.982591e-01 2.722615e+01 1.267088e-02 9.996273e-01 -2.418084e-02 -1.810660e+00 -9.984544e-01 1.395732e-02 5.379560e-02 8.861098e+01
4.853450e-02 2.166744e-02 9.985865e-01 2.805528e+01 1.155368e-02 9.996856e-01 -2.225283e-02 -1.827340e+00 -9.987547e-01 1.261737e-02 4.826890e-02 8.868098e+01
4.729433e-02 1.795730e-02 9.987196e-01 2.891070e+01 1.069866e-02 9.997720e-01 -1.848286e-02 -1.871380e+00 -9.988237e-01 1.155909e-02 4.709142e-02 8.852480e+01
3.987060e-02 1.825270e-02 9.990381e-01 2.971696e+01 9.924088e-03 9.997766e-01 -1.866226e-02 -1.893656e+00 -9.991556e-01 1.065862e-02 3.968055e-02 8.856139e+01
3.126316e-02 1.932513e-02 9.993243e-01 3.050921e+01 1.035119e-02 9.997532e-01 -1.965725e-02 -1.915548e+00 -9.994576e-01 1.095875e-02 3.105540e-02 8.858695e+01
2.129818e-02 1.966384e-02 9.995798e-01 3.131346e+01 1.043024e-02 9.997478e-01 -1.988939e-02 -1.940835e+00 -9.997188e-01 1.084946e-02 2.108771e-02 8.860308e+01
1.093513e-02 1.881641e-02 9.997631e-01 3.211957e+01 1.208046e-02 9.997475e-01 -1.894825e-02 -1.965030e+00 -9.998673e-01 1.228480e-02 1.070506e-02 8.861305e+01
7.590974e-04 1.742405e-02 9.998479e-01 3.290422e+01 1.094279e-02 9.997882e-01 -1.743132e-02 -2.000035e+00 -9.999399e-01 1.095436e-02 5.682689e-04 8.860519e+01
-1.070753e-02 1.654556e-02 9.998057e-01 3.369967e+01 1.176683e-02 9.997960e-01 -1.641938e-02 -2.027842e+00 -9.998735e-01 1.158873e-02 -1.090004e-02 8.860161e+01
-2.158877e-02 1.712165e-02 9.996203e-01 3.447505e+01 1.251776e-02 9.997796e-01 -1.685403e-02 -2.043421e+00 -9.996886e-01 1.214915e-02 -2.179833e-02 8.858322e+01
-3.304997e-02 1.756494e-02 9.992993e-01 3.525774e+01 1.213840e-02 9.997789e-01 -1.717191e-02 -2.073661e+00 -9.993800e-01 1.156237e-02 -3.325588e-02 8.856430e+01
-4.329717e-02 1.820217e-02 9.988964e-01 3.602998e+01 1.118938e-02 9.997801e-01 -1.773327e-02 -2.105130e+00 -9.989996e-01 1.040923e-02 -4.349132e-02 8.852017e+01
-5.402140e-02 1.969232e-02 9.983456e-01 3.680116e+01 1.204394e-02 9.997457e-01 -1.906823e-02 -2.122425e+00 -9.984671e-01 1.099392e-02 -5.424483e-02 8.848408e+01
-6.369285e-02 2.045931e-02 9.977598e-01 3.757212e+01 1.246929e-02 9.997281e-01 -1.970368e-02 -2.149995e+00 -9.978917e-01 1.118638e-02 -6.393065e-02 8.844400e+01
-7.278680e-02 2.107737e-02 9.971248e-01 3.831419e+01 1.248692e-02 9.997175e-01 -2.022068e-02 -2.160750e+00 -9.972693e-01 1.097922e-02 -7.302944e-02 8.836893e+01
-8.316170e-02 2.114926e-02 9.963116e-01 3.909140e+01 1.481685e-02 9.996905e-01 -1.998423e-02 -2.210849e+00 -9.964259e-01 1.310028e-02 -8.344933e-02 8.833857e+01
-9.124425e-02 2.076987e-02 9.956119e-01 3.982556e+01 1.594659e-02 9.996848e-01 -1.939338e-02 -2.235122e+00 -9.957008e-01 1.410708e-02 -9.154669e-02 8.826209e+01
-9.821959e-02 1.934897e-02 9.949766e-01 4.055749e+01 1.776998e-02 9.996856e-01 -1.768637e-02 -2.268081e+00 -9.950061e-01 1.594357e-02 -9.853254e-02 8.817971e+01
-1.034362e-01 1.795692e-02 9.944740e-01 4.127961e+01 2.097448e-02 9.996541e-01 -1.586888e-02 -2.285687e+00 -9.944149e-01 1.921716e-02 -1.037771e-01 8.809526e+01
-1.073291e-01 1.614182e-02 9.940925e-01 4.198015e+01 2.400427e-02 9.996188e-01 -1.363989e-02 -2.309344e+00 -9.939337e-01 2.239850e-02 -1.076757e-01 8.802135e+01
-1.094026e-01 1.494398e-02 9.938852e-01 4.271080e+01 2.429025e-02 9.996286e-01 -1.235657e-02 -2.349165e+00 -9.937007e-01 2.278988e-02 -1.097250e-01 8.792020e+01
-1.106577e-01 1.415201e-02 9.937578e-01 4.340353e+01 2.437717e-02 9.996364e-01 -1.152126e-02 -2.370715e+00 -9.935596e-01 2.295008e-02 -1.109625e-01 8.783467e+01
-1.115553e-01 1.438515e-02 9.936541e-01 4.406872e+01 2.508309e-02 9.996174e-01 -1.165546e-02 -2.393821e+00 -9.934416e-01 2.362368e-02 -1.118734e-01 8.777027e+01
-1.103626e-01 1.587525e-02 9.937646e-01 4.470647e+01 2.581172e-02 9.995810e-01 -1.310164e-02 -2.406071e+00 -9.935561e-01 2.420485e-02 -1.107262e-01 8.769247e+01
-1.075717e-01 1.757137e-02 9.940420e-01 4.534304e+01 2.707256e-02 9.995248e-01 -1.473860e-02 -2.424654e+00 -9.938287e-01 2.532581e-02 -1.079963e-01 8.762268e+01
-1.023820e-01 1.793496e-02 9.945835e-01 4.596537e+01 2.713930e-02 9.995157e-01 -1.523020e-02 -2.446021e+00 -9.943749e-01 2.543300e-02 -1.028191e-01 8.756581e+01
-9.437127e-02 1.859787e-02 9.953634e-01 4.656602e+01 2.678172e-02 9.995111e-01 -1.613617e-02 -2.465822e+00 -9.951768e-01 2.513475e-02 -9.482320e-02 8.751373e+01
-8.300946e-02 1.764704e-02 9.963925e-01 4.716306e+01 2.437573e-02 9.995800e-01 -1.567275e-02 -2.510625e+00 -9.962506e-01 2.298681e-02 -8.340475e-02 8.746988e+01
-6.862997e-02 1.816714e-02 9.974768e-01 4.768741e+01 2.341443e-02 9.995881e-01 -1.659460e-02 -2.527329e+00 -9.973674e-01 2.221647e-02 -6.902707e-02 8.741501e+01
-5.138400e-02 1.934107e-02 9.984916e-01 4.822665e+01 2.254611e-02 9.995801e-01 -1.820190e-02 -2.549415e+00 -9.984244e-01 2.157681e-02 -5.179849e-02 8.740335e+01
-3.046061e-02 2.115476e-02 9.993121e-01 4.875607e+01 1.969430e-02 9.995946e-01 -2.056042e-02 -2.587657e+00 -9.993419e-01 1.905447e-02 -3.086489e-02 8.740828e+01
-5.820439e-03 2.398113e-02 9.996955e-01 4.926108e+01 1.745768e-02 9.995625e-01 -2.387630e-02 -2.611798e+00 -9.998307e-01 1.731340e-02 -6.236548e-03 8.741407e+01
2.302442e-02 2.595792e-02 9.993979e-01 4.978461e+01 1.664004e-02 9.995144e-01 -2.634431e-02 -2.625310e+00 -9.995964e-01 1.723658e-02 2.258130e-02 8.743864e+01
5.675068e-02 2.459454e-02 9.980854e-01 5.025712e+01 1.276436e-02 9.995970e-01 -2.535756e-02 -2.666693e+00 -9.983068e-01 1.417898e-02 5.641388e-02 8.746581e+01
9.506347e-02 2.252617e-02 9.952163e-01 5.078365e+01 1.175835e-02 9.996488e-01 -2.374966e-02 -2.680626e+00 -9.954017e-01 1.395983e-02 9.476522e-02 8.753406e+01
1.378085e-01 1.841652e-02 9.902877e-01 5.127708e+01 1.024874e-02 9.997471e-01 -2.001865e-02 -2.704557e+00 -9.904059e-01 1.290794e-02 1.375849e-01 8.761149e+01
1.829671e-01 1.387912e-02 9.830211e-01 5.176061e+01 7.158115e-03 9.998550e-01 -1.544912e-02 -2.728350e+00 -9.830930e-01 9.863257e-03 1.828412e-01 8.773624e+01
2.314818e-01 1.114107e-02 9.727755e-01 5.224552e+01 3.064711e-03 9.999211e-01 -1.218124e-02 -2.735426e+00 -9.728344e-01 5.801011e-03 2.314294e-01 8.788295e+01
2.835345e-01 9.845099e-03 9.589115e-01 5.271743e+01 -3.928595e-04 9.999484e-01 -1.015026e-02 -2.749785e+00 -9.589620e-01 2.501232e-03 2.835238e-01 8.804781e+01
3.386407e-01 9.184293e-03 9.408709e-01 5.315350e+01 -1.464243e-03 9.999563e-01 -9.234040e-03 -2.769492e+00 -9.409146e-01 1.749358e-03 3.386394e-01 8.822906e+01
3.989052e-01 7.964776e-03 9.169576e-01 5.359389e+01 1.513728e-03 9.999552e-01 -9.344219e-03 -2.802819e+00 -9.169909e-01 5.115482e-03 3.988753e-01 8.837990e+01
4.591889e-01 1.026115e-02 8.882794e-01 5.401771e+01 2.777131e-03 9.999118e-01 -1.298631e-02 -2.829042e+00 -8.883343e-01 8.430038e-03 4.591199e-01 8.862664e+01
5.185842e-01 1.431586e-02 8.549067e-01 5.440984e+01 4.016524e-03 9.998080e-01 -1.917873e-02 -2.832855e+00 -8.550171e-01 1.337954e-02 5.184271e-01 8.889937e+01
5.764372e-01 1.882423e-02 8.169246e-01 5.478077e+01 2.418311e-04 9.997306e-01 -2.320723e-02 -2.841853e+00 -8.171414e-01 1.357507e-02 5.762774e-01 8.920982e+01
6.322201e-01 2.166387e-02 7.744859e-01 5.512164e+01 -2.746114e-03 9.996654e-01 -2.572090e-02 -2.849741e+00 -7.747840e-01 1.413444e-02 6.320681e-01 8.953480e+01
6.846510e-01 2.270904e-02 7.285172e-01 5.543068e+01 -3.935824e-03 9.996151e-01 -2.746075e-02 -2.861164e+00 -7.288605e-01 1.593371e-02 6.844768e-01 8.987262e+01
7.329695e-01 2.105576e-02 6.799356e-01 5.571369e+01 -3.775060e-03 9.996313e-01 -2.688637e-02 -2.871033e+00 -6.802511e-01 1.714009e-02 7.327787e-01 9.023582e+01
7.778035e-01 1.767560e-02 6.282589e-01 5.597245e+01 -5.356826e-03 9.997546e-01 -2.149545e-02 -2.885114e+00 -6.284846e-01 1.335377e-02 7.777073e-01 9.061656e+01
8.184389e-01 1.208812e-02 5.744664e-01 5.618654e+01 -4.737028e-03 9.998866e-01 -1.429115e-02 -2.900620e+00 -5.745741e-01 8.975170e-03 8.184034e-01 9.099267e+01
8.542163e-01 9.827503e-03 5.198249e-01 5.638678e+01 -6.462748e-03 9.999448e-01 -8.284282e-03 -2.908027e+00 -5.198776e-01 3.717071e-03 8.542327e-01 9.141355e+01
8.845428e-01 6.811452e-03 4.664094e-01 5.655749e+01 -7.002989e-03 9.999746e-01 -1.322521e-03 -2.915167e+00 -4.664066e-01 -2.096434e-03 8.845680e-01 9.183121e+01
9.095206e-01 7.369899e-03 4.155934e-01 5.670950e+01 -1.005574e-02 9.999403e-01 4.274480e-03 -2.926300e+00 -4.155371e-01 -8.066827e-03 9.095404e-01 9.228311e+01
9.290454e-01 8.852525e-03 3.698597e-01 5.683548e+01 -1.261483e-02 9.998904e-01 7.754811e-03 -2.937954e+00 -3.697505e-01 -1.187029e-02 9.290553e-01 9.271915e+01
9.435217e-01 1.717355e-02 3.308654e-01 5.701093e+01 -2.121207e-02 9.997380e-01 8.598665e-03 -2.921836e+00 -3.306311e-01 -1.513137e-02 9.436387e-01 9.322504e+01
9.550039e-01 2.124684e-02 2.958314e-01 5.711353e+01 -2.456038e-02 9.996703e-01 7.488794e-03 -2.918729e+00 -2.955748e-01 -1.441756e-02 9.552108e-01 9.368980e+01
9.639792e-01 2.352392e-02 2.649354e-01 5.721760e+01 -2.648356e-02 9.996203e-01 7.604141e-03 -2.920226e+00 -2.646559e-01 -1.434666e-02 9.642362e-01 9.415056e+01
9.698991e-01 1.833502e-02 2.428159e-01 5.733097e+01 -2.078836e-02 9.997554e-01 7.545130e-03 -2.925049e+00 -2.426181e-01 -1.236576e-02 9.700431e-01 9.458915e+01
9.737417e-01 1.539308e-02 2.271349e-01 5.743619e+01 -1.780309e-02 9.998048e-01 8.565557e-03 -2.936301e+00 -2.269587e-01 -1.238434e-02 9.738256e-01 9.506322e+01
9.766243e-01 1.968667e-02 2.140500e-01 5.753908e+01 -2.193043e-02 9.997266e-01 8.112618e-03 -2.935963e+00 -2.138317e-01 -1.261719e-02 9.767891e-01 9.554755e+01
9.786016e-01 2.424246e-02 2.043308e-01 5.762734e+01 -2.645134e-02 9.996174e-01 8.085617e-03 -2.922103e+00 -2.040567e-01 -1.331742e-02 9.788685e-01 9.605029e+01
9.795164e-01 3.286318e-02 1.986648e-01 5.770480e+01 -3.492824e-02 9.993660e-01 6.898227e-03 -2.925009e+00 -1.983122e-01 -1.369594e-02 9.800432e-01 9.656151e+01
9.799564e-01 3.805477e-02 1.955436e-01 5.780154e+01 -3.941928e-02 9.992180e-01 3.089684e-03 -2.924353e+00 -1.952731e-01 -1.073594e-02 9.806901e-01 9.706547e+01
9.801178e-01 3.900425e-02 1.945449e-01 5.790331e+01 -3.986163e-02 9.992051e-01 4.926648e-04 -2.928356e+00 -1.943711e-01 -8.237747e-03 9.808935e-01 9.760176e+01
9.797107e-01 3.786604e-02 1.968072e-01 5.802045e+01 -3.804831e-02 9.992718e-01 -2.856257e-03 -2.937110e+00 -1.967720e-01 -4.689874e-03 9.804381e-01 9.812924e+01
9.788877e-01 3.633871e-02 2.011424e-01 5.813057e+01 -3.516136e-02 9.993372e-01 -9.424170e-03 -2.938759e+00 -2.013516e-01 2.152762e-03 9.795167e-01 9.867673e+01
9.781616e-01 3.579890e-02 2.047395e-01 5.825944e+01 -3.364016e-02 9.993357e-01 -1.401592e-02 -2.947439e+00 -2.051052e-01 6.822367e-03 9.787161e-01 9.921172e+01
9.769639e-01 4.098338e-02 2.094324e-01 5.836637e+01 -3.894823e-02 9.991454e-01 -1.383427e-02 -2.956399e+00 -2.098204e-01 5.358555e-03 9.777253e-01 9.978753e+01
9.756130e-01 4.414910e-02 2.150118e-01 5.849268e+01 -4.301775e-02 9.990249e-01 -9.940739e-03 -2.958412e+00 -2.152411e-01 4.489893e-04 9.765608e-01 1.003880e+02
9.747324e-01 4.082926e-02 2.196127e-01 5.862580e+01 -4.070506e-02 9.991582e-01 -5.092394e-03 -2.974084e+00 -2.196358e-01 -3.975628e-03 9.755738e-01 1.009828e+02
9.740112e-01 3.649916e-02 2.235396e-01 5.876845e+01 -3.761116e-02 9.992922e-01 7.174294e-04 -2.985461e+00 -2.233552e-01 -9.106370e-03 9.746946e-01 1.015952e+02
9.732342e-01 3.414416e-02 2.272647e-01 5.891502e+01 -3.632751e-02 9.993252e-01 5.430065e-03 -2.995190e+00 -2.269259e-01 -1.354069e-02 9.738179e-01 1.022272e+02
9.726832e-01 2.893751e-02 2.303258e-01 5.906393e+01 -3.113644e-02 9.994977e-01 5.917334e-03 -2.998578e+00 -2.300389e-01 -1.292722e-02 9.730956e-01 1.028427e+02
9.727927e-01 2.516034e-02 2.303071e-01 5.923729e+01 -2.647145e-02 9.996462e-01 2.604334e-03 -3.001786e+00 -2.301601e-01 -8.630043e-03 9.731145e-01 1.035020e+02
9.728693e-01 2.432711e-02 2.300728e-01 5.938116e+01 -2.402496e-02 9.997029e-01 -4.114937e-03 -3.015214e+00 -2.301046e-01 -1.524196e-03 9.731647e-01 1.041492e+02
9.729795e-01 2.657917e-02 2.293565e-01 5.953320e+01 -2.471777e-02 9.996341e-01 -1.098533e-02 -3.019654e+00 -2.295645e-01 5.019324e-03 9.732805e-01 1.048269e+02
9.735925e-01 2.910491e-02 2.264301e-01 5.968506e+01 -2.643716e-02 9.995408e-01 -1.480601e-02 -3.026593e+00 -2.267570e-01 8.428848e-03 9.739149e-01 1.054859e+02
9.742042e-01 2.820062e-02 2.238991e-01 5.984034e+01 -2.660961e-02 9.995947e-01 -1.012060e-02 -3.042840e+00 -2.240938e-01 3.901662e-03 9.745598e-01 1.061556e+02
9.745769e-01 2.456980e-02 2.227021e-01 6.000318e+01 -2.464860e-02 9.996932e-01 -2.426134e-03 -3.056409e+00 -2.226934e-01 -3.124841e-03 9.748836e-01 1.068725e+02
9.750804e-01 2.447550e-02 2.204976e-01 6.014990e+01 -2.580051e-02 9.996622e-01 3.130840e-03 -3.059673e+00 -2.203465e-01 -8.741772e-03 9.753825e-01 1.075873e+02
9.753674e-01 2.791241e-02 2.188134e-01 6.029683e+01 -2.916594e-02 9.995714e-01 2.500113e-03 -3.065333e+00 -2.186499e-01 -8.820428e-03 9.757635e-01 1.082918e+02
9.756191e-01 3.349712e-02 2.168991e-01 6.044626e+01 -3.384225e-02 9.994249e-01 -2.124124e-03 -3.073486e+00 -2.168455e-01 -5.268017e-03 9.761917e-01 1.090698e+02
9.765339e-01 3.444739e-02 2.125908e-01 6.060611e+01 -3.376967e-02 9.994064e-01 -6.819255e-03 -3.101843e+00 -2.126995e-01 -5.198866e-04 9.771175e-01 1.097422e+02
9.774494e-01 3.239869e-02 2.086698e-01 6.075803e+01 -3.101564e-02 9.994699e-01 -9.897443e-03 -3.106614e+00 -2.088798e-01 3.202222e-03 9.779361e-01 1.104722e+02
9.785017e-01 2.604740e-02 2.045870e-01 6.091402e+01 -2.486737e-02 9.996560e-01 -8.337167e-03 -3.094846e+00 -2.047338e-01 3.070392e-03 9.788129e-01 1.112848e+02
9.793681e-01 2.200874e-02 2.008825e-01 6.108052e+01 -2.118830e-02 9.997561e-01 -6.233642e-03 -3.108894e+00 -2.009707e-01 1.848672e-03 9.795955e-01 1.120632e+02
9.797170e-01 2.185573e-02 1.991909e-01 6.122952e+01 -2.161485e-02 9.997606e-01 -3.384014e-03 -3.118512e+00 -1.992172e-01 -9.901049e-04 9.799548e-01 1.128415e+02
9.800770e-01 1.789959e-02 1.978095e-01 6.139680e+01 -1.799945e-02 9.998372e-01 -1.293314e-03 -3.124075e+00 -1.978004e-01 -2.292914e-03 9.802396e-01 1.136546e+02
