1.000000e+00 0.000000e+00 0.000000e+00 0.000000e+00 0.000000e+00 1.000000e+00 0.000000e+00 0.000000e+00 0.000000e+00 0.000000e+00 1.000000e+00 0.000000e+00
9.990633e-01 -2.534948e-04 4.327114e-02 4.492033e-02 3.736996e-04 9.999961e-01 -2.769877e-03 -1.093357e-02 -4.327027e-02 2.783453e-03 9.990595e-01 1.028869e+00
9.960767e-01 -4.364479e-03 8.838642e-02 1.401150e-01 5.049036e-03 9.999589e-01 -7.522963e-03 -3.175280e-02 -8.834996e-02 7.939714e-03 9.960579e-01 2.064363e+00
9.910278e-01 -3.665916e-03 1.336055e-01 2.834953e-01 5.271624e-03 9.999180e-01 -1.166651e-02 -4.458127e-02 -1.335518e-01 1.226616e-02 9.909659e-01 3.120245e+00
9.837457e-01 -1.385935e-03 1.795620e-01 4.592309e-01 3.921070e-03 9.998976e-01 -1.376428e-02 -7.927642e-02 -1.795245e-01 1.424463e-02 9.836504e-01 4.130469e+00
9.743928e-01 -4.075732e-03 2.248158e-01 7.129167e-01 7.368733e-03 9.998775e-01 -1.381045e-02 -9.886612e-02 -2.247320e-01 1.511341e-02 9.743034e-01 5.163299e+00
9.627863e-01 -4.443524e-03 2.702273e-01 9.929789e-01 8.828673e-03 9.998483e-01 -1.501431e-02 -1.297697e-01 -2.701195e-01 1.684132e-02 9.626795e-01 6.191405e+00
9.494222e-01 -6.475773e-03 3.139357e-01 1.302260e+00 1.260799e-02 9.997672e-01 -1.750689e-02 -1.623552e-01 -3.137492e-01 2.057952e-02 9.492828e-01 7.157737e+00
9.343587e-01 -8.256401e-03 3.562382e-01 1.686456e+00 1.625234e-02 9.996786e-01 -1.945823e-02 -1.917375e-01 -3.559631e-01 2.397067e-02 9.341925e-01 8.139385e+00
9.171603e-01 -8.320886e-03 3.984315e-01 2.105220e+00 1.762273e-02 9.996508e-01 -1.968942e-02 -2.403017e-01 -3.981286e-01 2.507981e-02 9.169867e-01 9.090761e+00
8.976446e-01 -8.063546e-03 4.406463e-01 2.532038e+00 1.793844e-02 9.996725e-01 -1.824918e-02 -2.704936e-01 -4.403548e-01 2.428579e-02 8.974953e-01 9.998667e+00
8.760074e-01 -7.629552e-03 4.822372e-01 2.978603e+00 1.796345e-02 9.996972e-01 -1.681512e-02 -3.181372e-01 -4.819629e-01 2.339281e-02 8.758793e-01 1.082836e+01
8.527389e-01 -8.560482e-03 5.222673e-01 3.556491e+00 1.956685e-02 9.996874e-01 -1.556215e-02 -3.640223e-01 -5.219709e-01 2.348958e-02 8.526398e-01 1.169186e+01
8.277908e-01 -9.061229e-03 5.609637e-01 4.256869e+00 2.139237e-02 9.996522e-01 -1.542048e-02 -4.066496e-01 -5.606289e-01 2.476528e-02 8.276967e-01 1.266721e+01
8.004903e-01 -1.238264e-02 5.992178e-01 4.951348e+00 2.552705e-02 9.995837e-01 -1.344531e-02 -4.891237e-01 -5.988019e-01 2.605911e-02 8.004732e-01 1.365349e+01
7.720814e-01 -1.161236e-02 6.354176e-01 5.602083e+00 2.607908e-02 9.995698e-01 -1.342079e-02 -5.341423e-01 -6.349884e-01 2.693305e-02 7.720520e-01 1.443671e+01
7.417421e-01 -1.508106e-02 6.705156e-01 6.338868e+00 3.086755e-02 9.994554e-01 -1.166701e-02 -5.768631e-01 -6.699745e-01 2.935109e-02 7.418037e-01 1.522749e+01
7.094017e-01 -1.419816e-02 7.046614e-01 7.090630e+00 3.102160e-02 9.994572e-01 -1.109231e-02 -6.033742e-01 -7.041214e-01 2.972862e-02 7.094571e-01 1.601700e+01
6.752195e-01 -1.301059e-02 7.375020e-01 7.822710e+00 3.191847e-02 9.994233e-01 -1.159168e-02 -6.403288e-01 -7.369259e-01 3.136687e-02 6.752454e-01 1.670002e+01
6.393546e-01 -1.421731e-02 7.687805e-01 8.606945e+00 3.618797e-02 9.992775e-01 -1.161569e-02 -6.710155e-01 -7.680599e-01 3.524715e-02 6.394072e-01 1.736997e+01
6.026969e-01 -1.298099e-02 7.978646e-01 9.433303e+00 3.641596e-02 9.992734e-01 -1.125031e-02 -7.056219e-01 -7.971389e-01 3.583553e-02 6.027316e-01 1.799008e+01
5.645079e-01 -1.197006e-02 8.253409e-01 1.029145e+01 3.914698e-02 9.991580e-01 -1.228438e-02 -7.405137e-01 -8.244988e-01 3.924423e-02 5.645012e-01 1.859289e+01
5.258788e-01 -1.052630e-02 8.504944e-01 1.117443e+01 4.364998e-02 9.989398e-01 -1.462615e-02 -7.679445e-01 -8.494387e-01 4.481565e-02 5.257807e-01 1.913431e+01
4.870790e-01 -9.399448e-03 8.733073e-01 1.209498e+01 4.450903e-02 9.989098e-01 -1.407318e-02 -7.944504e-01 -8.722230e-01 4.572482e-02 4.869663e-01 1.965987e+01
4.487830e-01 -1.156335e-02 8.935660e-01 1.308655e+01 4.990249e-02 9.986803e-01 -1.213934e-02 -8.207191e-01 -8.922463e-01 5.003910e-02 4.487678e-01 2.014565e+01
4.126046e-01 -1.250775e-02 9.108244e-01 1.404291e+01 5.319537e-02 9.985301e-01 -1.038541e-02 -8.498961e-01 -9.093556e-01 5.273671e-02 4.126635e-01 2.053791e+01
3.778662e-01 -1.004915e-02 9.258057e-01 1.500151e+01 5.416320e-02 9.984685e-01 -1.126876e-02 -8.659682e-01 -9.242746e-01 5.440268e-02 3.778318e-01 2.092002e+01
3.452042e-01 -1.130625e-02 9.384595e-01 1.606755e+01 5.435620e-02 9.984899e-01 -7.964985e-03 -8.974641e-01 -9.369522e-01 5.376064e-02 3.452975e-01 2.128612e+01
3.127367e-01 -1.354607e-02 9.497433e-01 1.710730e+01 5.752212e-02 9.983332e-01 -4.702102e-03 -9.314091e-01 -9.480965e-01 5.610176e-02 3.129946e-01 2.159342e+01
2.805576e-01 -1.373115e-02 9.597390e-01 1.814417e+01 5.742130e-02 9.983469e-01 -2.502275e-03 -9.532347e-01 -9.581181e-01 5.581149e-02 2.808822e-01 2.189039e+01
2.486479e-01 -1.067817e-02 9.685351e-01 1.926167e+01 5.489547e-02 9.984874e-01 -3.084689e-03 -9.580724e-01 -9.670371e-01 5.393519e-02 2.488580e-01 2.218483e+01
2.175876e-01 -8.974135e-03 9.759995e-01 2.060749e+01 5.403058e-02 9.985352e-01 -2.864135e-03 -9.617761e-01 -9.745442e-01 5.335702e-02 2.177537e-01 2.251699e+01
1.876225e-01 -9.298136e-03 9.821972e-01 2.170128e+01 5.600362e-02 9.984298e-01 -1.246189e-03 -9.987257e-01 -9.806433e-01 5.524042e-02 1.878486e-01 2.267220e+01
1.561054e-01 -1.090785e-02 9.876802e-01 2.335118e+01 5.819563e-02 9.983035e-01 1.827208e-03 -1.100346e+00 -9.860246e-01 5.719343e-02 1.564754e-01 2.314143e+01
1.254449e-01 -1.175133e-02 9.920310e-01 2.460118e+01 5.641798e-02 9.983962e-01 4.692525e-03 -1.114455e+00 -9.904951e-01 5.537973e-02 1.259067e-01 2.333043e+01
9.572354e-02 -1.216211e-02 9.953337e-01 2.592435e+01 5.648638e-02 9.983804e-01 6.766910e-03 -1.116066e+00 -9.938040e-01 5.557504e-02 9.625550e-02 2.346922e+01
6.852527e-02 -1.210086e-02 9.975760e-01 2.719598e+01 5.917124e-02 9.982154e-01 8.044039e-03 -1.125287e+00 -9.958931e-01 5.847659e-02 6.911901e-02 2.354717e+01
4.397690e-02 -1.193034e-02 9.989613e-01 2.845822e+01 6.311251e-02 9.979646e-01 9.140062e-03 -1.131747e+00 -9.970371e-01 6.264501e-02 4.464035e-02 2.356410e+01
2.165564e-02 -1.190620e-02 9.996946e-01 2.981304e+01 6.729210e-02 9.976789e-01 1.042449e-02 -1.135527e+00 -9.974983e-01 6.704580e-02 2.240656e-02 2.357323e+01
1.483551e-03 -1.149953e-02 9.999328e-01 3.118722e+01 7.333843e-02 9.972424e-01 1.135978e-02 -1.116292e+00 -9.973060e-01 7.331665e-02 2.322817e-03 2.354774e+01
-1.662833e-02 -1.235729e-02 9.997854e-01 3.251755e+01 7.664291e-02 9.969659e-01 1.359716e-02 -1.092829e+00 -9.969199e-01 7.685256e-02 -1.563078e-02 2.354524e+01
-3.199996e-02 -1.245878e-02 9.994102e-01 3.380516e+01 7.928947e-02 9.967393e-01 1.496424e-02 -1.083557e+00 -9.963379e-01 7.972156e-02 -3.090777e-02 2.349994e+01
-4.601543e-02 -1.285533e-02 9.988580e-01 3.514509e+01 8.074313e-02 9.965976e-01 1.654592e-02 -1.050556e+00 -9.956722e-01 8.141229e-02 -4.482089e-02 2.341049e+01
-5.862807e-02 -1.437786e-02 9.981763e-01 3.647042e+01 8.090188e-02 9.965389e-01 1.910606e-02 -1.051431e+00 -9.949963e-01 8.187450e-02 -5.726196e-02 2.330082e+01
-6.971762e-02 -1.470347e-02 9.974584e-01 3.781175e+01 8.062546e-02 9.965372e-01 2.032523e-02 -1.052106e+00 -9.943033e-01 8.183756e-02 -6.829073e-02 2.315954e+01
-8.110663e-02 -1.189700e-02 9.966344e-01 3.914259e+01 7.972076e-02 9.966477e-01 1.838487e-02 -1.020026e+00 -9.935121e-01 8.094359e-02 -7.988629e-02 2.305860e+01
-9.112136e-02 -8.432890e-03 9.958041e-01 4.045122e+01 7.973537e-02 9.966918e-01 1.573662e-02 -1.001896e+00 -9.926425e-01 8.083475e-02 -9.014752e-02 2.293950e+01
-9.990918e-02 -6.196801e-03 9.949772e-01 4.174543e+01 8.123876e-02 9.965912e-01 1.436432e-02 -9.961516e-01 -9.916745e-01 8.226585e-02 -9.906518e-02 2.279249e+01
-1.062726e-01 -5.680629e-03 9.943208e-01 4.304232e+01 8.108326e-02 9.966039e-01 1.435982e-02 -9.920638e-01 -9.910256e-01 8.214883e-02 -1.054511e-01 2.263470e+01
-1.119289e-01 -4.914220e-03 9.937041e-01 4.441053e+01 8.113793e-02 9.966036e-01 1.406778e-02 -9.827856e-01 -9.903982e-01 8.220168e-02 -1.111500e-01 2.247196e+01
-1.168109e-01 -3.742267e-03 9.931471e-01 4.580394e+01 8.180457e-02 9.965586e-01 1.337672e-02 -9.720569e-01 -9.897794e-01 8.280652e-02 -1.161027e-01 2.228424e+01
-1.206795e-01 -2.034292e-03 9.926894e-01 4.718596e+01 8.208315e-02 9.965530e-01 1.202091e-02 -9.713508e-01 -9.892921e-01 8.293375e-02 -1.200965e-01 2.209740e+01
-1.250255e-01 -1.487676e-03 9.921524e-01 4.854726e+01 8.384152e-02 9.964061e-01 1.205929e-02 -9.879311e-01 -9.886047e-01 8.469129e-02 -1.244514e-01 2.194242e+01
-1.273254e-01 -2.727728e-03 9.918572e-01 4.998141e+01 8.315625e-02 9.964462e-01 1.341517e-02 -9.686109e-01 -9.883690e-01 8.418722e-02 -1.266461e-01 2.173139e+01
-1.293792e-01 -4.437753e-03 9.915853e-01 5.142646e+01 8.414646e-02 9.963338e-01 1.543819e-02 -9.524457e-01 -9.880184e-01 8.543577e-02 -1.285315e-01 2.153452e+01
-1.318828e-01 -5.551535e-03 9.912498e-01 5.286901e+01 8.387738e-02 9.963354e-01 1.673965e-02 -9.325974e-01 -9.877102e-01 8.535110e-02 -1.309338e-01 2.136440e+01
-1.364764e-01 -6.235106e-03 9.906237e-01 5.488987e+01 9.111124e-02 9.956629e-01 1.881905e-02 -9.768420e-01 -9.864446e-01 9.282532e-02 -1.353164e-01 2.100849e+01
-1.371806e-01 -6.804896e-03 9.905227e-01 5.642216e+01 9.197140e-02 9.955692e-01 1.957698e-02 -9.771193e-01 -9.862671e-01 9.378534e-02 -1.359470e-01 2.077439e+01
-1.373851e-01 -5.593362e-03 9.905019e-01 5.782211e+01 9.610791e-02 9.951905e-01 1.895024e-02 -9.888369e-01 -9.858441e-01 9.779855e-02 -1.361867e-01 2.059433e+01
-1.373377e-01 -5.476457e-03 9.905092e-01 5.934931e+01 9.600002e-02 9.952036e-01 1.881317e-02 -9.645762e-01 -9.858612e-01 9.767266e-02 -1.361533e-01 2.038486e+01
-1.366959e-01 -4.464144e-03 9.906030e-01 6.090643e+01 9.566994e-02 9.952559e-01 1.768686e-02 -9.509131e-01 -9.859825e-01 9.718865e-02 -1.356203e-01 2.017615e+01
-1.355007e-01 -5.051708e-03 9.907644e-01 6.249115e+01 9.747125e-02 9.950681e-01 1.840419e-02 -9.619823e-01 -9.859710e-01 9.906482e-02 -1.343400e-01 1.996231e+01
-1.340320e-01 -6.025913e-03 9.909587e-01 6.406456e+01 9.691489e-02 9.951082e-01 1.915936e-02 -9.397791e-01 -9.862266e-01 9.860662e-02 -1.327924e-01 1.975750e+01
-1.331704e-01 -5.806903e-03 9.910762e-01 6.569597e+01 9.811473e-02 9.949934e-01 1.901348e-02 -9.302346e-01 -9.862247e-01 9.977120e-02 -1.319339e-01 1.954518e+01
-1.322550e-01 -5.417688e-03 9.912009e-01 6.731282e+01 9.739678e-02 9.950749e-01 1.843442e-02 -9.002920e-01 -9.864190e-01 9.897783e-02 -1.310759e-01 1.933503e+01
-1.308428e-01 -5.164853e-03 9.913897e-01 6.895178e+01 9.844726e-02 9.949763e-01 1.817652e-02 -8.829995e-01 -9.865031e-01 9.997786e-02 -1.296770e-01 1.910998e+01
-1.296700e-01 -5.391425e-03 9.915425e-01 7.059891e+01 9.843107e-02 9.949759e-01 1.828252e-02 -8.639597e-01 -9.866595e-01 9.996928e-02 -1.284879e-01 1.889930e+01
-1.288501e-01 -7.541285e-03 9.916354e-01 7.225500e+01 1.003235e-01 9.947416e-01 2.060064e-02 -8.545998e-01 -9.865763e-01 1.021388e-01 -1.274159e-01 1.870375e+01
-1.328705e-01 -1.288082e-02 9.910497e-01 7.428232e+01 1.018060e-01 9.944493e-01 2.657418e-02 -8.352112e-01 -9.858909e-01 1.044258e-01 -1.308216e-01 1.844328e+01
-1.323401e-01 -1.219730e-02 9.911293e-01 7.597985e+01 1.029591e-01 9.943461e-01 2.598445e-02 -8.002807e-01 -9.858425e-01 1.054845e-01 -1.303360e-01 1.825036e+01
-1.314871e-01 -1.021029e-02 9.912653e-01 7.778177e+01 1.054953e-01 9.941245e-01 2.423323e-02 -7.737576e-01 -9.856886e-01 1.077602e-01 -1.296374e-01 1.800825e+01
-1.306615e-01 -1.073142e-02 9.913689e-01 7.950986e+01 1.044509e-01 9.942275e-01 2.452889e-02 -7.412964e-01 -9.859095e-01 1.067543e-01 -1.287864e-01 1.778567e+01
-1.308031e-01 -1.098088e-02 9.913476e-01 8.126446e+01 1.055873e-01 9.940972e-01 2.494303e-02 -7.273260e-01 -9.857697e-01 1.079364e-01 -1.288715e-01 1.757493e+01
-1.295714e-01 -1.184578e-02 9.914993e-01 8.303162e+01 1.061004e-01 9.940222e-01 2.574137e-02 -6.897626e-01 -9.858773e-01 1.085339e-01 -1.275400e-01 1.731983e+01
-1.292787e-01 -1.153237e-02 9.915412e-01 8.501888e+01 1.088652e-01 9.937229e-01 2.575177e-02 -6.743047e-01 -9.856142e-01 1.112735e-01 -1.272117e-01 1.698520e+01
-1.280742e-01 -1.201131e-02 9.916918e-01 8.684683e+01 1.085345e-01 9.937512e-01 2.605318e-02 -6.131101e-01 -9.858079e-01 1.109695e-01 -1.259703e-01 1.670996e+01
-1.280478e-01 -1.125396e-02 9.917042e-01 8.865491e+01 1.100603e-01 9.935981e-01 2.548633e-02 -6.083692e-01 -9.856422e-01 1.124107e-01 -1.259895e-01 1.646837e+01
-1.293034e-01 -1.092165e-02 9.915449e-01 9.045374e+01 1.118593e-01 9.933961e-01 2.552916e-02 -6.309166e-01 -9.852757e-01 1.142145e-01 -1.272278e-01 1.629711e+01
-1.305147e-01 -1.042439e-02 9.913916e-01 9.228581e+01 1.139351e-01 9.931624e-01 2.544233e-02 -6.596056e-01 -9.848780e-01 1.162749e-01 -1.284346e-01 1.607698e+01
-1.328570e-01 -9.665404e-03 9.910881e-01 9.407585e+01 1.128591e-01 9.933010e-01 2.481593e-02 -6.243793e-01 -9.846887e-01 1.151503e-01 -1.308762e-01 1.595933e+01
-1.343324e-01 -1.067214e-02 9.908789e-01 9.594622e+01 1.118849e-01 9.933844e-01 2.586725e-02 -5.950621e-01 -9.845997e-01 1.143392e-01 -1.322497e-01 1.571722e+01
-1.351875e-01 -1.120212e-02 9.907567e-01 9.777633e+01 1.112413e-01 9.934424e-01 2.641122e-02 -5.533752e-01 -9.845556e-01 1.137836e-01 -1.330548e-01 1.546948e+01
-1.398824e-01 -1.492542e-02 9.900556e-01 9.982604e+01 1.094249e-01 9.935289e-01 3.043814e-02 -5.340729e-01 -9.841032e-01 1.125945e-01 -1.373440e-01 1.521419e+01
-1.413666e-01 -1.476185e-02 9.898472e-01 1.016864e+02 1.098731e-01 9.934773e-01 3.050769e-02 -5.311713e-01 -9.838411e-01 1.130704e-01 -1.388226e-01 1.495354e+01
-1.447868e-01 -1.440289e-02 9.893581e-01 1.035425e+02 1.081305e-01 9.936752e-01 3.029001e-02 -4.919259e-01 -9.835368e-01 1.113654e-01 -1.423136e-01 1.472053e+01
-1.493884e-01 -1.389419e-02 9.886810e-01 1.054033e+02 1.089388e-01 9.935828e-01 3.042359e-02 -4.681763e-01 -9.827591e-01 1.122507e-01 -1.469161e-01 1.448915e+01
-1.534936e-01 -1.528331e-02 9.880314e-01 1.073456e+02 1.068835e-01 9.937572e-01 3.197655e-02 -4.331611e-01 -9.823521e-01 1.105124e-01 -1.509019e-01 1.418606e+01
-1.600594e-01 -1.631281e-02 9.869726e-01 1.093232e+02 1.053335e-01 9.938722e-01 3.350900e-02 -4.018789e-01 -9.814712e-01 1.093247e-01 -1.573603e-01 1.393044e+01
-1.635757e-01 -1.513322e-02 9.864147e-01 1.112465e+02 1.051949e-01 9.939141e-01 3.269258e-02 -3.618961e-01 -9.809062e-01 1.091135e-01 -1.609883e-01 1.359313e+01
-1.674674e-01 -1.358075e-02 9.857841e-01 1.131875e+02 1.042139e-01 9.940591e-01 3.139887e-02 -2.964357e-01 -9.803541e-01 1.079907e-01 -1.650572e-01 1.324583e+01
-1.723847e-01 -1.220790e-02 9.849541e-01 1.150990e+02 1.034463e-01 9.941695e-01 3.042709e-02 -2.575015e-01 -9.795828e-01 1.071350e-01 -1.701167e-01 1.293314e+01
-1.779899e-01 -1.186460e-02 9.839608e-01 1.170540e+02 1.011273e-01 9.944125e-01 3.028366e-02 -2.058532e-01 -9.788222e-01 1.048954e-01 -1.757955e-01 1.260739e+01
-1.817753e-01 -1.227661e-02 9.832634e-01 1.189481e+02 9.931505e-02 9.945799e-01 3.077822e-02 -1.676233e-01 -9.783120e-01 1.032476e-01 -1.795708e-01 1.225451e+01
-1.874258e-01 -1.310756e-02 9.821913e-01 1.208799e+02 9.716398e-02 9.947597e-01 3.181652e-02 -1.225895e-01 -9.774614e-01 1.013968e-01 -1.851700e-01 1.189941e+01
-1.929795e-01 -1.460038e-02 9.810941e-01 1.229012e+02 9.249663e-02 9.951659e-01 3.300372e-02 -2.796960e-02 -9.768333e-01 9.711695e-02 -1.906962e-01 1.143149e+01
-1.982318e-01 -1.454280e-02 9.800473e-01 1.248470e+02 9.307414e-02 9.950923e-01 3.359193e-02 1.846018e-02 -9.757261e-01 9.787605e-02 -1.959054e-01 1.104786e+01
-2.037504e-01 -1.293025e-02 9.789374e-01 1.268338e+02 9.344234e-02 9.950911e-01 3.259217e-02 7.096545e-02 -9.745534e-01 9.811489e-02 -2.015420e-01 1.064679e+01
-2.096873e-01 -1.173919e-02 9.776980e-01 1.287993e+02 9.292965e-02 9.951622e-01 3.187954e-02 1.251417e-01 -9.733424e-01 9.754187e-02 -2.075820e-01 1.026851e+01
-2.155597e-01 -1.149645e-02 9.764230e-01 1.307625e+02 9.327567e-02 9.951160e-01 3.230852e-02 1.805244e-01 -9.720255e-01 9.804093e-02 -2.134346e-01 9.843900e+00
-2.202509e-01 -1.173380e-02 9.753727e-01 1.326667e+02 9.224363e-02 9.951960e-01 3.280200e-02 2.265754e-01 -9.710719e-01 9.719658e-02 -2.181105e-01 9.405435e+00
-2.256895e-01 -1.094724e-02 9.741378e-01 1.346668e+02 9.109134e-02 9.953189e-01 3.228944e-02 2.837065e-01 -9.699312e-01 9.602291e-02 -2.236359e-01 8.957395e+00
-2.301453e-01 -1.044913e-02 9.731002e-01 1.366148e+02 9.020197e-02 9.954085e-01 3.202210e-02 3.267353e-01 -9.689668e-01 9.514529e-02 -2.281461e-01 8.500072e+00
-2.341740e-01 -9.361869e-03 9.721496e-01 1.386912e+02 9.104648e-02 9.953478e-01 3.151679e-02 4.071303e-01 -9.679220e-01 9.589122e-02 -2.322322e-01 7.940794e+00
-2.370143e-01 -8.757289e-03 9.714667e-01 1.406595e+02 9.416950e-02 9.950435e-01 3.194489e-02 4.551439e-01 -9.669314e-01 9.905393e-02 -2.350149e-01 7.442031e+00
-2.399407e-01 -8.210498e-03 9.707528e-01 1.426686e+02 9.467454e-02 9.949997e-01 3.181626e-02 5.054842e-01 -9.661600e-01 9.953959e-02 -2.379636e-01 6.930989e+00
-2.436578e-01 -6.802587e-03 9.698374e-01 1.447134e+02 9.584295e-02 9.949118e-01 3.105763e-02 5.639588e-01 -9.651140e-01 1.005195e-01 -2.417660e-01 6.444649e+00
-2.472217e-01 -7.269409e-03 9.689317e-01 1.467417e+02 9.457506e-02 9.950162e-01 3.159581e-02 6.088635e-01 -9.643324e-01 9.944794e-02 -2.453021e-01 5.953517e+00
-2.518090e-01 -6.934274e-03 9.677521e-01 1.487788e+02 9.256536e-02 9.952171e-01 3.121656e-02 6.600531e-01 -9.633400e-01 9.744093e-02 -2.499627e-01 5.480482e+00
-2.566967e-01 -6.248652e-03 9.664718e-01 1.507955e+02 9.090026e-02 9.953904e-01 3.057891e-02 7.108498e-01 -9.622079e-01 9.570205e-02 -2.549455e-01 4.987164e+00
-2.611617e-01 -6.492770e-03 9.652732e-01 1.528397e+02 8.991797e-02 9.954659e-01 3.102382e-02 7.556682e-01 -9.610980e-01 9.489764e-02 -2.593938e-01 4.446867e+00
-2.656198e-01 -6.101694e-03 9.640585e-01 1.548127e+02 8.952111e-02 9.955034e-01 3.096579e-02 8.329636e-01 -9.599125e-01 9.452872e-02 -2.638792e-01 3.832160e+00
-2.695909e-01 -6.392715e-03 9.629537e-01 1.566340e+02 8.883694e-02 9.955486e-01 3.148011e-02 8.482077e-01 -9.588685e-01 9.403261e-02 -2.678229e-01 3.310528e+00
-2.741818e-01 -6.391082e-03 9.616566e-01 1.586467e+02 8.765316e-02 9.956495e-01 3.160814e-02 9.008502e-01 -9.576749e-01 9.295861e-02 -2.724288e-01 2.760774e+00
-2.796775e-01 -7.108932e-03 9.600677e-01 1.603543e+02 8.812481e-02 9.955612e-01 3.304340e-02 9.179814e-01 -9.560410e-01 9.384727e-02 -2.778096e-01 2.456267e+00
-2.852474e-01 -6.981206e-03 9.584285e-01 1.621402e+02 8.809125e-02 9.955500e-01 3.346931e-02 9.802984e-01 -9.543971e-01 9.397619e-02 -2.833631e-01 2.141866e+00
-2.897164e-01 -5.657376e-03 9.570958e-01 1.642001e+02 8.932826e-02 9.954579e-01 3.292412e-02 1.038392e+00 -9.529349e-01 9.503436e-02 -2.878951e-01 1.541588e+00
-2.931344e-01 -4.642024e-03 9.560600e-01 1.663323e+02 8.988592e-02 9.954252e-01 3.239278e-02 1.075658e+00 -9.518365e-01 9.543177e-02 -2.913761e-01 8.332447e-01
-2.961302e-01 -3.378173e-03 9.551416e-01 1.682735e+02 9.002700e-02 9.954432e-01 3.143250e-02 1.089319e+00 -9.508954e-01 9.529664e-02 -2.944766e-01 2.238982e-01
-2.996652e-01 -2.134256e-03 9.540421e-01 1.703074e+02 9.078063e-02 9.953963e-01 3.074102e-02 1.135921e+00 -9.497156e-01 9.582055e-02 -2.980919e-01 -3.842853e-01
-3.024440e-01 -1.426886e-03 9.531661e-01 1.722897e+02 9.076547e-02 9.954115e-01 3.029043e-02 1.175872e+00 -9.488357e-01 9.567573e-02 -3.009267e-01 -1.021128e+00
-3.057799e-01 -9.758999e-04 9.521017e-01 1.743317e+02 9.137586e-02 9.953533e-01 3.036678e-02 1.219551e+00 -9.477073e-01 9.628467e-02 -3.042699e-01 -1.660367e+00
-3.096381e-01 -7.510940e-04 9.508542e-01 1.763753e+02 9.159739e-02 9.953254e-01 3.061419e-02 1.255475e+00 -9.464324e-01 9.657509e-02 -3.081219e-01 -2.326078e+00
-3.132278e-01 -5.686245e-04 9.496779e-01 1.783626e+02 9.328086e-02 9.951457e-01 3.136224e-02 1.287027e+00 -9.450857e-01 9.841029e-02 -3.116543e-01 -3.004694e+00
-3.159345e-01 -1.044506e-03 9.487804e-01 1.804506e+02 9.398971e-02 9.950460e-01 3.239308e-02 1.388383e+00 -9.441140e-01 9.940969e-02 -3.142712e-01 -3.839932e+00
-3.186700e-01 -1.542959e-03 9.478645e-01 1.824673e+02 9.474695e-02 9.949385e-01 3.347331e-02 1.441903e+00 -9.431185e-01 1.004742e-01 -3.169109e-01 -4.514603e+00
-3.209884e-01 -2.160758e-03 9.470807e-01 1.845196e+02 9.488858e-02 9.948923e-01 3.442986e-02 1.476620e+00 -9.423177e-01 1.009187e-01 -3.191438e-01 -5.237438e+00
-3.238646e-01 -1.597435e-03 9.461021e-01 1.865596e+02 9.439348e-02 9.949545e-01 3.399219e-02 1.512849e+00 -9.413828e-01 1.003147e-01 -3.220797e-01 -5.898870e+00
-3.265986e-01 6.935433e-04 9.451629e-01 1.886428e+02 9.387076e-02 9.950794e-01 3.170662e-02 1.561624e+00 -9.404901e-01 9.907849e-02 -3.250566e-01 -6.609055e+00
-3.296671e-01 2.573605e-03 9.440938e-01 1.906753e+02 9.310029e-02 9.952108e-01 2.979664e-02 1.618766e+00 -9.394956e-01 9.771837e-02 -3.283278e-01 -7.310461e+00
-3.342568e-01 3.154597e-03 9.424767e-01 1.926682e+02 9.253769e-02 9.952725e-01 2.948791e-02 1.627491e+00 -9.379281e-01 9.707115e-02 -3.329685e-01 -7.883012e+00
-3.376710e-01 4.186082e-03 9.412549e-01 1.947556e+02 9.050765e-02 9.955009e-01 2.804189e-02 1.684027e+00 -9.369027e-01 9.465970e-02 -3.365307e-01 -8.592404e+00
-3.419530e-01 4.553343e-03 9.397060e-01 1.967973e+02 9.011680e-02 9.955384e-01 2.796905e-02 1.749633e+00 -9.353861e-01 9.424740e-02 -3.408377e-01 -9.270357e+00
-3.451678e-01 3.755976e-03 9.385334e-01 1.989124e+02 9.006497e-02 9.955095e-01 2.913953e-02 1.778703e+00 -9.342095e-01 9.458702e-02 -3.439562e-01 -1.002701e+01
-3.490815e-01 2.937046e-03 9.370878e-01 2.010707e+02 8.979812e-02 9.954980e-01 3.033125e-02 1.812888e+00 -9.327799e-01 9.473680e-02 -3.477737e-01 -1.082171e+01
-3.530564e-01 2.867071e-03 9.355977e-01 2.031630e+02 8.954716e-02 9.955081e-01 3.074079e-02 1.867171e+00 -9.313068e-01 9.463334e-02 -3.517273e-01 -1.156937e+01
-3.583634e-01 2.656261e-03 9.335784e-01 2.051706e+02 8.852573e-02 9.955868e-01 3.114879e-02 1.896149e+00 -9.293755e-01 9.380830e-02 -3.570170e-01 -1.222024e+01
-3.614592e-01 2.143266e-03 9.323854e-01 2.071466e+02 8.732485e-02 9.956797e-01 3.156459e-02 1.972601e+00 -9.282896e-01 9.282973e-02 -3.600848e-01 -1.315432e+01
-3.648961e-01 2.927803e-03 9.310437e-01 2.092069e+02 8.776807e-02 9.956501e-01 3.126723e-02 2.008817e+00 -9.269022e-01 9.312519e-02 -3.635658e-01 -1.393287e+01
-3.679744e-01 3.685179e-03 9.298286e-01 2.113292e+02 8.844341e-02 9.955970e-01 3.105514e-02 2.049706e+00 -9.256201e-01 9.366471e-02 -3.666801e-01 -1.473082e+01
-3.717500e-01 3.070544e-03 9.283278e-01 2.132858e+02 8.931492e-02 9.954739e-01 3.247363e-02 2.069489e+00 -9.240264e-01 9.498560e-02 -3.703417e-01 -1.537443e+01
-3.742203e-01 2.550986e-03 9.273363e-01 2.153881e+02 9.028930e-02 9.953454e-01 3.369757e-02 2.114131e+00 -9.229339e-01 9.633886e-02 -3.727088e-01 -1.620583e+01
-3.768265e-01 3.080668e-03 9.262788e-01 2.174121e+02 9.177644e-02 9.951981e-01 3.402638e-02 2.139464e+00 -9.217260e-01 9.783261e-02 -3.752997e-01 -1.703325e+01
-3.794037e-01 4.088658e-03 9.252222e-01 2.194954e+02 9.156772e-02 9.952469e-01 3.315086e-02 2.188817e+00 -9.206890e-01 9.729805e-02 -3.779747e-01 -1.786937e+01
-3.824145e-01 4.346796e-03 9.239807e-01 2.215659e+02 9.093661e-02 9.953113e-01 3.295422e-02 2.236695e+00 -9.195051e-01 9.662584e-02 -3.810167e-01 -1.865974e+01
-3.862915e-01 6.541653e-03 9.223536e-01 2.236026e+02 9.045668e-02 9.954233e-01 3.082433e-02 2.322716e+00 -9.179305e-01 9.534021e-02 -3.851153e-01 -1.937633e+01
-3.893369e-01 7.530672e-03 9.210646e-01 2.257551e+02 8.994193e-02 9.954987e-01 2.987949e-02 2.365326e+00 -9.166936e-01 9.447552e-02 -3.882617e-01 -2.025606e+01
-3.916042e-01 7.103075e-03 9.201064e-01 2.277056e+02 8.781849e-02 9.956939e-01 2.968961e-02 2.382469e+00 -9.159334e-01 9.242893e-02 -3.905417e-01 -2.105549e+01
-3.927763e-01 7.628325e-03 9.196024e-01 2.295735e+02 8.747001e-02 9.957420e-01 2.909987e-02 2.478405e+00 -9.154648e-01 9.186736e-02 -3.917712e-01 -2.210023e+01
-3.947460e-01 7.368395e-03 9.187607e-01 2.315801e+02 8.906048e-02 9.955658e-01 3.028051e-02 2.520004e+00 -9.144637e-01 9.377838e-02 -3.936519e-01 -2.298073e+01
-3.955357e-01 5.719214e-03 9.184328e-01 2.332609e+02 8.936588e-02 9.954754e-01 3.228767e-02 2.528560e+00 -9.140926e-01 9.484749e-02 -3.942571e-01 -2.387759e+01
-3.965250e-01 3.376685e-03 9.180177e-01 2.348685e+02 8.727138e-02 9.956030e-01 3.403360e-02 2.500291e+00 -9.138663e-01 9.361185e-02 -3.950762e-01 -2.472906e+01
-3.991253e-01 3.474941e-03 9.168898e-01 2.367938e+02 8.575840e-02 9.957507e-01 3.355712e-02 2.533116e+00 -9.128770e-01 9.202450e-02 -3.977273e-01 -2.553470e+01
-4.023935e-01 2.647623e-03 9.154630e-01 2.387422e+02 8.446259e-02 9.958380e-01 3.424561e-02 2.553353e+00 -9.115621e-01 9.110259e-02 -4.009423e-01 -2.638532e+01
-4.044839e-01 2.757485e-03 9.145409e-01 2.406295e+02 8.384665e-02 9.958957e-01 3.408098e-02 2.641762e+00 -9.106934e-01 9.046640e-02 -4.030550e-01 -2.726852e+01
-4.076033e-01 3.212326e-03 9.131535e-01 2.426691e+02 8.342057e-02 9.959433e-01 3.373278e-02 2.681264e+00 -9.093407e-01 8.992537e-02 -4.062178e-01 -2.815315e+01
-4.110812e-01 2.921249e-03 9.115941e-01 2.446490e+02 8.308993e-02 9.959524e-01 3.427763e-02 2.719980e+00 -9.078041e-01 8.983517e-02 -4.096600e-01 -2.902681e+01
-4.151269e-01 2.283301e-03 9.097607e-01 2.465123e+02 8.191680e-02 9.960287e-01 3.487911e-02 2.785203e+00 -9.060680e-01 8.900394e-02 -4.136654e-01 -2.984327e+01
-4.194683e-01 2.365460e-03 9.077669e-01 2.485714e+02 8.076384e-02 9.961282e-01 3.472430e-02 2.839092e+00 -9.041701e-01 8.788048e-02 -4.180352e-01 -3.072593e+01
-4.238926e-01 3.409120e-03 9.057060e-01 2.506657e+02 8.098527e-02 9.961300e-01 3.415361e-02 2.889716e+00 -9.020845e-01 8.782631e-02 -4.225283e-01 -3.161734e+01
-4.264250e-01 3.749759e-03 9.045151e-01 2.526519e+02 8.154149e-02 9.960791e-01 3.431261e-02 2.931012e+00 -9.008400e-01 8.838727e-02 -4.250588e-01 -3.261452e+01
-4.298142e-01 3.688888e-03 9.029098e-01 2.547000e+02 8.084321e-02 9.961326e-01 3.441422e-02 2.994752e+00 -8.992909e-01 8.778585e-02 -4.284501e-01 -3.358879e+01
-4.330169e-01 4.565776e-03 9.013743e-01 2.566704e+02 7.996082e-02 9.962394e-01 3.336658e-02 3.055799e+00 -8.978322e-01 8.652291e-02 -4.317535e-01 -3.456062e+01
-4.391389e-01 5.536964e-03 8.984022e-01 2.587202e+02 8.100792e-02 9.961517e-01 3.345726e-02 3.140903e+00 -8.947596e-01 8.747007e-02 -4.378975e-01 -3.544596e+01
-4.424638e-01 5.517676e-03 8.967694e-01 2.607125e+02 8.156113e-02 9.960844e-01 3.411331e-02 3.157468e+00 -8.930697e-01 8.823542e-02 -4.411813e-01 -3.641776e+01
-4.454218e-01 6.404720e-03 8.952979e-01 2.626587e+02 8.326730e-02 9.959367e-01 3.430185e-02 3.184713e+00 -8.914404e-01 8.982784e-02 -4.441452e-01 -3.739463e+01
-4.487988e-01 8.865379e-03 8.935888e-01 2.647395e+02 8.529627e-02 9.958103e-01 3.295994e-02 3.256033e+00 -8.895528e-01 9.101218e-02 -4.476747e-01 -3.842925e+01
-4.518043e-01 9.460359e-03 8.920669e-01 2.668197e+02 8.641393e-02 9.957058e-01 3.320654e-02 3.304783e+00 -8.879220e-01 9.208987e-02 -4.506817e-01 -3.945158e+01
-4.542357e-01 1.188979e-02 8.908022e-01 2.687712e+02 8.801686e-02 9.956179e-01 3.159254e-02 3.373284e+00 -8.865229e-01 9.275608e-02 -4.532917e-01 -4.044469e+01
-4.551296e-01 1.454135e-02 8.903065e-01 2.705812e+02 9.062392e-02 9.954311e-01 3.006910e-02 3.410183e+00 -8.858016e-01 9.436840e-02 -4.543679e-01 -4.138950e+01
-4.575413e-01 1.535857e-02 8.890557e-01 2.726459e+02 9.140087e-02 9.953669e-01 2.984319e-02 3.474960e+00 -8.844783e-01 9.491496e-02 -4.568253e-01 -4.245007e+01
-4.617120e-01 1.582807e-02 8.868886e-01 2.748387e+02 9.146904e-02 9.953603e-01 2.985463e-02 3.500364e+00 -8.823012e-01 9.490710e-02 -4.610176e-01 -4.354567e+01
-4.645166e-01 1.612647e-02 8.854176e-01 2.769203e+02 9.055232e-02 9.954584e-01 2.937578e-02 3.572375e+00 -8.809226e-01 9.382215e-02 -4.638672e-01 -4.461655e+01
-4.675448e-01 1.766420e-02 8.837929e-01 2.790333e+02 9.207058e-02 9.953355e-01 2.881367e-02 3.621586e+00 -8.791614e-01 9.484301e-02 -4.669903e-01 -4.574111e+01
-4.761679e-01 1.736611e-02 8.791829e-01 2.812300e+02 8.940387e-02 9.955803e-01 2.875612e-02 3.730854e+00 -8.747978e-01 9.229510e-02 -4.756159e-01 -4.681129e+01
-4.785441e-01 1.756679e-02 8.778878e-01 2.833558e+02 8.827654e-02 9.956968e-01 2.819611e-02 3.782915e+00 -8.736148e-01 9.098998e-02 -4.780356e-01 -4.795013e+01
-4.804394e-01 1.862590e-02 8.768302e-01 2.853979e+02 9.050392e-02 9.954898e-01 2.844308e-02 3.833766e+00 -8.723457e-01 9.302174e-02 -4.799582e-01 -4.905956e+01
-4.824698e-01 1.844417e-02 8.757184e-01 2.875040e+02 9.155413e-02 9.953637e-01 2.947687e-02 3.885397e+00 -8.711147e-01 9.439733e-02 -4.819216e-01 -5.020209e+01
-4.844774e-01 1.940357e-02 8.745885e-01 2.897025e+02 9.344831e-02 9.951814e-01 2.968656e-02 3.947397e+00 -8.697982e-01 9.611129e-02 -4.839562e-01 -5.141912e+01
-4.866886e-01 1.935726e-02 8.733610e-01 2.918262e+02 9.352196e-02 9.951633e-01 3.005909e-02 3.996564e+00 -8.685550e-01 9.630785e-02 -4.861450e-01 -5.256544e+01
-4.882890e-01 1.872529e-02 8.724811e-01 2.938994e+02 9.330047e-02 9.951597e-01 3.085790e-02 4.060142e+00 -8.676802e-01 9.647047e-02 -4.876726e-01 -5.373535e+01
-4.903819e-01 1.892585e-02 8.713021e-01 2.960891e+02 9.452423e-02 9.950213e-01 3.158646e-02 4.120602e+00 -8.663664e-01 9.784859e-02 -4.897294e-01 -5.499754e+01
-4.929110e-01 1.854322e-02 8.698821e-01 2.983561e+02 9.446396e-02 9.950036e-01 3.231675e-02 4.182055e+00 -8.649366e-01 9.810179e-02 -4.922000e-01 -5.628456e+01
-4.937825e-01 1.886504e-02 8.693808e-01 3.005052e+02 9.348851e-02 9.951218e-01 3.150516e-02 4.239544e+00 -8.645454e-01 9.683381e-02 -4.931373e-01 -5.755310e+01
-4.984823e-01 2.139896e-02 8.666357e-01 3.026577e+02 9.386300e-02 9.951504e-01 2.941703e-02 4.273844e+00 -8.618034e-01 9.600890e-02 -4.980734e-01 -5.859116e+01
-5.037407e-01 2.010495e-02 8.636209e-01 3.046927e+02 9.115648e-02 9.953846e-01 2.999820e-02 4.368271e+00 -8.590319e-01 9.383596e-02 -5.032485e-01 -5.977449e+01
-5.081764e-01 1.830362e-02 8.610585e-01 3.068976e+02 8.908383e-02 9.955286e-01 3.141311e-02 4.413694e+00 -8.566334e-01 9.266979e-02 -5.075347e-01 -6.102595e+01
-5.127536e-01 1.619423e-02 8.583831e-01 3.090405e+02 8.600004e-02 9.957621e-01 3.258596e-02 4.510405e+00 -8.542176e-01 9.052955e-02 -5.119733e-01 -6.226780e+01
-5.176888e-01 1.473889e-02 8.554420e-01 3.112788e+02 8.481774e-02 9.958103e-01 3.417186e-02 4.572878e+00 -8.513544e-01 9.024705e-02 -5.167699e-01 -6.359416e+01
-5.217329e-01 1.494265e-02 8.529780e-01 3.135166e+02 8.517782e-02 9.957629e-01 3.465593e-02 4.647327e+00 -8.488460e-01 9.073595e-02 -5.207951e-01 -6.496229e+01
-5.253255e-01 1.744054e-02 8.507226e-01 3.157519e+02 8.907369e-02 9.954240e-01 3.459641e-02 4.716264e+00 -8.462263e-01 9.395137e-02 -5.244750e-01 -6.634386e+01
-5.287397e-01 1.699661e-02 8.486139e-01 3.176666e+02 8.835038e-02 9.954705e-01 3.510989e-02 4.815596e+00 -8.441733e-01 9.353934e-02 -5.278464e-01 -6.761304e+01
-5.300477e-01 1.688794e-02 8.477997e-01 3.196405e+02 8.950248e-02 9.953310e-01 3.613057e-02 4.878528e+00 -8.432312e-01 9.503110e-02 -5.290844e-01 -6.894517e+01
-5.352483e-01 1.536980e-02 8.445549e-01 3.218428e+02 8.887417e-02 9.953096e-01 3.821190e-02 4.953923e+00 -8.400063e-01 9.551197e-02 -5.341038e-01 -7.023637e+01
-5.391601e-01 1.343810e-02 8.420961e-01 3.239508e+02 8.658551e-02 9.954590e-01 3.955174e-02 5.038007e+00 -8.377407e-01 9.423804e-02 -5.378753e-01 -7.153925e+01
-5.432516e-01 1.210590e-02 8.394827e-01 3.259344e+02 8.378044e-02 9.956868e-01 3.985808e-02 5.136558e+00 -8.353793e-01 9.198519e-02 -5.419226e-01 -7.278230e+01
-5.474920e-01 1.170152e-02 8.367291e-01 3.277145e+02 8.208548e-02 9.958309e-01 3.978397e-02 5.212716e+00 -8.327752e-01 9.046472e-02 -5.461699e-01 -7.398192e+01
-5.510321e-01 9.911504e-03 8.344252e-01 3.289591e+02 8.092065e-02 9.958517e-01 4.160887e-02 5.267849e+00 -8.305513e-01 9.045005e-02 -5.495483e-01 -7.480529e+01
-5.564972e-01 8.479093e-03 8.308062e-01 3.298677e+02 7.959191e-02 9.958932e-01 4.314893e-02 5.337017e+00 -8.270284e-01 9.013771e-02 -5.548867e-01 -7.544820e+01
-5.612772e-01 5.606628e-03 8.276089e-01 3.302643e+02 7.569201e-02 9.961340e-01 4.458535e-02 5.313056e+00 -8.241594e-01 8.766812e-02 -5.595316e-01 -7.557764e+01
-5.681102e-01 2.997797e-03 8.229470e-01 3.304269e+02 7.134089e-02 9.964082e-01 4.561953e-02 5.293034e+00 -8.198544e-01 8.462670e-02 -5.662836e-01 -7.545234e+01
-5.742053e-01 4.239354e-03 8.187003e-01 3.313254e+02 7.552185e-02 9.959973e-01 4.781074e-02 5.297933e+00 -8.152206e-01 8.928294e-02 -5.722271e-01 -7.585858e+01
-5.849457e-01 -2.499725e-04 8.110724e-01 3.330144e+02 6.681789e-02 9.965859e-01 4.849624e-02 5.320302e+00 -8.083155e-01 8.256181e-02 -5.829319e-01 -7.663949e+01
-5.853930e-01 -6.522050e-04 8.107495e-01 3.339926e+02 6.549339e-02 9.966935e-01 4.809059e-02 5.359246e+00 -8.081000e-01 8.125062e-02 -5.834146e-01 -7.742691e+01
-5.885332e-01 -5.010439e-04 8.084729e-01 3.360290e+02 6.210944e-02 9.970165e-01 4.583087e-02 5.479944e+00 -8.060838e-01 7.718679e-02 -5.867462e-01 -7.892002e+01
-5.907782e-01 -9.444365e-04 8.068334e-01 3.373954e+02 6.318362e-02 9.968742e-01 4.743109e-02 5.579882e+00 -8.043562e-01 7.899991e-02 -5.888719e-01 -8.008861e+01
-5.951837e-01 -1.568066e-03 8.035882e-01 3.391714e+02 6.416032e-02 9.967129e-01 4.946575e-02 5.687500e+00 -8.010242e-01 8.099968e-02 -5.931267e-01 -8.145733e+01
-5.971943e-01 -3.833923e-04 8.020965e-01 3.410634e+02 6.634289e-02 9.965498e-01 4.987139e-02 5.709314e+00 -7.993482e-01 8.299631e-02 -5.951084e-01 -8.302925e+01
-5.996705e-01 1.408856e-03 8.002458e-01 3.412493e+02 6.734367e-02 9.965401e-01 4.871007e-02 5.824648e+00 -7.974084e-01 8.310149e-02 -5.976905e-01 -8.347795e+01
-6.030151e-01 -1.850630e-03 7.977276e-01 3.415256e+02 6.628604e-02 9.964228e-01 5.241826e-02 5.914504e+00 -7.949710e-01 8.448721e-02 -6.007353e-01 -8.409927e+01
-6.050673e-01 -2.392140e-03 7.961708e-01 3.417168e+02 6.564964e-02 9.964403e-01 5.288573e-02 5.968404e+00 -7.934631e-01 8.426774e-02 -6.027564e-01 -8.442136e+01
-6.049653e-01 -4.909179e-04 7.962517e-01 3.419799e+02 6.753561e-02 9.963647e-01 5.192559e-02 6.055013e+00 -7.933826e-01 8.518852e-02 -6.027330e-01 -8.499374e+01
-6.046830e-01 -1.907793e-03 7.964640e-01 3.420995e+02 6.445869e-02 9.965996e-01 5.132483e-02 6.139676e+00 -7.938536e-01 8.237427e-02 -6.025039e-01 -8.524956e+01
-6.046004e-01 1.504674e-03 7.965276e-01 3.419920e+02 6.931477e-02 9.963041e-01 5.073098e-02 6.076894e+00 -7.935073e-01 8.588310e-02 -6.024701e-01 -8.499243e+01
-6.049038e-01 4.147729e-03 7.962877e-01 3.422007e+02 7.296357e-02 9.960685e-01 5.023878e-02 6.118849e+00 -7.929487e-01 8.848963e-02 -6.028283e-01 -8.544930e+01
-6.072485e-01 1.045410e-03 7.945113e-01 3.422046e+02 6.744269e-02 9.964576e-01 5.023561e-02 6.113259e+00 -7.916443e-01 8.408947e-02 -6.051679e-01 -8.537355e+01
-6.090485e-01 -1.629278e-03 7.931313e-01 3.422016e+02 5.775294e-02 9.972522e-01 4.639730e-02 6.113501e+00 -7.910275e-01 7.406387e-02 -6.072809e-01 -8.534713e+01
-6.124197e-01 -5.147890e-04 7.905326e-01 3.421721e+02 4.823198e-02 9.981125e-01 3.801491e-02 6.057054e+00 -7.890601e-01 6.141004e-02 -6.112389e-01 -8.513879e+01
-6.158861e-01 8.146417e-03 7.877931e-01 3.421569e+02 5.632718e-02 9.978428e-01 3.371733e-02 5.999267e+00 -7.858191e-01 6.514020e-02 -6.150164e-01 -8.500453e+01
-6.172910e-01 8.208176e-03 7.866921e-01 3.420603e+02 6.303713e-02 9.972466e-01 3.905807e-02 5.943536e+00 -7.842054e-01 7.370101e-02 -6.161088e-01 -8.489946e+01
-6.207191e-01 1.708557e-03 7.840312e-01 3.421708e+02 6.560182e-02 9.966041e-01 4.976530e-02 5.929219e+00 -7.812837e-01 8.232415e-02 -6.187233e-01 -8.511765e+01
-6.276925e-01 -7.797637e-03 7.784224e-01 3.421930e+02 6.149258e-02 9.963285e-01 5.956591e-02 5.853550e+00 -7.760289e-01 8.525627e-02 -6.249084e-01 -8.482914e+01
-6.298574e-01 -1.466466e-02 7.765723e-01 3.423605e+02 5.477793e-02 9.964935e-01 6.324654e-02 5.863564e+00 -7.747768e-01 8.237533e-02 -6.268455e-01 -8.491837e+01
-6.293344e-01 -1.440469e-02 7.770011e-01 3.424459e+02 5.421831e-02 9.965781e-01 6.238967e-02 5.925931e+00 -7.752410e-01 8.139165e-02 -6.263999e-01 -8.516754e+01
-6.331016e-01 -1.032928e-02 7.739998e-01 3.423974e+02 5.822161e-02 9.964431e-01 6.092086e-02 5.919079e+00 -7.718760e-01 8.363260e-02 -6.302483e-01 -8.506778e+01
-6.370291e-01 -1.540812e-03 7.708382e-01 3.423438e+02 6.564746e-02 9.962565e-01 5.624317e-02 5.912214e+00 -7.680393e-01 8.643211e-02 -6.345432e-01 -8.505653e+01
-6.411486e-01 1.968454e-03 7.674142e-01 3.423561e+02 6.736685e-02 9.962806e-01 5.372722e-02 5.919034e+00 -7.644541e-01 8.614542e-02 -6.388966e-01 -8.510075e+01
-6.442927e-01 6.566080e-04 7.647787e-01 3.423817e+02 6.482497e-02 9.964477e-01 5.375670e-02 5.933726e+00 -7.620267e-01 8.421180e-02 -6.420465e-01 -8.517928e+01
-6.481643e-01 -5.548751e-04 7.615004e-01 3.425056e+02 6.374624e-02 9.964502e-01 5.498479e-02 5.942188e+00 -7.588277e-01 8.418196e-02 -6.458281e-01 -8.532392e+01
-6.540704e-01 -4.707428e-03 7.564190e-01 3.427666e+02 5.854217e-02 9.966664e-01 5.682358e-02 5.926057e+00 -7.541649e-01 8.144903e-02 -6.516144e-01 -8.526839e+01
-6.553119e-01 -3.958614e-03 7.553480e-01 3.428293e+02 5.904717e-02 9.966578e-01 5.645040e-02 5.974417e+00 -7.530469e-01 8.159378e-02 -6.528880e-01 -8.549256e+01
-6.557457e-01 -6.925500e-03 7.549501e-01 3.425948e+02 5.581184e-02 9.967772e-01 5.762176e-02 5.924396e+00 -7.529161e-01 7.992037e-02 -6.532458e-01 -8.522311e+01
-6.555584e-01 -2.914662e-03 7.551388e-01 3.422276e+02 5.979089e-02 9.966527e-01 5.575310e-02 5.921652e+00 -7.527737e-01 8.169984e-02 -6.531898e-01 -8.514530e+01
-6.575304e-01 -2.283739e-03 7.534246e-01 3.421846e+02 6.354099e-02 9.962647e-01 5.847345e-02 5.915827e+00 -7.507439e-01 8.632141e-02 -6.549292e-01 -8.538115e+01
-6.647398e-01 -3.370042e-03 7.470673e-01 3.421914e+02 6.431948e-02 9.960186e-01 6.172448e-02 5.912278e+00 -7.443010e-01 8.908170e-02 -6.618765e-01 -8.531506e+01
-6.611748e-01 -3.540664e-03 7.502235e-01 3.420819e+02 6.485201e-02 9.959760e-01 6.185482e-02 5.939596e+00 -7.474236e-01 8.955035e-02 -6.582847e-01 -8.533314e+01
-6.624407e-01 -5.667845e-03 7.490929e-01 3.422301e+02 6.128592e-02 9.962093e-01 6.173419e-02 5.965480e+00 -7.466033e-01 8.680409e-02 -6.595822e-01 -8.550893e+01
-6.605985e-01 -5.125791e-03 7.507219e-01 3.422873e+02 5.872908e-02 9.965594e-01 5.848304e-02 5.952168e+00 -7.484387e-01 8.272301e-02 -6.580246e-01 -8.566537e+01
-6.569914e-01 -2.579138e-03 7.538936e-01 3.423344e+02 5.965541e-02 9.966807e-01 5.539729e-02 6.015818e+00 -7.515341e-01 8.136938e-02 -6.546568e-01 -8.611188e+01
-6.539413e-01 -4.202863e-03 7.565336e-01 3.422399e+02 5.945364e-02 9.966065e-01 5.692780e-02 6.000871e+00 -7.542056e-01 8.220612e-02 -6.514723e-01 -8.637368e+01
-6.520776e-01 -4.342583e-03 7.581398e-01 3.423108e+02 5.830638e-02 9.967347e-01 5.585868e-02 6.015229e+00 -7.559069e-01 8.062858e-02 -6.496952e-01 -8.657111e+01
-6.555030e-01 -5.536563e-03 7.551723e-01 3.422939e+02 5.472437e-02 9.969960e-01 5.481122e-02 5.998835e+00 -7.532072e-01 7.725524e-02 -6.532308e-01 -8.662195e+01
-6.618889e-01 -8.896383e-03 7.495492e-01 3.423872e+02 4.960624e-02 9.972178e-01 5.564072e-02 5.958993e+00 -7.479587e-01 7.401029e-02 -6.596061e-01 -8.664957e+01
-6.684939e-01 -1.047732e-02 7.436439e-01 3.423447e+02 5.015524e-02 9.969893e-01 5.913347e-02 5.928196e+00 -7.420245e-01 7.682800e-02 -6.659557e-01 -8.664651e+01
-6.737803e-01 -1.191652e-02 7.388356e-01 3.422907e+02 5.409551e-02 9.963915e-01 6.540293e-02 5.906539e+00 -7.369490e-01 8.403489e-02 -6.707044e-01 -8.670029e+01
-6.722039e-01 -1.380594e-02 7.402374e-01 3.425314e+02 5.721291e-02 9.958677e-01 7.052822e-02 5.900544e+00 -7.381521e-01 8.976047e-02 -6.686363e-01 -8.689588e+01
-6.705388e-01 -1.346340e-02 7.417522e-01 3.430519e+02 6.202414e-02 9.953175e-01 7.413521e-02 6.020355e+00 -7.392771e-01 9.571708e-02 -6.665640e-01 -8.743446e+01
-6.668184e-01 -1.188394e-02 7.451255e-01 3.434449e+02 6.029551e-02 9.957343e-01 6.983978e-02 6.228259e+00 -7.427770e-01 9.149817e-02 -6.632574e-01 -8.817971e+01
-6.657416e-01 -1.192081e-02 7.460871e-01 3.439521e+02 5.420709e-02 9.964579e-01 6.429075e-02 6.333331e+00 -7.442108e-01 8.324423e-02 -6.627373e-01 -8.871203e+01
-6.621269e-01 -1.358344e-02 7.492686e-01 3.440573e+02 5.070417e-02 9.967325e-01 6.287685e-02 6.365291e+00 -7.476745e-01 7.962349e-02 -6.592746e-01 -8.887045e+01
