1.000000e+00 0.000000e+00 0.000000e+00 0.000000e+00 0.000000e+00 1.000000e+00 0.000000e+00 0.000000e+00 0.000000e+00 0.000000e+00 1.000000e+00 0.000000e+00
9.990605e-01 -4.207394e-04 4.333663e-02 4.067647e-02 5.405763e-04 9.999961e-01 -2.753575e-03 -1.338390e-02 -4.333530e-02 2.774415e-03 9.990568e-01 1.018201e+00
9.960766e-01 -4.645591e-03 8.837367e-02 1.287918e-01 5.349210e-03 9.999558e-01 -7.726697e-03 -2.198941e-02 -8.833387e-02 8.169111e-03 9.960575e-01 2.085955e+00
9.910272e-01 -3.839632e-03 1.336054e-01 2.591691e-01 5.443926e-03 9.999174e-01 -1.164447e-02 -3.848503e-02 -1.335497e-01 1.226732e-02 9.909662e-01 3.106941e+00
9.837806e-01 -1.639850e-03 1.793687e-01 4.527308e-01 4.242428e-03 9.998912e-01 -1.412703e-02 -6.127284e-02 -1.793260e-01 1.465886e-02 9.836805e-01 4.141318e+00
9.743537e-01 -4.305483e-03 2.249805e-01 6.902921e-01 7.624212e-03 9.998745e-01 -1.388447e-02 -9.095386e-02 -2.248926e-01 1.524369e-02 9.742643e-01 5.156138e+00
9.627936e-01 -5.113233e-03 2.701896e-01 9.773185e-01 9.576748e-03 9.998385e-01 -1.520423e-02 -1.172050e-01 -2.700682e-01 1.722607e-02 9.626871e-01 6.178203e+00
9.492157e-01 -7.303161e-03 3.145413e-01 1.289871e+00 1.338138e-02 9.997631e-01 -1.716908e-02 -1.739269e-01 -3.143414e-01 2.050616e-02 9.490885e-01 7.102507e+00
9.340360e-01 -8.664298e-03 3.570738e-01 1.655697e+00 1.655198e-02 9.996817e-01 -1.903977e-02 -1.990543e-01 -3.567952e-01 2.369411e-02 9.338821e-01 8.064232e+00
9.168372e-01 -8.724795e-03 3.991659e-01 2.080099e+00 1.811195e-02 9.996409e-01 -1.975132e-02 -2.311205e-01 -3.988502e-01 2.533842e-02 9.166660e-01 9.031186e+00
8.972319e-01 -9.088979e-03 4.414661e-01 2.539066e+00 1.906075e-02 9.996535e-01 -1.815787e-02 -2.799951e-01 -4.411480e-01 2.470649e-02 8.970942e-01 9.992992e+00
8.753762e-01 -8.773607e-03 4.833627e-01 3.017024e+00 1.942583e-02 9.996662e-01 -1.703531e-02 -3.166575e-01 -4.830519e-01 2.430203e-02 8.752544e-01 1.088516e+01
8.511895e-01 -8.612639e-03 5.247879e-01 3.537223e+00 1.987943e-02 9.996769e-01 -1.583746e-02 -3.501085e-01 -5.244820e-01 2.391316e-02 8.510857e-01 1.177054e+01
8.261715e-01 -8.845682e-03 5.633494e-01 4.185366e+00 2.142293e-02 9.996469e-01 -1.572107e-02 -3.935719e-01 -5.630114e-01 2.505689e-02 8.260692e-01 1.272172e+01
7.986627e-01 -1.246377e-02 6.016499e-01 4.839873e+00 2.627120e-02 9.995545e-01 -1.416707e-02 -4.586240e-01 -6.012053e-01 2.712077e-02 7.986342e-01 1.381592e+01
7.702931e-01 -1.201634e-02 6.375768e-01 5.531101e+00 2.710568e-02 9.995358e-01 -1.390978e-02 -5.153502e-01 -6.371137e-01 2.799656e-02 7.702612e-01 1.462226e+01
7.400844e-01 -1.551509e-02 6.723350e-01 6.246930e+00 3.222374e-02 9.994037e-01 -1.240817e-02 -5.584444e-01 -6.717415e-01 3.084824e-02 7.401431e-01 1.539468e+01
7.080566e-01 -1.479499e-02 7.060006e-01 7.033048e+00 3.249360e-02 9.994041e-01 -1.164466e-02 -5.960591e-01 -7.054077e-01 3.118558e-02 7.081155e-01 1.619251e+01
6.740256e-01 -1.363392e-02 7.385822e-01 7.787771e+00 3.350602e-02 9.993649e-01 -1.212953e-02 -6.282204e-01 -7.379478e-01 3.292256e-02 6.740543e-01 1.688217e+01
6.387039e-01 -1.500561e-02 7.693062e-01 8.578990e+00 3.813174e-02 9.991986e-01 -1.216850e-02 -6.592007e-01 -7.685072e-01 3.710705e-02 6.387643e-01 1.753489e+01
6.026071e-01 -1.348725e-02 7.979240e-01 9.518590e+00 3.819863e-02 9.991986e-01 -1.195893e-02 -6.914013e-01 -7.971233e-01 3.768614e-02 6.026394e-01 1.821549e+01
5.648074e-01 -1.202828e-02 8.251351e-01 1.036616e+01 4.040690e-02 9.990975e-01 -1.309445e-02 -7.160215e-01 -8.242329e-01 4.073699e-02 5.647836e-01 1.881344e+01
5.260983e-01 -1.088826e-02 8.503541e-01 1.127754e+01 4.540129e-02 9.988517e-01 -1.529925e-02 -7.497839e-01 -8.492110e-01 4.665608e-02 5.259885e-01 1.936927e+01
4.879177e-01 -9.789438e-03 8.728347e-01 1.234083e+01 4.715057e-02 9.987728e-01 -1.515541e-02 -7.669249e-01 -8.716153e-01 4.854925e-02 4.877805e-01 1.993495e+01
4.494381e-01 -1.162054e-02 8.932359e-01 1.324324e+01 5.187891e-02 9.985673e-01 -1.311240e-02 -7.929045e-01 -8.918038e-01 5.223332e-02 4.493971e-01 2.039726e+01
4.126188e-01 -1.263010e-02 9.108162e-01 1.417931e+01 5.592821e-02 9.983686e-01 -1.149248e-02 -8.262988e-01 -9.091852e-01 5.568234e-02 4.126521e-01 2.081138e+01
3.778004e-01 -9.871677e-03 9.258345e-01 1.527486e+01 5.712913e-02 9.982864e-01 -1.266819e-02 -8.448035e-01 -9.241229e-01 5.767816e-02 3.777169e-01 2.126158e+01
3.453107e-01 -1.110840e-02 9.384227e-01 1.630272e+01 5.729996e-02 9.983140e-01 -9.267270e-03 -8.758923e-01 -9.367375e-01 5.697167e-02 3.453650e-01 2.162564e+01
3.128483e-01 -1.286568e-02 9.497160e-01 1.740522e+01 6.002223e-02 9.981775e-01 -6.249893e-03 -8.933969e-01 -9.479047e-01 5.895934e-02 3.130503e-01 2.197748e+01
2.811810e-01 -1.299424e-02 9.595668e-01 1.863755e+01 5.977876e-02 9.982036e-01 -3.999464e-03 -9.278403e-01 -9.577911e-01 5.848629e-02 2.814527e-01 2.228637e+01
2.497789e-01 -9.964878e-03 9.682516e-01 1.986087e+01 5.718672e-02 9.983535e-01 -4.477724e-03 -9.416936e-01 -9.666128e-01 5.648957e-02 2.499375e-01 2.260479e+01
2.170111e-01 -9.274870e-03 9.761251e-01 2.153113e+01 5.901951e-02 9.982502e-01 -3.636060e-03 -1.001833e+00 -9.743834e-01 5.839949e-02 2.171788e-01 2.311273e+01
1.863589e-01 -8.951846e-03 9.824409e-01 2.275756e+01 6.116879e-02 9.981243e-01 -2.508341e-03 -1.013175e+00 -9.805757e-01 6.056217e-02 1.865570e-01 2.338338e+01
1.547552e-01 -9.259002e-03 9.879094e-01 2.403245e+01 6.263373e-02 9.980365e-01 -4.576076e-04 -1.029953e+00 -9.859654e-01 6.194727e-02 1.550313e-01 2.365654e+01
1.246643e-01 -1.044927e-02 9.921439e-01 2.533105e+01 6.137688e-02 9.981107e-01 2.800021e-03 -1.059163e+00 -9.902988e-01 6.054564e-02 1.250702e-01 2.381669e+01
9.631141e-02 -1.125685e-02 9.952876e-01 2.674805e+01 6.155940e-02 9.980892e-01 5.331596e-03 -1.093889e+00 -9.934458e-01 6.075581e-02 9.682034e-02 2.386583e+01
6.915556e-02 -1.119959e-02 9.975430e-01 2.810395e+01 6.473347e-02 9.978800e-01 6.715667e-03 -1.091651e+00 -9.955034e-01 6.410999e-02 6.973393e-02 2.396392e+01
4.408152e-02 -1.058519e-02 9.989719e-01 2.933251e+01 6.835674e-02 9.976323e-01 7.554626e-03 -1.082445e+00 -9.966866e-01 6.795344e-02 4.470072e-02 2.403906e+01
2.092558e-02 -1.026121e-02 9.997284e-01 3.063309e+01 7.220343e-02 9.973518e-01 8.725507e-03 -1.081193e+00 -9.971704e-01 7.200123e-02 2.161106e-02 2.409309e+01
1.076381e-03 -1.006793e-02 9.999487e-01 3.197240e+01 7.807738e-02 9.968976e-01 9.953162e-03 -1.062980e+00 -9.969467e-01 7.806266e-02 1.859119e-03 2.407404e+01
-1.649015e-02 -1.090091e-02 9.998046e-01 3.328036e+01 8.217235e-02 9.965432e-01 1.222065e-02 -1.060393e+00 -9.964817e-01 8.235782e-02 -1.553739e-02 2.407001e+01
-3.213933e-02 -1.094532e-02 9.994234e-01 3.467912e+01 8.553889e-02 9.962412e-01 1.366121e-02 -1.063142e+00 -9.958163e-01 8.592864e-02 -3.108228e-02 2.400721e+01
-4.631679e-02 -1.149307e-02 9.988607e-01 3.594315e+01 8.719589e-02 9.960705e-01 1.550420e-02 -1.041195e+00 -9.951138e-01 8.781465e-02 -4.513264e-02 2.396259e+01
-5.911604e-02 -1.292285e-02 9.981675e-01 3.725046e+01 8.711360e-02 9.960347e-01 1.805450e-02 -1.040903e+00 -9.944428e-01 8.802127e-02 -5.775588e-02 2.387481e+01
-7.187130e-02 -1.298826e-02 9.973294e-01 3.857797e+01 8.695431e-02 9.960265e-01 1.923755e-02 -1.040450e+00 -9.936163e-01 8.810472e-02 -7.045633e-02 2.380214e+01
-8.265813e-02 -1.059985e-02 9.965216e-01 3.981410e+01 8.715255e-02 9.960355e-01 1.782370e-02 -1.040976e+00 -9.927598e-01 8.832267e-02 -8.140664e-02 2.371338e+01
-9.318877e-02 -7.164427e-03 9.956227e-01 4.112410e+01 8.695832e-02 9.960943e-01 1.530699e-02 -1.024245e+00 -9.918438e-01 8.800412e-02 -9.220180e-02 2.361241e+01
-1.019949e-01 -5.122917e-03 9.947717e-01 4.242963e+01 8.841134e-02 9.959829e-01 1.419405e-02 -1.024043e+00 -9.908484e-01 8.939682e-02 -1.011322e-01 2.345796e+01
-1.095879e-01 -4.264680e-03 9.939680e-01 4.384414e+01 8.842778e-02 9.959839e-01 1.402275e-02 -1.013436e+00 -9.900359e-01 8.943111e-02 -1.087707e-01 2.326433e+01
-1.152096e-01 -3.212059e-03 9.933360e-01 4.525292e+01 8.780748e-02 9.960473e-01 1.340496e-02 -9.812463e-01 -9.894527e-01 8.876672e-02 -1.144722e-01 2.307464e+01
-1.198450e-01 -2.118933e-03 9.927903e-01 4.662638e+01 8.866458e-02 9.959789e-01 1.282891e-02 -9.730325e-01 -9.888254e-01 8.956282e-02 -1.191752e-01 2.288780e+01
-1.241630e-01 -1.976298e-04 9.922618e-01 4.803951e+01 8.822876e-02 9.960368e-01 1.123856e-02 -9.579873e-01 -9.883316e-01 8.894145e-02 -1.236535e-01 2.269603e+01
-1.283015e-01 1.553495e-04 9.917352e-01 4.939694e+01 8.928521e-02 9.959409e-01 1.139489e-02 -9.633442e-01 -9.877079e-01 9.000926e-02 -1.277946e-01 2.253412e+01
-1.339044e-01 -2.459140e-03 9.909912e-01 5.138258e+01 9.060024e-02 9.957787e-01 1.471307e-02 -1.013471e+00 -9.868441e-01 9.175418e-02 -1.331163e-01 2.211703e+01
-1.350288e-01 -4.386897e-03 9.908320e-01 5.290539e+01 9.184963e-02 9.956290e-01 1.692524e-02 -1.002110e+00 -9.865753e-01 9.329294e-02 -1.340356e-01 2.184382e+01
-1.376447e-01 -5.502414e-03 9.904664e-01 5.441837e+01 9.180325e-02 9.956092e-01 1.828885e-02 -9.849585e-01 -9.862181e-01 9.344540e-02 -1.365352e-01 2.164400e+01
-1.397492e-01 -4.827001e-03 9.901752e-01 5.585840e+01 9.418690e-02 9.953892e-01 1.814556e-02 -9.636058e-01 -9.856972e-01 9.579736e-02 -1.386502e-01 2.145573e+01
-1.406188e-01 -5.294485e-03 9.900497e-01 5.735619e+01 9.455756e-02 9.953427e-01 1.875300e-02 -9.466784e-01 -9.855380e-01 9.625371e-02 -1.394633e-01 2.122188e+01
-1.410865e-01 -4.114552e-03 9.899887e-01 5.883984e+01 9.615522e-02 9.952065e-01 1.783963e-02 -9.253549e-01 -9.853166e-01 9.770951e-02 -1.400146e-01 2.101411e+01
-1.417868e-01 -4.005064e-03 9.898891e-01 6.037463e+01 9.583797e-02 9.952386e-01 1.775407e-02 -9.090903e-01 -9.852470e-01 9.738625e-02 -1.407279e-01 2.083333e+01
-1.406530e-01 -2.788433e-03 9.900550e-01 6.194749e+01 9.524199e-02 9.953201e-01 1.633389e-02 -8.811439e-01 -9.854673e-01 9.659223e-02 -1.397291e-01 2.058762e+01
-1.392956e-01 -3.380708e-03 9.902450e-01 6.355370e+01 9.627613e-02 9.952105e-01 1.694061e-02 -8.805993e-01 -9.855596e-01 9.769672e-02 -1.383030e-01 2.034621e+01
-1.378903e-01 -4.461933e-03 9.904374e-01 6.511146e+01 9.518759e-02 9.953014e-01 1.773602e-02 -8.580919e-01 -9.858629e-01 9.672298e-02 -1.368177e-01 2.014327e+01
-1.373812e-01 -4.250400e-03 9.905092e-01 6.673720e+01 9.620536e-02 9.952056e-01 1.761400e-02 -8.576025e-01 -9.858351e-01 9.771212e-02 -1.363136e-01 1.994077e+01
-1.398652e-01 -4.624626e-03 9.901597e-01 6.866192e+01 9.722979e-02 9.950922e-01 1.838188e-02 -8.414614e-01 -9.853852e-01 9.884401e-02 -1.387291e-01 1.969385e+01
-1.387839e-01 -4.012103e-03 9.903145e-01 7.036108e+01 9.869365e-02 9.949576e-01 1.786196e-02 -8.167214e-01 -9.853926e-01 1.002167e-01 -1.376881e-01 1.945110e+01
-1.382152e-01 -4.482078e-03 9.903921e-01 7.211160e+01 9.825136e-02 9.949949e-01 1.821448e-02 -7.991151e-01 -9.855167e-01 9.982488e-02 -1.370830e-01 1.921310e+01
-1.373851e-01 -6.156813e-03 9.904986e-01 7.378863e+01 1.004431e-01 9.947395e-01 2.011493e-02 -7.807524e-01 -9.854119e-01 1.022522e-01 -1.360440e-01 1.899278e+01
-1.363660e-01 -8.026942e-03 9.906260e-01 7.549345e+01 1.022944e-01 9.945077e-01 2.213988e-02 -7.508151e-01 -9.853629e-01 1.043547e-01 -1.347960e-01 1.874697e+01
-1.356412e-01 -7.330948e-03 9.907309e-01 7.717262e+01 1.035256e-01 9.943937e-01 2.153177e-02 -7.246554e-01 -9.853344e-01 1.054866e-01 -1.341218e-01 1.854362e+01
-1.358244e-01 -5.294401e-03 9.907188e-01 7.894238e+01 1.056729e-01 9.942038e-01 1.980044e-02 -7.004900e-01 -9.850812e-01 1.073815e-01 -1.344777e-01 1.833497e+01
-1.351974e-01 -5.994956e-03 9.908006e-01 8.066260e+01 1.045128e-01 9.943168e-01 2.027729e-02 -6.784968e-01 -9.852912e-01 1.062928e-01 -1.338025e-01 1.811626e+01
-1.346615e-01 -5.949480e-03 9.908738e-01 8.242321e+01 1.051906e-01 9.942456e-01 2.026532e-02 -6.493996e-01 -9.852924e-01 1.069596e-01 -1.332608e-01 1.787455e+01
-1.343816e-01 -7.305055e-03 9.909027e-01 8.421804e+01 1.050741e-01 9.942302e-01 2.157925e-02 -6.296985e-01 -9.853431e-01 1.070181e-01 -1.328387e-01 1.763260e+01
-1.348959e-01 -7.901621e-03 9.908283e-01 8.605009e+01 1.071345e-01 9.939896e-01 2.251261e-02 -6.533670e-01 -9.850509e-01 1.091887e-01 -1.332386e-01 1.739244e+01
-1.349807e-01 -8.092829e-03 9.908152e-01 8.791465e+01 1.091256e-01 9.937623e-01 2.298330e-02 -6.382935e-01 -9.848207e-01 1.112256e-01 -1.332556e-01 1.715601e+01
-1.388189e-01 -9.145151e-03 9.902756e-01 9.000737e+01 1.084072e-01 9.938077e-01 2.437452e-02 -6.187634e-01 -9.843664e-01 1.107367e-01 -1.369679e-01 1.686074e+01
-1.400550e-01 -8.099102e-03 9.901106e-01 9.192198e+01 1.077736e-01 9.939006e-01 2.337511e-02 -5.727094e-01 -9.842609e-01 1.099816e-01 -1.383279e-01 1.660467e+01
-1.400650e-01 -7.969971e-03 9.901102e-01 9.377698e+01 1.073105e-01 9.939553e-01 2.318149e-02 -5.649748e-01 -9.843100e-01 1.094961e-01 -1.383630e-01 1.632465e+01
-1.413516e-01 -7.309080e-03 9.899325e-01 9.562721e+01 1.062081e-01 9.940892e-01 2.250513e-02 -5.308244e-01 -9.842457e-01 1.083200e-01 -1.397398e-01 1.606237e+01
-1.433450e-01 -8.670710e-03 9.896348e-01 9.753808e+01 1.054417e-01 9.941363e-01 2.398299e-02 -5.140372e-01 -9.840398e-01 1.077866e-01 -1.415902e-01 1.583352e+01
-1.441476e-01 -8.779293e-03 9.895173e-01 9.939880e+01 1.043468e-01 9.942508e-01 2.402197e-02 -4.588679e-01 -9.840392e-01 1.067156e-01 -1.424028e-01 1.556402e+01
-1.453573e-01 -9.759608e-03 9.893311e-01 1.012713e+02 1.019933e-01 9.944760e-01 2.479571e-02 -4.310047e-01 -9.841080e-01 1.045094e-01 -1.435589e-01 1.532259e+01
-1.469295e-01 -9.431125e-03 9.891020e-01 1.031586e+02 1.019594e-01 9.944836e-01 2.462835e-02 -4.148848e-01 -9.838780e-01 1.044669e-01 -1.451574e-01 1.504195e+01
-1.499630e-01 -9.292949e-03 9.886479e-01 1.049923e+02 1.014120e-01 9.945371e-01 2.473097e-02 -4.239120e-01 -9.834769e-01 1.039695e-01 -1.482013e-01 1.480119e+01
-1.546703e-01 -8.970656e-03 9.879254e-01 1.068291e+02 1.016693e-01 9.945054e-01 2.494781e-02 -4.107121e-01 -9.827210e-01 1.043003e-01 -1.529084e-01 1.457674e+01
-1.578148e-01 -1.001665e-02 9.874179e-01 1.087158e+02 9.997112e-02 9.946488e-01 2.606796e-02 -3.866614e-01 -9.823952e-01 1.028272e-01 -1.559689e-01 1.424688e+01
-1.652930e-01 -1.274878e-02 9.861621e-01 1.108035e+02 9.821058e-02 9.947336e-01 2.932090e-02 -3.808212e-01 -9.813424e-01 1.016981e-01 -1.631705e-01 1.391407e+01
-1.711283e-01 -1.150558e-02 9.851816e-01 1.127609e+02 9.673232e-02 9.949046e-01 2.842176e-02 -3.328570e-01 -9.804887e-01 1.001627e-01 -1.691434e-01 1.361520e+01
-1.748363e-01 -9.707954e-03 9.845496e-01 1.146686e+02 9.666140e-02 9.949517e-01 2.697564e-02 -2.830533e-01 -9.798412e-01 9.988426e-02 -1.730153e-01 1.326536e+01
-1.793871e-01 -8.022146e-03 9.837459e-01 1.165580e+02 9.509298e-02 9.951429e-01 2.545539e-02 -2.351317e-01 -9.791719e-01 9.811369e-02 -1.777530e-01 1.293836e+01
-1.856442e-01 -7.669562e-03 9.825871e-01 1.184789e+02 9.353814e-02 9.952906e-01 2.544126e-02 -2.006471e-01 -9.781548e-01 9.663239e-02 -1.840525e-01 1.264151e+01
-1.909125e-01 -8.812531e-03 9.815675e-01 1.203641e+02 9.173648e-02 9.954231e-01 2.677945e-02 -1.922214e-01 -9.773110e-01 9.515808e-02 -1.892303e-01 1.231565e+01
-1.961228e-01 -9.200921e-03 9.805362e-01 1.223252e+02 8.957540e-02 9.956070e-01 2.725884e-02 -1.493628e-01 -9.764795e-01 9.317800e-02 -1.944370e-01 1.193628e+01
-2.007527e-01 -9.469777e-03 9.795962e-01 1.242938e+02 8.887877e-02 9.956533e-01 2.783929e-02 -1.008294e-01 -9.756019e-01 9.265411e-02 -1.990384e-01 1.152306e+01
-2.055323e-01 -1.017250e-02 9.785975e-01 1.262474e+02 8.551387e-02 9.959346e-01 2.831298e-02 -2.692547e-02 -9.749071e-01 8.950289e-02 -2.038268e-01 1.103136e+01
-2.112682e-01 -8.542351e-03 9.773908e-01 1.281987e+02 8.634842e-02 9.958890e-01 2.736870e-02 5.545346e-03 -9.736065e-01 9.017829e-02 -2.096621e-01 1.063034e+01
-2.165050e-01 -7.326711e-03 9.762540e-01 1.301357e+02 8.535933e-02 9.960003e-01 2.640514e-02 5.389178e-02 -9.725428e-01 8.904923e-02 -2.150136e-01 1.021425e+01
-2.228140e-01 -6.985817e-03 9.748359e-01 1.320914e+02 8.574039e-02 9.959587e-01 2.673449e-02 1.029765e-01 -9.710832e-01 8.953964e-02 -2.213146e-01 9.793784e+00
-2.289511e-01 -7.195625e-03 9.734113e-01 1.339296e+02 8.378607e-02 9.961160e-01 2.707035e-02 1.486411e-01 -9.698254e-01 8.775610e-02 -2.274589e-01 9.444603e+00
-2.337441e-01 -6.565298e-03 9.722760e-01 1.359680e+02 8.410363e-02 9.960926e-01 2.694541e-02 1.722509e-01 -9.686539e-01 8.807027e-02 -2.322786e-01 8.924683e+00
-2.384497e-01 -5.756614e-03 9.711378e-01 1.379604e+02 8.359171e-02 9.961495e-01 2.642968e-02 2.161560e-01 -9.675506e-01 8.748122e-02 -2.370504e-01 8.420716e+00
-2.439545e-01 -6.319520e-03 9.697661e-01 1.399954e+02 8.494157e-02 9.959964e-01 2.785836e-02 2.552345e-01 -9.660596e-01 8.916962e-02 -2.424410e-01 7.986034e+00
-2.490659e-01 -4.229832e-03 9.684773e-01 1.421568e+02 8.882697e-02 9.956758e-01 2.719249e-02 3.253207e-01 -9.644045e-01 9.279962e-02 -2.476131e-01 7.419537e+00
-2.524520e-01 -4.211609e-03 9.676002e-01 1.441377e+02 8.849471e-02 9.956991e-01 2.742265e-02 3.599682e-01 -9.635542e-01 9.255040e-02 -2.509936e-01 6.920585e+00
-2.556001e-01 -3.023087e-03 9.667779e-01 1.461376e+02 8.878849e-02 9.956956e-01 2.658772e-02 4.159016e-01 -9.626969e-01 9.263457e-02 -2.542315e-01 6.406605e+00
-2.585729e-01 -3.343323e-03 9.659860e-01 1.481021e+02 8.803900e-02 9.957507e-01 2.701242e-02 4.463749e-01 -9.619715e-01 9.202912e-02 -2.571799e-01 5.881670e+00
-2.629924e-01 -2.627278e-03 9.647943e-01 1.501314e+02 8.615367e-02 9.959374e-01 2.619664e-02 4.957549e-01 -9.609436e-01 9.001009e-02 -2.616976e-01 5.365218e+00
-2.701479e-01 -1.983375e-03 9.628168e-01 1.519832e+02 8.348011e-02 9.961838e-01 2.547503e-02 5.325813e-01 -9.591930e-01 8.725808e-02 -2.689514e-01 5.065663e+00
-2.764339e-01 -2.578391e-03 9.610295e-01 1.539471e+02 8.193620e-02 9.962921e-01 2.624142e-02 5.682790e-01 -9.575337e-01 8.599712e-02 -2.751977e-01 4.644062e+00
-2.813315e-01 -1.576754e-03 9.596093e-01 1.559300e+02 8.216710e-02 9.962865e-01 2.572619e-02 6.145783e-01 -9.560864e-01 8.608591e-02 -2.801572e-01 4.122400e+00
-2.834109e-01 -2.041129e-04 9.589986e-01 1.578002e+02 8.455666e-02 9.960999e-01 2.520087e-02 6.572720e-01 -9.552636e-01 8.823191e-02 -2.822883e-01 3.445220e+00
-2.875192e-01 -9.512611e-04 9.577744e-01 1.597103e+02 8.385976e-02 9.961340e-01 2.616365e-02 6.581828e-01 -9.540966e-01 8.784129e-02 -2.863279e-01 2.873421e+00
-2.924500e-01 -1.572229e-03 9.562795e-01 1.616862e+02 8.319421e-02 9.961653e-01 2.708030e-02 6.985013e-01 -9.526551e-01 8.747656e-02 -2.911977e-01 2.321687e+00
-2.959078e-01 -1.205986e-03 9.552158e-01 1.637649e+02 8.352806e-02 9.961360e-01 2.713307e-02 7.568470e-01 -9.515575e-01 8.781620e-02 -2.946637e-01 1.646268e+00
-2.998447e-01 -5.034002e-04 9.539879e-01 1.657704e+02 8.458693e-02 9.960472e-01 2.711182e-02 7.896646e-01 -9.502306e-01 8.882423e-02 -2.986169e-01 1.024806e+00
-3.021227e-01 9.502413e-04 9.532686e-01 1.676381e+02 8.514393e-02 9.960296e-01 2.599209e-02 8.343306e-01 -9.494590e-01 8.901783e-02 -3.010040e-01 3.708793e-01
-3.059933e-01 2.345516e-03 9.520308e-01 1.695635e+02 8.451564e-02 9.961157e-01 2.471014e-02 8.688266e-01 -9.482749e-01 8.802263e-02 -3.050030e-01 -1.883537e-01
-3.096404e-01 3.641570e-03 9.508468e-01 1.715770e+02 8.522163e-02 9.960744e-01 2.393738e-02 9.034498e-01 -9.470270e-01 8.844469e-02 -3.087352e-01 -8.298406e-01
-3.123572e-01 4.550129e-03 9.499539e-01 1.735636e+02 8.540832e-02 9.960732e-01 2.331233e-02 9.299362e-01 -9.461175e-01 8.841573e-02 -3.115192e-01 -1.484122e+00
-3.157879e-01 4.182084e-03 9.488206e-01 1.755735e+02 8.502265e-02 9.960921e-01 2.390693e-02 9.652194e-01 -9.450127e-01 8.822076e-02 -3.149095e-01 -2.148742e+00
-3.188735e-01 4.782793e-03 9.477852e-01 1.775295e+02 8.566116e-02 9.960402e-01 2.379359e-02 1.024734e+00 -9.439183e-01 8.877553e-02 -3.180205e-01 -2.851033e+00
-3.224474e-01 5.921819e-03 9.465688e-01 1.795003e+02 8.826899e-02 9.958114e-01 2.383883e-02 1.053411e+00 -9.424629e-01 9.123944e-02 -3.216195e-01 -3.516842e+00
-3.253941e-01 6.107766e-03 9.455588e-01 1.815236e+02 9.038331e-02 9.956014e-01 2.467250e-02 1.078727e+00 -9.412490e-01 9.349102e-02 -3.245148e-01 -4.238350e+00
-3.277287e-01 5.854912e-03 9.447537e-01 1.835621e+02 9.117724e-02 9.955092e-01 2.545932e-02 1.114504e+00 -9.403619e-01 9.448379e-02 -3.267908e-01 -4.940397e+00
-3.313142e-01 5.599242e-03 9.435039e-01 1.855327e+02 9.060829e-02 9.955495e-01 2.590927e-02 1.156709e+00 -9.391598e-01 9.407338e-02 -3.303471e-01 -5.520496e+00
-3.338401e-01 6.424107e-03 9.426078e-01 1.876292e+02 8.977528e-02 9.956480e-01 2.500981e-02 1.197027e+00 -9.383450e-01 9.297216e-02 -3.329639e-01 -6.263159e+00
-3.369119e-01 8.414577e-03 9.414986e-01 1.896480e+02 8.948484e-02 9.957197e-01 2.312266e-02 1.219666e+00 -9.372742e-01 9.204015e-02 -3.362228e-01 -6.949014e+00
-3.406053e-01 1.047635e-02 9.401480e-01 1.917380e+02 8.907865e-02 9.957995e-01 2.117572e-02 1.244859e+00 -9.359770e-01 9.095968e-02 -3.401078e-01 -7.669972e+00
-3.441621e-01 1.121312e-02 9.388433e-01 1.938347e+02 8.752007e-02 9.959581e-01 2.018792e-02 1.294068e+00 -9.348223e-01 8.911555e-02 -3.437524e-01 -8.404107e+00
-3.478226e-01 1.215389e-02 9.374816e-01 1.958732e+02 8.550969e-02 9.961597e-01 1.881103e-02 1.330390e+00 -9.336528e-01 8.670666e-02 -3.475262e-01 -9.086183e+00
-3.516801e-01 1.250377e-02 9.360367e-01 1.979356e+02 8.580466e-02 9.961321e-01 1.893129e-02 1.366256e+00 -9.321795e-01 8.697408e-02 -3.513927e-01 -9.864749e+00
-3.551124e-01 1.152844e-02 9.347525e-01 2.000201e+02 8.656769e-02 9.960329e-01 2.060284e-02 1.390019e+00 -9.308068e-01 8.823568e-02 -3.547017e-01 -1.079579e+01
-3.590750e-01 1.082273e-02 9.332460e-01 2.020704e+02 8.570406e-02 9.960903e-01 2.142390e-02 1.426314e+00 -9.293653e-01 8.767576e-02 -3.585987e-01 -1.155551e+01
-3.633833e-01 1.103828e-02 9.315743e-01 2.041538e+02 8.587058e-02 9.960701e-01 2.169342e-02 1.457604e+00 -9.276739e-01 8.787785e-02 -3.629031e-01 -1.231544e+01
-3.674671e-01 1.084207e-02 9.299733e-01 2.061584e+02 8.467490e-02 9.961691e-01 2.184440e-02 1.474260e+00 -9.261739e-01 8.677250e-02 -3.669775e-01 -1.304689e+01
-3.710085e-01 1.150130e-02 9.285582e-01 2.082600e+02 8.409345e-02 9.962310e-01 2.126031e-02 1.491239e+00 -9.248140e-01 8.597342e-02 -3.705774e-01 -1.385706e+01
-3.734179e-01 1.189368e-02 9.275870e-01 2.102980e+02 8.367856e-02 9.962733e-01 2.091201e-02 1.504334e+00 -9.238815e-01 8.542806e-02 -3.730215e-01 -1.468229e+01
-3.761705e-01 1.287824e-02 9.264610e-01 2.124368e+02 8.481354e-02 9.961841e-01 2.058937e-02 1.527533e+00 -9.226605e-01 8.632155e-02 -3.758273e-01 -1.553649e+01
-3.757175e-01 1.281369e-02 9.266456e-01 2.141772e+02 8.789586e-02 9.958896e-01 2.186704e-02 1.539442e+00 -9.225566e-01 8.966415e-02 -3.752994e-01 -1.640937e+01
-3.785303e-01 1.247074e-02 9.255049e-01 2.162652e+02 8.904840e-02 9.957616e-01 2.300326e-02 1.567070e+00 -9.212954e-01 9.112216e-02 -3.780364e-01 -1.723658e+01
-3.816197e-01 1.348896e-02 9.242210e-01 2.183913e+02 9.029057e-02 9.956556e-01 2.275030e-02 1.596283e+00 -9.198989e-01 9.213040e-02 -3.811797e-01 -1.807308e+01
-3.843983e-01 1.309463e-02 9.230745e-01 2.203206e+02 8.834154e-02 9.958324e-01 2.266153e-02 1.674970e+00 -9.189308e-01 9.025688e-02 -3.839531e-01 -1.888012e+01
-3.873263e-01 1.323960e-02 9.218476e-01 2.222766e+02 8.778451e-02 9.958835e-01 2.258090e-02 1.682951e+00 -9.177539e-01 8.967011e-02 -3.868941e-01 -1.961191e+01
-3.938700e-01 1.528149e-02 9.190391e-01 2.242732e+02 8.761714e-02 9.959331e-01 2.098977e-02 1.733255e+00 -9.149807e-01 8.879081e-02 -3.936071e-01 -2.008587e+01
-3.971881e-01 1.674524e-02 9.175845e-01 2.264353e+02 8.699280e-02 9.960185e-01 1.947933e-02 1.772520e+00 -9.136049e-01 8.756020e-02 -3.970634e-01 -2.097200e+01
-3.994876e-01 1.624378e-02 9.165947e-01 2.284502e+02 8.448830e-02 9.962401e-01 1.916804e-02 1.779727e+00 -9.128370e-01 8.509892e-02 -3.993579e-01 -2.186593e+01
-4.034223e-01 1.769648e-02 9.148428e-01 2.305804e+02 8.484056e-02 9.962294e-01 1.814171e-02 1.819895e+00 -9.110722e-01 8.493454e-02 -4.034025e-01 -2.274929e+01
-4.062460e-01 1.695859e-02 9.136063e-01 2.326343e+02 8.634063e-02 9.960669e-01 1.990315e-02 1.805280e+00 -9.096755e-01 8.696692e-02 -4.061124e-01 -2.361620e+01
-4.086895e-01 1.599447e-02 9.125333e-01 2.346283e+02 8.678234e-02 9.959973e-01 2.140917e-02 1.815142e+00 -9.085382e-01 8.794148e-02 -4.084417e-01 -2.450093e+01
-4.106057e-01 1.465907e-02 9.116952e-01 2.364649e+02 8.584154e-02 9.960514e-01 2.264555e-02 1.782027e+00 -9.077633e-01 8.755971e-02 -4.102427e-01 -2.537638e+01
-4.129702e-01 1.478941e-02 9.106244e-01 2.383257e+02 8.445608e-02 9.961816e-01 2.212208e-02 1.802981e+00 -9.068202e-01 8.604353e-02 -4.126424e-01 -2.616599e+01
-4.176649e-01 1.394814e-02 9.084941e-01 2.403014e+02 8.271958e-02 9.963136e-01 2.273250e-02 1.806860e+00 -9.048279e-01 8.464482e-02 -4.172789e-01 -2.698428e+01
-4.187992e-01 1.273304e-02 9.079896e-01 2.421870e+02 8.274417e-02 9.962771e-01 2.419362e-02 1.859486e+00 -9.043012e-01 8.526311e-02 -4.182937e-01 -2.797442e+01
-4.223380e-01 1.303398e-02 9.063447e-01 2.440735e+02 8.247587e-02 9.963015e-01 2.410443e-02 1.875003e+00 -9.026784e-01 8.493178e-02 -4.218510e-01 -2.879469e+01
-4.255976e-01 1.212228e-02 9.048313e-01 2.459768e+02 8.201483e-02 9.963117e-01 2.522873e-02 1.857710e+00 -9.011883e-01 8.494687e-02 -4.250221e-01 -2.968131e+01
-4.289780e-01 1.198506e-02 9.032354e-01 2.479875e+02 8.132004e-02 9.963643e-01 2.540093e-02 1.887421e+00 -8.996471e-01 8.434758e-02 -4.283929e-01 -3.063511e+01
-4.329462e-01 1.232278e-02 9.013355e-01 2.500198e+02 8.059569e-02 9.964311e-01 2.509033e-02 1.937931e+00 -8.978095e-01 8.350652e-02 -4.323942e-01 -3.151923e+01
-4.370064e-01 1.335482e-02 8.993593e-01 2.520112e+02 8.082576e-02 9.964277e-01 2.447772e-02 1.975958e+00 -8.958195e-01 8.338831e-02 -4.365247e-01 -3.244913e+01
-4.401079e-01 1.426009e-02 8.978316e-01 2.540521e+02 8.126124e-02 9.964036e-01 2.400775e-02 2.023487e+00 -8.942603e-01 8.352491e-02 -4.396839e-01 -3.347110e+01
-4.440168e-01 1.403534e-02 8.959085e-01 2.560904e+02 8.083092e-02 9.964279e-01 2.445013e-02 2.053156e+00 -8.923651e-01 8.327339e-02 -4.435652e-01 -3.443553e+01
-4.479625e-01 1.548969e-02 8.939182e-01 2.578664e+02 8.038583e-02 9.964980e-01 2.301597e-02 2.109140e+00 -8.904312e-01 8.216865e-02 -4.476389e-01 -3.523637e+01
-4.499747e-01 1.627760e-02 8.928929e-01 2.598150e+02 8.090107e-02 9.964658e-01 2.260446e-02 2.162330e+00 -8.893693e-01 8.240743e-02 -4.497013e-01 -3.624338e+01
-4.553949e-01 1.587336e-02 8.901480e-01 2.617991e+02 8.174041e-02 9.963634e-01 2.405053e-02 2.134194e+00 -8.865291e-01 8.371356e-02 -4.550363e-01 -3.705983e+01
-4.569661e-01 1.716515e-02 8.893185e-01 2.638377e+02 8.299057e-02 9.962752e-01 2.341419e-02 2.212588e+00 -8.856041e-01 8.450454e-02 -4.566886e-01 -3.828231e+01
-4.601086e-01 1.909135e-02 8.876573e-01 2.657794e+02 8.521550e-02 9.961029e-01 2.274688e-02 2.238284e+00 -8.837638e-01 8.610820e-02 -4.599424e-01 -3.928166e+01
-4.637620e-01 2.021474e-02 8.857291e-01 2.677729e+02 8.652535e-02 9.959939e-01 2.257283e-02 2.286012e+00 -8.817245e-01 8.710644e-02 -4.636532e-01 -4.022606e+01
-4.659258e-01 2.340239e-02 8.845143e-01 2.698210e+02 8.842640e-02 9.958773e-01 2.023058e-02 2.371840e+00 -8.803942e-01 8.764036e-02 -4.660743e-01 -4.133905e+01
-4.686480e-01 2.609358e-02 8.829995e-01 2.717305e+02 8.968335e-02 9.958045e-01 1.817195e-02 2.431279e+00 -8.788207e-01 8.770660e-02 -4.690220e-01 -4.230354e+01
-4.689566e-01 2.714765e-02 8.828039e-01 2.735421e+02 9.204613e-02 9.955869e-01 1.828016e-02 2.469960e+00 -8.784118e-01 8.983129e-02 -4.693859e-01 -4.338847e+01
-4.714128e-01 2.811791e-02 8.814643e-01 2.756368e+02 9.226068e-02 9.955796e-01 1.758352e-02 2.491777e+00 -8.770735e-01 8.961360e-02 -4.719232e-01 -4.450996e+01
-4.770089e-01 2.737343e-02 8.784721e-01 2.778116e+02 9.061939e-02 9.957197e-01 1.817928e-02 2.488808e+00 -8.742143e-01 8.827829e-02 -4.774477e-01 -4.551770e+01
-4.821048e-01 2.770435e-02 8.756754e-01 2.798842e+02 9.190287e-02 9.955848e-01 1.909930e-02 2.480821e+00 -8.712800e-01 8.968494e-02 -4.825223e-01 -4.669156e+01
-4.841629e-01 2.855565e-02 8.745118e-01 2.819311e+02 9.122083e-02 9.956682e-01 1.799151e-02 2.540998e+00 -8.702098e-01 8.848451e-02 -4.846704e-01 -4.787740e+01
-4.876201e-01 2.872378e-02 8.725833e-01 2.840022e+02 8.916112e-02 9.958714e-01 1.704314e-02 2.588837e+00 -8.684912e-01 8.611108e-02 -4.881680e-01 -4.895401e+01
-4.915909e-01 2.889806e-02 8.703466e-01 2.860457e+02 9.102046e-02 9.956799e-01 1.835087e-02 2.584583e+00 -8.660564e-01 8.824047e-02 -4.920976e-01 -4.997883e+01
-4.920464e-01 2.948421e-02 8.700696e-01 2.881371e+02 9.263851e-02 9.955251e-01 1.865388e-02 2.635368e+00 -8.656260e-01 8.978052e-02 -4.925759e-01 -5.120716e+01
-4.964202e-01 2.891702e-02 8.676006e-01 2.903253e+02 9.323268e-02 9.954401e-01 2.016760e-02 2.635775e+00 -8.630612e-01 9.090033e-02 -4.968526e-01 -5.228370e+01
-4.984222e-01 2.855944e-02 8.664638e-01 2.924222e+02 9.299161e-02 9.954521e-01 2.068122e-02 2.666001e+00 -8.619326e-01 9.088185e-02 -4.988112e-01 -5.345878e+01
-4.994204e-01 2.934835e-02 8.658625e-01 2.945150e+02 9.361059e-02 9.954028e-01 2.025448e-02 2.723822e+00 -8.612876e-01 9.116941e-02 -4.998718e-01 -5.467813e+01
-5.031294e-01 2.782056e-02 8.637632e-01 2.966291e+02 9.267667e-02 9.954549e-01 2.192064e-02 2.775894e+00 -8.592275e-01 9.107962e-02 -5.034209e-01 -5.599265e+01
-5.057126e-01 2.738335e-02 8.622673e-01 2.987824e+02 9.184415e-02 9.955248e-01 2.225058e-02 2.836968e+00 -8.577992e-01 9.044661e-02 -5.059645e-01 -5.722129e+01
-5.075146e-01 2.842335e-02 8.611742e-01 3.008724e+02 9.085318e-02 9.956495e-01 2.068062e-02 2.892220e+00 -8.568399e-01 8.873613e-02 -5.078890e-01 -5.839179e+01
-5.105663e-01 3.109321e-02 8.592761e-01 3.030229e+02 9.050847e-02 9.957376e-01 1.774737e-02 2.945299e+00 -8.550616e-01 8.683296e-02 -5.112042e-01 -5.956721e+01
-5.168175e-01 2.989299e-02 8.555736e-01 3.050705e+02 8.839048e-02 9.959123e-01 1.859682e-02 2.973385e+00 -8.515203e-01 8.523573e-02 -5.173471e-01 -6.053959e+01
-5.204033e-01 2.671419e-02 8.535027e-01 3.071216e+02 8.602816e-02 9.960655e-01 2.127733e-02 2.981130e+00 -8.495761e-01 8.449806e-02 -5.206538e-01 -6.192583e+01
-5.260842e-01 2.504168e-02 8.500637e-01 3.092810e+02 8.404565e-02 9.962041e-01 2.266708e-02 3.038792e+00 -8.462693e-01 8.336894e-02 -5.261919e-01 -6.311761e+01
-5.309608e-01 2.346288e-02 8.470715e-01 3.114784e+02 8.186459e-02 9.963613e-01 2.371628e-02 3.094209e+00 -8.434328e-01 8.193757e-02 -5.309495e-01 -6.445216e+01
-5.338845e-01 2.433343e-02 8.452072e-01 3.136121e+02 8.331691e-02 9.962354e-01 2.394653e-02 3.139868e+00 -8.414426e-01 8.320473e-02 -5.339019e-01 -6.583140e+01
-5.377747e-01 2.544348e-02 8.427046e-01 3.158083e+02 8.692812e-02 9.958906e-01 2.540489e-02 3.143850e+00 -8.385952e-01 8.691683e-02 -5.377765e-01 -6.721964e+01
-5.405983e-01 2.718974e-02 8.408414e-01 3.178067e+02 8.991908e-02 9.956196e-01 2.561655e-02 3.194053e+00 -8.364617e-01 8.945595e-02 -5.406751e-01 -6.860793e+01
-5.448673e-01 2.761430e-02 8.380675e-01 3.199409e+02 9.083726e-02 9.955196e-01 2.625526e-02 3.255755e+00 -8.335875e-01 9.043339e-02 -5.449345e-01 -6.992373e+01
-5.502833e-01 2.588090e-02 8.345768e-01 3.219603e+02 9.053981e-02 9.954755e-01 2.882747e-02 3.309321e+00 -8.300548e-01 9.142571e-02 -5.501367e-01 -7.111313e+01
-5.547583e-01 2.457235e-02 8.316486e-01 3.241157e+02 8.931945e-02 9.955461e-01 3.016634e-02 3.359546e+00 -8.272033e-01 9.101742e-02 -5.544822e-01 -7.247496e+01
-5.597313e-01 2.416245e-02 8.283218e-01 3.262064e+02 8.741066e-02 9.957199e-01 3.002148e-02 3.434702e+00 -8.240511e-01 8.920812e-02 -5.594476e-01 -7.380632e+01
-5.640914e-01 2.326981e-02 8.253844e-01 3.280869e+02 8.853191e-02 9.955450e-01 3.243817e-02 3.439248e+00 -8.209525e-01 9.137095e-02 -5.636385e-01 -7.508756e+01
-5.700274e-01 2.365313e-02 8.212851e-01 3.295894e+02 9.005544e-02 9.953617e-01 3.383800e-02 3.528435e+00 -8.166754e-01 9.324978e-02 -5.695136e-01 -7.594349e+01
-5.747231e-01 2.338009e-02 8.180139e-01 3.304002e+02 9.150168e-02 9.951596e-01 3.584438e-02 3.557209e+00 -8.132163e-01 9.545024e-02 -5.740805e-01 -7.653198e+01
-5.835603e-01 2.152096e-02 8.117846e-01 3.306153e+02 9.135529e-02 9.950429e-01 3.929250e-02 3.512465e+00 -8.069149e-01 9.709035e-02 -5.826336e-01 -7.662603e+01
-5.910326e-01 1.935284e-02 8.064155e-01 3.307281e+02 8.601241e-02 9.955246e-01 3.914844e-02 3.539188e+00 -8.020488e-01 9.249974e-02 -5.900521e-01 -7.648925e+01
-5.925267e-01 1.879799e-02 8.053315e-01 3.313354e+02 8.926256e-02 9.951032e-01 4.244775e-02 3.502093e+00 -8.005900e-01 9.703737e-02 -5.913032e-01 -7.705888e+01
-5.993060e-01 1.991445e-02 8.002722e-01 3.323636e+02 9.249606e-02 9.947175e-01 4.451510e-02 3.546922e+00 -7.951583e-01 1.007002e-01 -5.979822e-01 -7.770826e+01
-6.077830e-01 1.730322e-02 7.939146e-01 3.334925e+02 8.890344e-02 9.949601e-01 4.637526e-02 3.542396e+00 -7.891108e-01 9.876783e-02 -6.062582e-01 -7.822121e+01
-6.155140e-01 1.678435e-02 7.879472e-01 3.349521e+02 8.210010e-02 9.956993e-01 4.292369e-02 3.687842e+00 -7.838381e-01 9.111068e-02 -6.142448e-01 -7.912839e+01
-6.160251e-01 1.752512e-02 7.875316e-01 3.363575e+02 8.283482e-02 9.956507e-01 4.263884e-02 3.901517e+00 -7.833591e-01 9.150163e-02 -6.147975e-01 -8.049003e+01
-6.216558e-01 2.030085e-02 7.830274e-01 3.370852e+02 8.878998e-02 9.950472e-01 4.469384e-02 3.961797e+00 -7.782419e-01 9.730916e-02 -6.203793e-01 -8.112738e+01
-6.254476e-01 2.537020e-02 7.798536e-01 3.378539e+02 9.875947e-02 9.940070e-01 4.686869e-02 3.859661e+00 -7.739909e-01 1.063318e-01 -6.242049e-01 -8.155568e+01
-6.308895e-01 2.524398e-02 7.754620e-01 3.384173e+02 9.866175e-02 9.939670e-01 4.791077e-02 3.865487e+00 -7.695742e-01 1.067348e-01 -6.295739e-01 -8.198606e+01
-6.398385e-01 2.100019e-02 7.682225e-01 3.388783e+02 9.614374e-02 9.939604e-01 5.290540e-02 3.825530e+00 -7.624717e-01 1.077107e-01 -6.379932e-01 -8.219385e+01
-6.416708e-01 2.340964e-02 7.666229e-01 3.389969e+02 9.980641e-02 9.935837e-01 5.319880e-02 3.832601e+00 -7.604586e-01 1.106500e-01 -6.398900e-01 -8.242429e+01
-6.403223e-01 2.496093e-02 7.677007e-01 3.389283e+02 1.003293e-01 9.936270e-01 5.137578e-02 3.857472e+00 -7.615258e-01 1.099199e-01 -6.387458e-01 -8.237078e+01
-6.405638e-01 2.892512e-02 7.673600e-01 3.388826e+02 1.042001e-01 9.933218e-01 4.953976e-02 3.861373e+00 -7.608024e-01 1.116923e-01 -6.392999e-01 -8.238065e+01
-6.391733e-01 2.857691e-02 7.685317e-01 3.390906e+02 1.033428e-01 9.934377e-01 4.900849e-02 3.974515e+00 -7.620878e-01 1.107471e-01 -6.379320e-01 -8.285059e+01
-6.367798e-01 3.194605e-02 7.703836e-01 3.391227e+02 1.074761e-01 9.930648e-01 4.765694e-02 3.996050e+00 -7.635184e-01 1.131448e-01 -6.357970e-01 -8.309710e+01
-6.359252e-01 2.835295e-02 7.712297e-01 3.389981e+02 1.012526e-01 9.937521e-01 4.695524e-02 3.963298e+00 -7.650798e-01 1.079490e-01 -6.348228e-01 -8.282128e+01
-6.337927e-01 2.031271e-02 7.732362e-01 3.387578e+02 8.653559e-02 9.952416e-01 4.478525e-02 3.909736e+00 -7.686471e-01 9.529701e-02 -6.325347e-01 -8.243547e+01
-6.356511e-01 2.214129e-02 7.716590e-01 3.387539e+02 7.820094e-02 9.962935e-01 3.583097e-02 3.884838e+00 -7.680054e-01 8.312045e-02 -6.350265e-01 -8.242110e+01
-6.352654e-01 3.273577e-02 7.715998e-01 3.387247e+02 8.844844e-02 9.956112e-01 3.058080e-02 3.848755e+00 -7.672123e-01 8.767372e-02 -6.353728e-01 -8.248693e+01
-6.327955e-01 3.311676e-02 7.736105e-01 3.386694e+02 9.448550e-02 9.949214e-01 3.469630e-02 3.814889e+00 -7.685326e-01 9.505064e-02 -6.327108e-01 -8.248764e+01
-6.341352e-01 2.452733e-02 7.728330e-01 3.386833e+02 9.404295e-02 9.945232e-01 4.560228e-02 3.787708e+00 -7.674819e-01 1.015975e-01 -6.329688e-01 -8.248660e+01
-6.377741e-01 1.152674e-02 7.701373e-01 3.386783e+02 8.251214e-02 9.951564e-01 5.343617e-02 3.835517e+00 -7.657911e-01 9.762588e-02 -6.356360e-01 -8.242885e+01
-6.421528e-01 1.709672e-03 7.665747e-01 3.387081e+02 7.179320e-02 9.957364e-01 5.791976e-02 3.850412e+00 -7.632074e-01 9.222819e-02 -6.395377e-01 -8.231338e+01
-6.441723e-01 1.076411e-03 7.648797e-01 3.388338e+02 7.100593e-02 9.957649e-01 5.839898e-02 3.863280e+00 -7.615775e-01 9.192999e-02 -6.415206e-01 -8.251693e+01
-6.464915e-01 7.408695e-03 7.628852e-01 3.388145e+02 7.795443e-02 9.953606e-01 5.639452e-02 3.863004e+00 -7.589281e-01 9.592886e-02 -6.440697e-01 -8.254166e+01
-6.475667e-01 1.179328e-02 7.619175e-01 3.387706e+02 7.955711e-02 9.954622e-01 5.220876e-02 3.871048e+00 -7.578443e-01 9.442461e-02 -6.455663e-01 -8.250536e+01
-6.502544e-01 1.591500e-02 7.595499e-01 3.385942e+02 8.144597e-02 9.954790e-01 4.886783e-02 3.874811e+00 -7.553382e-01 9.363879e-02 -6.486108e-01 -8.241694e+01
-6.641222e-01 1.677106e-02 7.474359e-01 3.386892e+02 7.973589e-02 9.956350e-01 4.850787e-02 3.885100e+00 -7.433599e-01 9.181262e-02 -6.625606e-01 -8.243034e+01
-6.729909e-01 1.112074e-02 7.395671e-01 3.389048e+02 7.459567e-02 9.958094e-01 5.290673e-02 3.875309e+00 -7.358795e-01 9.077426e-02 -6.710002e-01 -8.244114e+01
-6.784353e-01 1.312316e-02 7.345430e-01 3.390855e+02 7.805315e-02 9.954690e-01 5.430631e-02 3.889798e+00 -7.305021e-01 9.417671e-02 -6.763856e-01 -8.267636e+01
-6.822863e-01 1.134249e-02 7.309971e-01 3.392762e+02 7.686812e-02 9.954504e-01 5.630007e-02 3.888660e+00 -7.270328e-01 9.460314e-02 -6.800541e-01 -8.280916e+01
-6.895109e-01 9.358524e-03 7.242149e-01 3.391416e+02 7.245874e-02 9.957914e-01 5.611864e-02 3.832225e+00 -7.206417e-01 9.117010e-02 -6.872871e-01 -8.244243e+01
-6.910532e-01 1.247584e-02 7.226962e-01 3.388224e+02 7.560214e-02 9.956143e-01 5.510473e-02 3.833624e+00 -7.188392e-01 9.271768e-02 -6.889656e-01 -8.233268e+01
-7.021841e-01 1.240109e-02 7.118874e-01 3.389636e+02 7.489565e-02 9.955876e-01 5.653165e-02 3.853307e+00 -7.080452e-01 9.301290e-02 -7.000147e-01 -8.239794e+01
-7.111126e-01 1.186018e-02 7.029781e-01 3.389655e+02 8.136249e-02 9.945284e-01 6.552494e-02 3.786541e+00 -6.983545e-01 1.037917e-01 -7.081866e-01 -8.246947e+01
-7.165506e-01 1.099713e-02 6.974484e-01 3.390647e+02 8.096480e-02 9.944285e-01 6.750252e-02 3.835732e+00 -6.928203e-01 1.048377e-01 -7.134488e-01 -8.252380e+01
-7.163005e-01 1.165963e-02 6.976945e-01 3.391126e+02 7.870525e-02 9.948299e-01 6.417891e-02 3.891131e+00 -6.933390e-01 1.008836e-01 -7.135149e-01 -8.275056e+01
-7.196595e-01 9.855057e-03 6.942572e-01 3.390915e+02 7.253966e-02 9.954945e-01 6.106267e-02 3.861588e+00 -6.905274e-01 9.430552e-02 -7.171320e-01 -8.269021e+01
-7.202184e-01 9.806993e-03 6.936781e-01 3.390902e+02 6.981852e-02 9.958482e-01 5.841081e-02 3.880346e+00 -6.902252e-01 9.050012e-02 -7.179128e-01 -8.280636e+01
-7.220320e-01 8.535434e-03 6.918070e-01 3.391293e+02 6.879921e-02 9.958535e-01 5.951832e-02 3.873539e+00 -6.884304e-01 9.056991e-02 -7.196253e-01 -8.293288e+01
-7.204337e-01 9.636678e-03 6.934568e-01 3.389089e+02 6.958628e-02 9.958619e-01 5.845426e-02 3.879192e+00 -6.900239e-01 9.036750e-02 -7.181231e-01 -8.303038e+01
-7.240435e-01 7.810423e-03 6.897101e-01 3.387351e+02 6.608303e-02 9.961216e-01 5.809231e-02 3.843063e+00 -6.865814e-01 8.763950e-02 -7.217515e-01 -8.301552e+01
-7.317322e-01 4.914677e-03 6.815745e-01 3.388928e+02 6.104396e-02 9.964280e-01 5.835123e-02 3.828744e+00 -6.788532e-01 8.430348e-02 -7.294185e-01 -8.303386e+01
-7.367967e-01 3.669110e-03 6.761044e-01 3.388741e+02 6.111088e-02 9.962536e-01 6.119015e-02 3.805400e+00 -6.733469e-01 8.640204e-02 -7.342606e-01 -8.302414e+01
-7.357178e-01 3.955147e-03 6.772767e-01 3.387274e+02 6.502476e-02 9.957761e-01 6.482053e-02 3.785748e+00 -6.741595e-01 9.172937e-02 -7.328674e-01 -8.310506e+01
-7.320164e-01 3.061998e-03 6.812801e-01 3.389590e+02 6.942507e-02 9.951196e-01 7.012274e-02 3.821848e+00 -6.777405e-01 9.862892e-02 -7.286564e-01 -8.338506e+01
-7.276244e-01 6.251669e-03 6.859473e-01 3.394719e+02 7.703289e-02 9.943781e-01 7.265061e-02 3.963412e+00 -6.816368e-01 1.057029e-01 -7.240154e-01 -8.429115e+01
-7.225932e-01 4.866559e-03 6.912564e-01 3.396573e+02 7.219934e-02 9.950374e-01 6.846713e-02 4.091588e+00 -6.874928e-01 9.938213e-02 -7.193586e-01 -8.447444e+01
-7.194356e-01 4.588979e-03 6.945441e-01 3.398368e+02 6.700513e-02 9.957726e-01 6.282724e-02 4.178243e+00 -6.913196e-01 9.173816e-02 -7.167017e-01 -8.485822e+01
-7.200999e-01 5.239342e-03 6.938506e-01 3.403224e+02 6.609927e-02 9.959419e-01 6.107944e-02 4.260008e+00 -6.907148e-01 8.984631e-02 -7.175240e-01 -8.545771e+01
