1.000000e+00 0.000000e+00 0.000000e+00 0.000000e+00 0.000000e+00 1.000000e+00 0.000000e+00 0.000000e+00 0.000000e+00 0.000000e+00 1.000000e+00 0.000000e+00
9.999970e-01 -2.135785e-03 -1.221156e-03 -1.633679e-02 2.138629e-03 9.999950e-01 2.331998e-03 7.207660e-03 1.216169e-03 -2.334603e-03 9.999965e-01 1.496699e+00
9.999939e-01 -2.242598e-03 -2.699643e-03 -2.203327e-02 2.251414e-03 9.999921e-01 3.267035e-03 -1.950640e-02 2.692295e-03 -3.273093e-03 9.999910e-01 3.019802e+00
9.999890e-01 -1.434761e-03 -4.464159e-03 -2.039594e-02 1.449225e-03 9.999937e-01 3.238448e-03 -4.487976e-02 4.459485e-03 -3.244882e-03 9.999848e-01 4.537245e+00
9.999822e-01 -7.012282e-04 -5.918434e-03 -4.949835e-02 7.175324e-04 9.999959e-01 2.753145e-03 -5.439380e-02 5.916480e-03 -2.757343e-03 9.999787e-01 6.030427e+00
9.999741e-01 -3.792392e-04 -7.184294e-03 -7.889652e-02 4.016843e-04 9.999951e-01 3.123002e-03 -7.363690e-02 7.183074e-03 -3.125807e-03 9.999693e-01 7.542162e+00
9.999625e-01 -2.944016e-04 -8.653442e-03 -1.166868e-01 3.240438e-04 9.999941e-01 3.424280e-03 -8.339184e-02 8.652383e-03 -3.426956e-03 9.999567e-01 8.968281e+00
9.999413e-01 -2.283387e-03 -1.059278e-02 -1.317911e-01 2.310056e-03 9.999942e-01 2.506080e-03 -1.006216e-01 1.058700e-02 -2.530403e-03 9.999408e-01 1.044634e+01
9.999238e-01 -3.230414e-03 -1.191122e-02 -1.912366e-01 3.268000e-03 9.999897e-01 3.137422e-03 -1.249166e-01 1.190096e-02 -3.176109e-03 9.999241e-01 1.186794e+01
9.999124e-01 -2.652030e-03 -1.296520e-02 -2.149052e-01 2.693149e-03 9.999914e-01 3.155089e-03 -1.565975e-01 1.295672e-02 -3.189730e-03 9.999110e-01 1.328532e+01
9.998958e-01 -2.448662e-03 -1.422832e-02 -2.315285e-01 2.495363e-03 9.999915e-01 3.265445e-03 -1.767889e-01 1.422021e-02 -3.300610e-03 9.998934e-01 1.474050e+01
9.998944e-01 -8.089319e-04 -1.450751e-02 -2.842930e-01 8.663601e-04 9.999918e-01 3.952665e-03 -1.939320e-01 1.450419e-02 -3.964816e-03 9.998869e-01 1.616731e+01
9.998847e-01 1.066804e-03 -1.514518e-02 -3.206035e-01 -9.928730e-04 9.999875e-01 4.888199e-03 -2.129268e-01 1.515020e-02 -4.872598e-03 9.998733e-01 1.766530e+01
9.998659e-01 1.871228e-03 -1.626467e-02 -3.379256e-01 -1.778352e-03 9.999821e-01 5.722838e-03 -2.240199e-01 1.627508e-02 -5.693147e-03 9.998513e-01 1.913517e+01
9.998670e-01 1.864512e-03 -1.620489e-02 -3.895596e-01 -1.773256e-03 9.999825e-01 5.643926e-03 -2.413239e-01 1.621513e-02 -5.614439e-03 9.998528e-01 2.059521e+01
9.998595e-01 2.115143e-03 -1.663063e-02 -4.123782e-01 -2.014570e-03 9.999796e-01 6.061871e-03 -2.691315e-01 1.664311e-02 -6.027515e-03 9.998433e-01 2.186327e+01
9.998232e-01 1.327926e-03 -1.875855e-02 -3.486734e-01 -1.208053e-03 9.999788e-01 6.400170e-03 -2.495775e-01 1.876665e-02 -6.376376e-03 9.998035e-01 2.317529e+01
9.998298e-01 1.987371e-03 -1.834270e-02 -4.020461e-01 -1.846232e-03 9.999686e-01 7.708303e-03 -2.635598e-01 1.835745e-02 -7.673126e-03 9.998021e-01 2.458128e+01
9.998288e-01 2.680863e-03 -1.831057e-02 -4.343883e-01 -2.568523e-03 9.999778e-01 6.156004e-03 -2.629414e-01 1.832667e-02 -6.107918e-03 9.998134e-01 2.599304e+01
9.998294e-01 3.070265e-03 -1.821601e-02 -4.852961e-01 -2.996011e-03 9.999871e-01 4.102190e-03 -2.682173e-01 1.822837e-02 -4.046915e-03 9.998257e-01 2.741473e+01
9.998411e-01 1.235757e-03 -1.778461e-02 -5.136402e-01 -1.158423e-03 9.999898e-01 4.358046e-03 -3.007117e-01 1.778981e-02 -4.336751e-03 9.998323e-01 2.881764e+01
9.998416e-01 3.880147e-04 -1.779722e-02 -5.445240e-01 -2.627418e-04 9.999752e-01 7.040698e-03 -3.186929e-01 1.779951e-02 -7.034907e-03 9.998168e-01 3.023001e+01
9.998512e-01 -9.247310e-04 -1.722701e-02 -6.185453e-01 1.067428e-03 9.999652e-01 8.275976e-03 -3.242380e-01 1.721876e-02 -8.293133e-03 9.998174e-01 3.157227e+01
9.998484e-01 -2.315039e-03 -1.725535e-02 -6.337053e-01 2.443200e-03 9.999695e-01 7.409974e-03 -3.327248e-01 1.723767e-02 -7.451009e-03 9.998236e-01 3.294982e+01
9.998571e-01 -2.074193e-03 -1.677408e-02 -6.633986e-01 2.172334e-03 9.999806e-01 5.834603e-03 -3.482732e-01 1.676165e-02 -5.870208e-03 9.998423e-01 3.431363e+01
9.998672e-01 -1.359117e-03 -1.623879e-02 -7.064705e-01 1.444211e-03 9.999853e-01 5.229605e-03 -3.525395e-01 1.623144e-02 -5.252363e-03 9.998544e-01 3.566993e+01
9.998738e-01 -8.159991e-04 -1.586648e-02 -7.223803e-01 8.835698e-04 9.999906e-01 4.252165e-03 -3.728485e-01 1.586286e-02 -4.265647e-03 9.998651e-01 3.704041e+01
9.998956e-01 -5.678632e-04 -1.443479e-02 -7.547920e-01 6.440748e-04 9.999859e-01 5.275609e-03 -3.854387e-01 1.443159e-02 -5.284356e-03 9.998819e-01 3.838403e+01
9.999151e-01 -3.705353e-04 -1.302646e-02 -7.831337e-01 4.688512e-04 9.999714e-01 7.545153e-03 -4.098181e-01 1.302329e-02 -7.550620e-03 9.998867e-01 3.964265e+01
9.999375e-01 -1.737128e-04 -1.117555e-02 -8.185304e-01 2.680078e-04 9.999644e-01 8.436668e-03 -4.152931e-01 1.117369e-02 -8.439136e-03 9.999020e-01 4.085564e+01
9.999614e-01 -1.989769e-04 -8.781648e-03 -8.493058e-01 2.807420e-04 9.999566e-01 9.310654e-03 -4.476132e-01 8.779415e-03 -9.312760e-03 9.999181e-01 4.209141e+01
9.999847e-01 -3.700263e-04 -5.509981e-03 -8.599622e-01 4.180318e-04 9.999620e-01 8.713864e-03 -4.623361e-01 5.506547e-03 -8.716034e-03 9.999468e-01 4.334530e+01
9.999973e-01 -1.258767e-03 -1.972014e-03 -8.686695e-01 1.272482e-03 9.999749e-01 6.969077e-03 -4.745995e-01 1.963192e-03 -6.971567e-03 9.999738e-01 4.458927e+01
9.999980e-01 -1.605801e-03 1.202849e-03 -8.767955e-01 1.599491e-03 9.999850e-01 5.228421e-03 -4.848567e-01 -1.211226e-03 -5.226487e-03 9.999856e-01 4.581716e+01
9.999861e-01 -8.054792e-04 5.220145e-03 -8.669681e-01 7.742501e-04 9.999818e-01 5.981669e-03 -5.057744e-01 -5.224869e-03 -5.977544e-03 9.999685e-01 4.704991e+01
9.999410e-01 -9.228875e-04 1.082268e-02 -8.583191e-01 8.585661e-04 9.999819e-01 5.946353e-03 -5.244728e-01 -1.082797e-02 -5.936710e-03 9.999238e-01 4.833746e+01
9.998689e-01 1.897654e-04 1.619342e-02 -7.729334e-01 -2.662265e-04 9.999889e-01 4.719712e-03 -5.340480e-01 -1.619234e-02 -4.723404e-03 9.998577e-01 4.971046e+01
9.997218e-01 1.823197e-03 2.351397e-02 -7.461411e-01 -1.931127e-03 9.999877e-01 4.568133e-03 -5.362275e-01 -2.350535e-02 -4.612271e-03 9.997131e-01 5.091868e+01
9.994836e-01 2.932781e-03 3.200018e-02 -7.283857e-01 -3.114177e-03 9.999794e-01 5.620242e-03 -5.562349e-01 -3.198303e-02 -5.716993e-03 9.994721e-01 5.208458e+01
9.990923e-01 4.950487e-03 4.230997e-02 -7.092959e-01 -5.221463e-03 9.999666e-01 6.296437e-03 -5.695174e-01 -4.227738e-02 -6.511641e-03 9.990847e-01 5.315022e+01
9.984256e-01 7.537456e-03 5.558344e-02 -6.756031e-01 -7.909426e-03 9.999477e-01 6.475145e-03 -5.909620e-01 -5.553173e-02 -6.904583e-03 9.984331e-01 5.425068e+01
9.975469e-01 8.930378e-03 6.943001e-02 -5.797449e-01 -9.445873e-03 9.999302e-01 7.099917e-03 -6.130707e-01 -6.936175e-02 -7.738327e-03 9.975616e-01 5.537784e+01
9.961644e-01 1.084897e-02 8.682623e-02 -4.866906e-01 -1.162337e-02 9.998970e-01 8.418296e-03 -6.192583e-01 -8.672596e-02 -9.395219e-03 9.961879e-01 5.649271e+01
9.944270e-01 1.110304e-02 1.048415e-01 -3.882872e-01 -1.213680e-02 9.998838e-01 9.227435e-03 -6.302454e-01 -1.047268e-01 -1.044845e-02 9.944462e-01 5.761828e+01
9.922858e-01 1.052732e-02 1.235238e-01 -2.544654e-01 -1.164945e-02 9.998971e-01 8.365539e-03 -6.397522e-01 -1.234230e-01 -9.739989e-03 9.923064e-01 5.874504e+01
9.895676e-01 9.301141e-03 1.437688e-01 -1.046036e-01 -1.053608e-02 9.999138e-01 7.830787e-03 -6.673462e-01 -1.436836e-01 -9.263852e-03 9.895803e-01 5.982457e+01
9.862975e-01 6.624954e-03 1.648431e-01 7.056744e-02 -7.991619e-03 9.999390e-01 7.628858e-03 -6.773421e-01 -1.647825e-01 -8.841687e-03 9.862903e-01 6.094955e+01
9.825183e-01 7.025165e-04 1.861646e-01 3.000267e-01 -2.529042e-03 9.999509e-01 9.574045e-03 -6.868370e-01 -1.861487e-01 -9.877494e-03 9.824719e-01 6.209708e+01
9.777588e-01 -4.229302e-03 2.096901e-01 5.222642e-01 1.966078e-03 9.999375e-01 1.100046e-02 -6.923543e-01 -2.097236e-01 -1.034353e-02 9.777060e-01 6.321191e+01
9.724249e-01 -9.773560e-03 2.330115e-01 7.605888e-01 7.491594e-03 9.999149e-01 1.067636e-02 -7.053253e-01 -2.330961e-01 -8.636334e-03 9.724154e-01 6.412039e+01
9.659180e-01 -1.604398e-02 2.583506e-01 1.021872e+00 1.403186e-02 9.998552e-01 9.630473e-03 -7.352045e-01 -2.584677e-01 -5.677109e-03 9.660032e-01 6.517677e+01
9.589422e-01 -1.978117e-02 2.829107e-01 1.384191e+00 1.772230e-02 9.997946e-01 9.835061e-03 -7.209783e-01 -2.830472e-01 -4.417425e-03 9.590958e-01 6.619686e+01
9.504706e-01 -2.195294e-02 3.100384e-01 1.709237e+00 1.910942e-02 9.997429e-01 1.220608e-02 -7.232106e-01 -3.102266e-01 -5.676865e-03 9.506457e-01 6.717626e+01
9.409165e-01 -2.622595e-02 3.376215e-01 2.049876e+00 2.239031e-02 9.996330e-01 1.525053e-02 -7.311716e-01 -3.378976e-01 -6.790027e-03 9.411584e-01 6.813768e+01
9.303278e-01 -2.989626e-02 3.655084e-01 2.432672e+00 2.616713e-02 9.995427e-01 1.515308e-02 -7.456512e-01 -3.657943e-01 -4.533022e-03 9.306847e-01 6.905095e+01
9.185160e-01 -2.960079e-02 3.942743e-01 2.835981e+00 2.726805e-02 9.995618e-01 1.151908e-02 -7.486582e-01 -3.944425e-01 1.706316e-04 9.189206e-01 6.996466e+01
9.055502e-01 -3.034291e-02 4.231526e-01 3.248505e+00 3.048816e-02 9.995145e-01 6.427045e-03 -7.597709e-01 -4.231421e-01 7.081130e-03 9.060357e-01 7.084819e+01
8.913993e-01 -3.187818e-02 4.520962e-01 3.680923e+00 3.362950e-02 9.994257e-01 4.164072e-03 -7.656885e-01 -4.519693e-01 1.149192e-02 8.919594e-01 7.170819e+01
8.758678e-01 -3.248861e-02 4.814562e-01 4.149400e+00 3.290133e-02 9.994298e-01 7.587117e-03 -7.731763e-01 -4.814282e-01 9.195242e-03 8.764373e-01 7.255102e+01
8.581705e-01 -3.121435e-02 5.124149e-01 4.639108e+00 2.837197e-02 9.995080e-01 1.337004e-02 -7.831824e-01 -5.125802e-01 3.064450e-03 8.586339e-01 7.339935e+01
8.387594e-01 -3.138553e-02 5.435969e-01 5.165242e+00 2.615594e-02 9.995073e-01 1.735023e-02 -7.952027e-01 -5.438736e-01 -3.343845e-04 8.391671e-01 7.421199e+01
8.176970e-01 -2.517896e-02 5.750979e-01 5.720382e+00 2.185933e-02 9.996805e-01 1.268759e-02 -7.990673e-01 -5.752337e-01 2.196651e-03 8.179862e-01 7.501982e+01
7.957471e-01 -1.792390e-02 6.053637e-01 6.290981e+00 1.822804e-02 9.998179e-01 5.642431e-03 -8.049912e-01 -6.053547e-01 6.544648e-03 7.959290e-01 7.578119e+01
7.736990e-01 -1.515263e-02 6.333721e-01 6.900146e+00 1.676992e-02 9.998535e-01 3.434854e-03 -8.025526e-01 -6.333313e-01 7.964052e-03 7.738398e-01 7.650075e+01
7.508023e-01 -1.771076e-02 6.602895e-01 7.538581e+00 1.788816e-02 9.998190e-01 6.477587e-03 -8.093363e-01 -6.602848e-01 6.947980e-03 7.509832e-01 7.720187e+01
7.271295e-01 -1.816602e-02 6.862599e-01 8.196442e+00 1.852308e-02 9.998050e-01 6.839685e-03 -8.101923e-01 -6.862504e-01 7.738309e-03 7.273242e-01 7.785124e+01
7.026218e-01 -1.634491e-02 7.113758e-01 8.856453e+00 1.934173e-02 9.998055e-01 3.868294e-03 -8.120021e-01 -7.113006e-01 1.104129e-02 7.028012e-01 7.846735e+01
6.764823e-01 -1.368775e-02 7.363317e-01 9.522801e+00 1.895439e-02 9.998196e-01 1.171983e-03 -8.155354e-01 -7.362149e-01 1.316389e-02 6.766197e-01 7.908750e+01
6.496581e-01 -1.120792e-02 7.601439e-01 1.021217e+01 1.682081e-02 9.998584e-01 3.664556e-04 -8.256607e-01 -7.600403e-01 1.254816e-02 6.497547e-01 7.967816e+01
6.224436e-01 -9.565262e-03 7.826062e-01 1.094751e+01 1.679577e-02 9.998583e-01 -1.137877e-03 -8.279233e-01 -7.824845e-01 1.385274e-02 6.225160e-01 8.023278e+01
5.935085e-01 -3.182393e-03 8.048214e-01 1.168559e+01 1.530315e-02 9.998560e-01 -7.331586e-03 -8.453196e-01 -8.046822e-01 1.666766e-02 5.934718e-01 8.079689e+01
5.647219e-01 6.198662e-03 8.252580e-01 1.246907e+01 1.382515e-02 9.997604e-01 -1.696989e-02 -8.614398e-01 -8.251655e-01 2.099259e-02 5.645009e-01 8.129668e+01
5.337433e-01 1.486600e-02 8.455158e-01 1.327487e+01 1.330070e-02 9.995742e-01 -2.597093e-02 -8.597553e-01 -8.455420e-01 2.510776e-02 5.333183e-01 8.182114e+01
4.979875e-01 1.952823e-02 8.669643e-01 1.422830e+01 1.139186e-02 9.995129e-01 -2.905739e-02 -8.859042e-01 -8.671094e-01 2.434655e-02 4.975224e-01 8.252727e+01
4.660914e-01 1.868760e-02 8.845392e-01 1.506679e+01 9.588950e-03 9.996115e-01 -2.617144e-02 -9.244915e-01 -8.846846e-01 2.068009e-02 4.657311e-01 8.295718e+01
4.331035e-01 1.750100e-02 9.011742e-01 1.592561e+01 4.384629e-03 9.997587e-01 -2.152278e-02 -9.603242e-01 -9.013335e-01 1.327291e-02 4.329223e-01 8.337410e+01
3.994908e-01 1.860254e-02 9.165484e-01 1.679214e+01 8.158173e-04 9.997865e-01 -2.064755e-02 -9.846610e-01 -9.167368e-01 8.996244e-03 3.993904e-01 8.374339e+01
3.643459e-01 2.159393e-02 9.310133e-01 1.767248e+01 -7.162370e-03 9.997665e-01 -2.038565e-02 -1.022500e+00 -9.312361e-01 7.591652e-04 3.644155e-01 8.409834e+01
3.286968e-01 2.373432e-02 9.441372e-01 1.856901e+01 -1.232274e-02 9.997069e-01 -2.084116e-02 -1.045984e+00 -9.443551e-01 -4.783939e-03 3.288929e-01 8.441837e+01
2.929629e-01 2.305299e-02 9.558458e-01 1.947437e+01 -1.512491e-02 9.996960e-01 -1.947484e-02 -1.075952e+00 -9.560041e-01 -8.751675e-03 2.932225e-01 8.469454e+01
2.569928e-01 2.246540e-02 9.661521e-01 2.040508e+01 -1.602548e-02 9.996914e-01 -1.898255e-02 -1.108492e+00 -9.662804e-01 -1.060467e-02 2.572735e-01 8.493950e+01
2.212285e-01 2.172256e-02 9.749801e-01 2.135753e+01 -1.513270e-02 9.997080e-01 -1.883980e-02 -1.135836e+00 -9.751046e-01 -1.058618e-02 2.214926e-01 8.514921e+01
1.862149e-01 2.076794e-02 9.822896e-01 2.233149e+01 -1.311706e-02 9.997400e-01 -1.865026e-02 -1.153470e+00 -9.824215e-01 -9.411798e-03 1.864389e-01 8.532122e+01
1.520257e-01 1.981598e-02 9.881779e-01 2.331444e+01 -5.154890e-03 9.998013e-01 -1.925601e-02 -1.184232e+00 -9.883631e-01 -2.166539e-03 1.520977e-01 8.545273e+01
1.187553e-01 2.321522e-02 9.926521e-01 2.429762e+01 -2.785366e-03 9.997305e-01 -2.304754e-02 -1.215702e+00 -9.929196e-01 -2.788117e-05 1.187880e-01 8.555186e+01
8.642894e-02 2.818745e-02 9.958592e-01 2.526558e+01 -2.253962e-03 9.996026e-01 -2.809779e-02 -1.248315e+00 -9.962555e-01 1.838333e-04 8.645813e-02 8.563139e+01
5.744803e-02 3.178433e-02 9.978424e-01 2.624637e+01 4.754619e-03 9.994730e-01 -3.211000e-02 -1.287289e+00 -9.983371e-01 6.589016e-03 5.726663e-02 8.567814e+01
3.176470e-02 3.020704e-02 9.990388e-01 2.729190e+01 7.153535e-03 9.995107e-01 -3.044876e-02 -1.320113e+00 -9.994698e-01 8.113855e-03 3.153307e-02 8.571970e+01
9.491626e-03 2.727315e-02 9.995829e-01 2.829780e+01 8.652883e-03 9.995883e-01 -2.735546e-02 -1.361044e+00 -9.999175e-01 8.908922e-03 9.251728e-03 8.572889e+01
-9.478944e-03 2.495972e-02 9.996435e-01 2.930025e+01 8.897346e-03 9.996510e-01 -2.487554e-02 -1.389058e+00 -9.999155e-01 8.658379e-03 -9.697711e-03 8.571715e+01
-2.624123e-02 2.800378e-02 9.992633e-01 3.031654e+01 1.021951e-02 9.995628e-01 -2.774381e-02 -1.425488e+00 -9.996034e-01 9.483947e-03 -2.651594e-02 8.569663e+01
-4.156441e-02 3.253196e-02 9.986061e-01 3.134846e+01 1.207792e-02 9.994131e-01 -3.205554e-02 -1.470157e+00 -9.990628e-01 1.072871e-02 -4.193293e-02 8.567277e+01
-5.450293e-02 3.657772e-02 9.978434e-01 3.249989e+01 1.547702e-02 9.992397e-01 -3.578353e-02 -1.522339e+00 -9.983937e-01 1.349333e-02 -5.502760e-02 8.560998e+01
-6.351157e-02 4.009861e-02 9.971752e-01 3.351116e+01 2.070552e-02 9.990304e-01 -3.885444e-02 -1.565542e+00 -9.977663e-01 1.817933e-02 -6.428025e-02 8.554017e+01
-6.936580e-02 4.535459e-02 9.965597e-01 3.452330e+01 2.461262e-02 9.987397e-01 -4.374064e-02 -1.615048e+00 -9.972876e-01 2.149384e-02 -7.039467e-02 8.545920e+01
-7.283309e-02 4.992553e-02 9.960938e-01 3.552615e+01 2.650363e-02 9.984905e-01 -4.810774e-02 -1.671657e+00 -9.969919e-01 2.289626e-02 -7.404635e-02 8.538339e+01
-7.603317e-02 5.400394e-02 9.956418e-01 3.653125e+01 2.834528e-02 9.982457e-01 -5.198056e-02 -1.728656e+00 -9.967023e-01 2.426949e-02 -7.743055e-02 8.531656e+01
-7.841906e-02 5.701765e-02 9.952886e-01 3.755795e+01 2.881402e-02 9.980756e-01 -5.490705e-02 -1.787572e+00 -9.965040e-01 2.437251e-02 -7.991106e-02 8.523335e+01
-8.076186e-02 6.027427e-02 9.949093e-01 3.858529e+01 3.024652e-02 9.978584e-01 -5.799767e-02 -1.855201e+00 -9.962744e-01 2.540855e-02 -8.241198e-02 8.515734e+01
-8.256988e-02 6.399108e-02 9.945287e-01 3.958703e+01 3.146417e-02 9.976063e-01 -6.157682e-02 -1.928855e+00 -9.960884e-01 2.620763e-02 -8.438566e-02 8.506834e+01
-8.504708e-02 6.493920e-02 9.942585e-01 4.056628e+01 3.441482e-02 9.974698e-01 -6.220517e-02 -2.012205e+00 -9.957824e-01 2.892686e-02 -8.706677e-02 8.499634e+01
-8.757473e-02 6.390677e-02 9.941059e-01 4.160473e+01 3.403055e-02 9.975495e-01 -6.113026e-02 -2.085015e+00 -9.955765e-01 2.847650e-02 -8.953491e-02 8.492466e+01
-8.998702e-02 6.342239e-02 9.939215e-01 4.265502e+01 3.380843e-02 9.975897e-01 -6.059553e-02 -2.155705e+00 -9.953690e-01 2.815011e-02 -9.191433e-02 8.485054e+01
-9.238178e-02 6.490006e-02 9.936063e-01 4.371940e+01 3.311810e-02 9.975218e-01 -6.207661e-02 -2.223761e+00 -9.951727e-01 2.717160e-02 -9.430220e-02 8.475025e+01
-9.469412e-02 6.709336e-02 9.932429e-01 4.474205e+01 3.186010e-02 9.974195e-01 -6.433800e-02 -2.294858e+00 -9.949965e-01 2.555239e-02 -9.658735e-02 8.465690e+01
-9.723342e-02 6.915440e-02 9.928561e-01 4.576568e+01 3.026758e-02 9.973271e-01 -6.650161e-02 -2.374040e+00 -9.948013e-01 2.358518e-02 -9.906667e-02 8.455806e+01
-9.967263e-02 7.267056e-02 9.923630e-01 4.680101e+01 2.825297e-02 9.971340e-01 -7.018222e-02 -2.451985e+00 -9.946191e-01 2.104195e-02 -1.014401e-01 8.446062e+01
-1.021665e-01 7.647612e-02 9.918233e-01 4.777386e+01 2.544653e-02 9.969151e-01 -7.424752e-02 -2.543826e+00 -9.944418e-01 1.765285e-02 -1.037974e-01 8.437782e+01
-1.063663e-01 7.866342e-02 9.912105e-01 4.897853e+01 2.219361e-02 9.968052e-01 -7.672583e-02 -2.632251e+00 -9.940793e-01 1.383750e-02 -1.077723e-01 8.420638e+01
-1.091103e-01 7.728943e-02 9.910203e-01 5.002563e+01 2.033174e-02 9.969376e-01 -7.551242e-02 -2.716502e+00 -9.938217e-01 1.190999e-02 -1.103475e-01 8.409346e+01
-1.118779e-01 7.282439e-02 9.910499e-01 5.106992e+01 1.786652e-02 9.972973e-01 -7.126653e-02 -2.809567e+00 -9.935613e-01 9.733463e-03 -1.128766e-01 8.398207e+01
-1.144022e-01 7.110650e-02 9.908864e-01 5.212139e+01 1.760287e-02 9.974236e-01 -6.954328e-02 -2.889698e+00 -9.932786e-01 9.486541e-03 -1.153591e-01 8.387096e+01
-1.161995e-01 7.188152e-02 9.906214e-01 5.317470e+01 1.733794e-02 9.973726e-01 -7.033766e-02 -2.961876e+00 -9.930745e-01 9.002136e-03 -1.171405e-01 8.375247e+01
-1.174614e-01 7.476351e-02 9.902592e-01 5.424225e+01 1.808582e-02 9.971578e-01 -7.313906e-02 -3.042676e+00 -9.929128e-01 9.318624e-03 -1.184798e-01 8.362716e+01
-1.182399e-01 7.746793e-02 9.899586e-01 5.529213e+01 1.875667e-02 9.969485e-01 -7.577464e-02 -3.128447e+00 -9.928079e-01 9.608738e-03 -1.193321e-01 8.350475e+01
-1.184258e-01 7.814597e-02 9.898831e-01 5.635111e+01 1.764010e-02 9.969066e-01 -7.659005e-02 -3.219212e+00 -9.928062e-01 8.391398e-03 -1.194380e-01 8.338062e+01
-1.188390e-01 7.668626e-02 9.899477e-01 5.736739e+01 1.492109e-02 9.970384e-01 -7.544432e-02 -3.305654e+00 -9.928014e-01 5.805369e-03 -1.196313e-01 8.329321e+01
-1.190491e-01 7.591368e-02 9.899820e-01 5.843062e+01 1.082488e-02 9.971128e-01 -7.515875e-02 -3.399534e+00 -9.928294e-01 1.768858e-03 -1.195271e-01 8.317686e+01
-1.192423e-01 7.689295e-02 9.898832e-01 5.948924e+01 7.149629e-03 9.970372e-01 -7.658742e-02 -3.491706e+00 -9.928395e-01 -2.055163e-03 -1.194388e-01 8.306252e+01
-1.192022e-01 7.657497e-02 9.899127e-01 6.054321e+01 2.669421e-03 9.970425e-01 -7.680506e-02 -3.591276e+00 -9.928664e-01 -6.512835e-03 -1.190540e-01 8.294260e+01
-1.199394e-01 7.615202e-02 9.898562e-01 6.158452e+01 -1.138313e-03 9.970426e-01 -7.684281e-02 -3.679198e+00 -9.927806e-01 -1.034324e-02 -1.194980e-01 8.284168e+01
-1.205531e-01 7.084089e-02 9.901760e-01 6.264713e+01 -1.122888e-03 9.974402e-01 -7.149731e-02 -3.767587e+00 -9.927062e-01 -9.731075e-03 -1.201649e-01 8.272671e+01
-1.209645e-01 6.232716e-02 9.906982e-01 6.374571e+01 2.366751e-03 9.980422e-01 -6.250020e-02 -3.847771e+00 -9.926540e-01 -5.215570e-03 -1.208752e-01 8.259531e+01
-1.198657e-01 5.724371e-02 9.911384e-01 6.485348e+01 8.085286e-03 9.983595e-01 -5.668296e-02 -3.921227e+00 -9.927572e-01 1.219293e-03 -1.201319e-01 8.243770e+01
-1.194124e-01 5.977489e-02 9.910437e-01 6.595796e+01 1.609209e-02 9.981714e-01 -5.826584e-02 -3.991939e+00 -9.927143e-01 8.990298e-03 -1.201559e-01 8.230148e+01
-1.181718e-01 6.513376e-02 9.908547e-01 6.702967e+01 2.238459e-02 9.977676e-01 -6.291854e-02 -4.069409e+00 -9.927408e-01 1.474469e-02 -1.193659e-01 8.216766e+01
-1.165729e-01 7.113071e-02 9.906317e-01 6.823464e+01 2.612952e-02 9.973065e-01 -6.853518e-02 -4.146868e+00 -9.928384e-01 1.789538e-02 -1.181175e-01 8.198129e+01
-1.159789e-01 7.609647e-02 9.903324e-01 6.932652e+01 2.670757e-02 9.969393e-01 -7.347638e-02 -4.215272e+00 -9.928926e-01 1.792766e-02 -1.176562e-01 8.184942e+01
-1.158649e-01 7.307039e-02 9.905736e-01 7.044938e+01 2.357162e-02 9.972118e-01 -7.080295e-02 -4.303979e+00 -9.929852e-01 1.514585e-02 -1.172642e-01 8.172826e+01
-1.158141e-01 6.850667e-02 9.909056e-01 7.155392e+01 2.213994e-02 9.975489e-01 -6.637830e-02 -4.384694e+00 -9.930241e-01 1.425105e-02 -1.170470e-01 8.161154e+01
-1.154365e-01 6.650670e-02 9.910859e-01 7.268118e+01 1.990253e-02 9.977106e-01 -6.463311e-02 -4.464057e+00 -9.931155e-01 1.226410e-02 -1.164959e-01 8.148021e+01
-1.146512e-01 6.721738e-02 9.911291e-01 7.381302e+01 1.774366e-02 9.976876e-01 -6.560963e-02 -4.543188e+00 -9.932473e-01 1.006404e-02 -1.155787e-01 8.133747e+01
-1.143031e-01 7.250821e-02 9.907963e-01 7.493431e+01 1.920271e-02 9.973078e-01 -7.076941e-02 -4.631238e+00 -9.932603e-01 1.093681e-02 -1.153877e-01 8.120956e+01
-1.135503e-01 7.501323e-02 9.906964e-01 7.605400e+01 1.846145e-02 9.971328e-01 -7.338459e-02 -4.721217e+00 -9.933607e-01 9.956856e-03 -1.146096e-01 8.108330e+01
-1.136047e-01 7.355345e-02 9.907996e-01 7.717191e+01 1.878667e-02 9.972365e-01 -7.187723e-02 -4.816037e+00 -9.933484e-01 1.044824e-02 -1.146725e-01 8.096704e+01
-1.130929e-01 6.701623e-02 9.913217e-01 7.833284e+01 2.107311e-02 9.976601e-01 -6.504064e-02 -4.900040e+00 -9.933609e-01 1.353461e-02 -1.142405e-01 8.085059e+01
-1.138842e-01 6.538484e-02 9.913401e-01 7.948068e+01 1.969270e-02 9.977845e-01 -6.354760e-02 -4.984171e+00 -9.932988e-01 1.228509e-02 -1.149195e-01 8.072453e+01
-1.134503e-01 6.882556e-02 9.911569e-01 8.063750e+01 1.703810e-02 9.975858e-01 -6.732175e-02 -5.058491e+00 -9.933976e-01 9.249758e-03 -1.143490e-01 8.060400e+01
-1.130178e-01 7.224002e-02 9.909633e-01 8.179269e+01 1.624707e-02 9.973544e-01 -7.085297e-02 -5.134881e+00 -9.934601e-01 8.092604e-03 -1.138925e-01 8.047581e+01
-1.128546e-01 7.136361e-02 9.910455e-01 8.295007e+01 1.529625e-02 9.974240e-01 -7.008108e-02 -5.230967e+00 -9.934938e-01 7.250311e-03 -1.136554e-01 8.034554e+01
-1.130473e-01 6.794095e-02 9.912640e-01 8.413610e+01 1.457287e-02 9.976655e-01 -6.671776e-02 -5.318227e+00 -9.934827e-01 6.903301e-03 -1.137735e-01 8.022424e+01
-1.118458e-01 6.703431e-02 9.914620e-01 8.530830e+01 1.515447e-02 9.977212e-01 -6.574795e-02 -5.401370e+00 -9.936100e-01 7.671453e-03 -1.126068e-01 8.009167e+01
-1.105861e-01 6.729155e-02 9.915859e-01 8.647224e+01 1.672378e-02 9.976900e-01 -6.584068e-02 -5.488145e+00 -9.937258e-01 9.302001e-03 -1.114560e-01 7.996134e+01
-1.095160e-01 6.767403e-02 9.916786e-01 8.767019e+01 1.957290e-02 9.976330e-01 -6.591884e-02 -5.571887e+00 -9.937923e-01 1.219085e-02 -1.105814e-01 7.982705e+01
-1.077737e-01 6.710891e-02 9.919079e-01 8.884551e+01 1.944256e-02 9.976706e-01 -6.538630e-02 -5.659082e+00 -9.939853e-01 1.223830e-02 -1.088274e-01 7.968529e+01
-1.063001e-01 6.748923e-02 9.920411e-01 9.006670e+01 2.195712e-02 9.976100e-01 -6.551532e-02 -5.736082e+00 -9.940916e-01 1.481808e-02 -1.075279e-01 7.954124e+01
-1.048973e-01 6.554190e-02 9.923209e-01 9.127605e+01 2.197764e-02 9.977350e-01 -6.357625e-02 -5.824368e+00 -9.942402e-01 1.513990e-02 -1.061002e-01 7.941130e+01
-1.037935e-01 6.474131e-02 9.924895e-01 9.249669e+01 1.989011e-02 9.978148e-01 -6.300859e-02 -5.911695e+00 -9.944000e-01 1.320084e-02 -1.048544e-01 7.929235e+01
-1.021271e-01 6.398984e-02 9.927111e-01 9.369564e+01 2.102035e-02 9.978449e-01 -6.215826e-02 -5.996551e+00 -9.945493e-01 1.451909e-02 -1.032521e-01 7.916470e+01
-1.006170e-01 6.494096e-02 9.928036e-01 9.490341e+01 1.864086e-02 9.978154e-01 -6.337961e-02 -6.080039e+00 -9.947506e-01 1.212965e-02 -1.016077e-01 7.905331e+01
-9.966744e-02 6.759351e-02 9.927223e-01 9.613754e+01 1.938407e-02 9.976325e-01 -6.598172e-02 -6.168664e+00 -9.948320e-01 1.266677e-02 -1.007417e-01 7.894832e+01
-9.816963e-02 6.660841e-02 9.929381e-01 9.737086e+01 1.699186e-02 9.977243e-01 -6.524953e-02 -6.250957e+00 -9.950246e-01 1.046634e-02 -9.907803e-02 7.882214e+01
-9.831631e-02 6.505554e-02 9.930266e-01 9.863087e+01 1.288147e-02 9.978606e-01 -6.409688e-02 -6.348143e+00 -9.950718e-01 6.489871e-03 -9.894398e-02 7.873043e+01
-9.814078e-02 6.599239e-02 9.929821e-01 9.984190e+01 1.032088e-02 9.978127e-01 -6.529337e-02 -6.438545e+00 -9.951190e-01 3.840511e-03 -9.860722e-02 7.861671e+01
-9.840062e-02 6.559508e-02 9.929827e-01 1.010310e+02 7.077723e-03 9.978461e-01 -6.521498e-02 -6.519980e+00 -9.951217e-01 6.108618e-04 -9.865294e-02 7.850520e+01
-9.699933e-02 6.270947e-02 9.933069e-01 1.023009e+02 7.301860e-03 9.980311e-01 -6.229467e-02 -6.594536e+00 -9.952577e-01 1.210447e-03 -9.726624e-02 7.830717e+01
-9.811477e-02 6.109238e-02 9.932982e-01 1.035631e+02 4.588169e-03 9.981311e-01 -6.093643e-02 -6.682053e+00 -9.951645e-01 -1.421344e-03 -9.821171e-02 7.818961e+01
-9.933504e-02 6.035271e-02 9.932221e-01 1.048259e+02 2.691983e-03 9.981716e-01 -6.038423e-02 -6.766863e+00 -9.950504e-01 -3.324533e-03 -9.931588e-02 7.806703e+01
-1.004786e-01 6.091362e-02 9.930728e-01 1.060857e+02 3.069894e-03 9.981383e-01 -6.091372e-02 -6.843118e+00 -9.949345e-01 -3.071896e-03 -1.004785e-01 7.793975e+01
-1.024882e-01 5.960093e-02 9.929471e-01 1.073132e+02 3.048578e-03 9.982175e-01 -5.960262e-02 -6.923779e+00 -9.947296e-01 -3.081486e-03 -1.024872e-01 7.781823e+01
-1.052561e-01 5.509178e-02 9.929180e-01 1.085801e+02 2.763480e-04 9.984658e-01 -5.537031e-02 -7.000076e+00 -9.944451e-01 -5.553673e-03 -1.051099e-01 7.768283e+01
-1.100145e-01 5.495520e-02 9.924095e-01 1.098189e+02 1.830988e-04 9.984714e-01 -5.527058e-02 -7.087011e+00 -9.939300e-01 -5.898859e-03 -1.098564e-01 7.757017e+01
-1.157080e-01 6.108679e-02 9.914031e-01 1.110495e+02 -5.011936e-03 9.980585e-01 -6.208182e-02 -7.163929e+00 -9.932706e-01 -1.215221e-02 -1.151771e-01 7.744514e+01
-1.228781e-01 6.425232e-02 9.903396e-01 1.123017e+02 -4.010972e-03 9.978617e-01 -6.523801e-02 -7.247243e+00 -9.924136e-01 -1.198855e-02 -1.223577e-01 7.731133e+01
-1.318089e-01 6.034064e-02 9.894369e-01 1.135578e+02 -2.389366e-03 9.981233e-01 -6.118869e-02 -7.329710e+00 -9.912723e-01 -1.042934e-02 -1.314173e-01 7.715530e+01
-1.425577e-01 5.786457e-02 9.880936e-01 1.147814e+02 2.707946e-04 9.982919e-01 -5.842273e-02 -7.425430e+00 -9.897864e-01 -8.061042e-03 -1.423299e-01 7.698982e+01
-1.536019e-01 5.986605e-02 9.863176e-01 1.160658e+02 2.303186e-03 9.981820e-01 -6.022750e-02 -7.486944e+00 -9.881302e-01 -6.979386e-03 -1.534605e-01 7.673736e+01
-1.676759e-01 6.044939e-02 9.839872e-01 1.173037e+02 4.136098e-03 9.981527e-01 -6.061482e-02 -7.561722e+00 -9.858335e-01 -6.093774e-03 -1.676161e-01 7.652122e+01
-1.818323e-01 5.826754e-02 9.816017e-01 1.185063e+02 4.253494e-03 9.982801e-01 -5.846965e-02 -7.641953e+00 -9.833204e-01 -6.456432e-03 -1.817674e-01 7.630355e+01
-1.970721e-01 6.138995e-02 9.784651e-01 1.197017e+02 7.999930e-03 9.981050e-01 -6.101092e-02 -7.704056e+00 -9.803564e-01 -4.195896e-03 -1.971897e-01 7.604556e+01
-2.122445e-01 6.448285e-02 9.750867e-01 1.208749e+02 8.414355e-03 9.979041e-01 -6.416024e-02 -7.793287e+00 -9.771804e-01 -5.412935e-03 -2.123423e-01 7.579558e+01
-2.270459e-01 6.847364e-02 9.714739e-01 1.220394e+02 8.509474e-03 9.976266e-01 -6.832822e-02 -7.880815e+00 -9.738469e-01 -7.246914e-03 -2.270897e-01 7.552496e+01
-2.439968e-01 6.601954e-02 9.675262e-01 1.232601e+02 4.797818e-03 9.977500e-01 -6.687192e-02 -7.983223e+00 -9.697642e-01 -1.167452e-02 -2.437645e-01 7.526450e+01
-2.598580e-01 6.083191e-02 9.637288e-01 1.244525e+02 -6.950250e-04 9.980018e-01 -6.318267e-02 -8.062806e+00 -9.656466e-01 -1.708834e-02 -2.592964e-01 7.495861e+01
-2.755404e-01 5.643585e-02 9.596314e-01 1.256181e+02 -5.114834e-03 9.981750e-01 -6.017122e-02 -8.155247e+00 -9.612759e-01 -2.148796e-02 -2.747489e-01 7.463809e+01
-2.901683e-01 5.817639e-02 9.552057e-01 1.267485e+02 -6.294364e-03 9.980128e-01 -6.269562e-02 -8.238533e+00 -9.569550e-01 -2.420469e-02 -2.892255e-01 7.429672e+01
-3.053997e-01 6.035471e-02 9.503096e-01 1.279033e+02 -6.613747e-03 9.978307e-01 -6.549826e-02 -8.319833e+00 -9.522013e-01 -2.628825e-02 -3.043380e-01 7.396092e+01
-3.181899e-01 6.263372e-02 9.459557e-01 1.290311e+02 -4.623402e-03 9.977008e-01 -6.761503e-02 -8.414536e+00 -9.480157e-01 -2.588795e-02 -3.171687e-01 7.355900e+01
-3.324610e-01 6.266720e-02 9.410326e-01 1.302008e+02 -2.516052e-03 9.977275e-01 -6.733164e-02 -8.504602e+00 -9.431136e-01 -2.475283e-02 -3.315478e-01 7.315195e+01
-3.460121e-01 5.960440e-02 9.363348e-01 1.312342e+02 -4.293526e-03 9.978690e-01 -6.510811e-02 -8.604482e+00 -9.382202e-01 -2.654837e-02 -3.450188e-01 7.269875e+01
-3.605203e-01 5.820363e-02 9.309337e-01 1.323577e+02 -4.563906e-03 9.979292e-01 -6.415977e-02 -8.695840e+00 -9.327402e-01 -2.737959e-02 -3.595081e-01 7.226667e+01
-3.755060e-01 5.962676e-02 9.248999e-01 1.334751e+02 -5.956941e-03 9.977525e-01 -6.674194e-02 -8.787260e+00 -9.268008e-01 -3.057158e-02 -3.743069e-01 7.183134e+01
-3.901505e-01 6.198145e-02 9.186625e-01 1.345741e+02 -5.115202e-03 9.975704e-01 -6.947770e-02 -8.873900e+00 -9.207369e-01 -3.180590e-02 -3.888855e-01 7.135960e+01
-4.050645e-01 6.330801e-02 9.120937e-01 1.356514e+02 -4.368112e-03 9.974545e-01 -7.117276e-02 -8.971518e+00 -9.142777e-01 -3.281368e-02 -4.037568e-01 7.089078e+01
-4.193880e-01 6.636118e-02 9.053783e-01 1.367192e+02 -5.377351e-04 9.973062e-01 -7.334828e-02 -9.068331e+00 -9.078069e-01 -3.124824e-02 -4.182226e-01 7.039622e+01
-4.341929e-01 6.942034e-02 8.981411e-01 1.377868e+02 -1.462001e-03 9.969706e-01 -7.776599e-02 -9.166288e+00 -9.008188e-01 -3.507852e-02 -4.327760e-01 6.988441e+01
-4.493449e-01 7.170985e-02 8.904756e-01 1.388918e+02 -5.284225e-04 9.967517e-01 -8.053489e-02 -9.271641e+00 -8.933582e-01 -3.665849e-02 -4.478474e-01 6.933902e+01
-4.651459e-01 6.804763e-02 8.826147e-01 1.400020e+02 -2.837133e-03 9.969214e-01 -7.835562e-02 -9.399368e+00 -8.852295e-01 -3.895089e-02 -4.635209e-01 6.878044e+01
-4.811916e-01 6.370208e-02 8.742978e-01 1.410903e+02 -5.623459e-03 9.971113e-01 -7.574538e-02 -9.501516e+00 -8.765974e-01 -4.136462e-02 -4.794434e-01 6.820103e+01
-4.971418e-01 6.426222e-02 8.652863e-01 1.421328e+02 -6.134500e-03 9.969683e-01 -7.756636e-02 -9.586059e+00 -8.676476e-01 -4.386958e-02 -4.952404e-01 6.760203e+01
-5.130598e-01 6.296334e-02 8.560404e-01 1.431836e+02 -7.921549e-03 9.969162e-01 -7.807272e-02 -9.690961e+00 -8.583163e-01 -4.683714e-02 -5.109789e-01 6.697839e+01
-5.289147e-01 6.193329e-02 8.464121e-01 1.442324e+02 -8.459543e-03 9.968994e-01 -7.823095e-02 -9.797186e+00 -8.486328e-01 -4.853776e-02 -5.267508e-01 6.634251e+01
-5.442388e-01 6.129290e-02 8.366883e-01 1.452758e+02 -9.973796e-03 9.967843e-01 -7.950861e-02 -9.898952e+00 -8.388711e-01 -5.161663e-02 -5.418773e-01 6.566995e+01
-5.595646e-01 6.086394e-02 8.265489e-01 1.463310e+02 -9.984873e-03 9.967324e-01 -8.015526e-02 -1.000737e+01 -8.287266e-01 -5.310503e-02 -5.571284e-01 6.497288e+01
-5.771190e-01 5.838421e-02 8.145704e-01 1.475468e+02 -1.030409e-02 9.968413e-01 -7.874884e-02 -1.010846e+01 -8.165950e-01 -5.384086e-02 -5.746945e-01 6.426620e+01
-5.921076e-01 5.499595e-02 8.039801e-01 1.485601e+02 -9.884532e-03 9.970979e-01 -7.548577e-02 -1.021445e+01 -8.057983e-01 -5.264266e-02 -5.898457e-01 6.353275e+01
-6.069369e-01 5.369150e-02 7.929343e-01 1.495890e+02 -8.750755e-03 9.972034e-01 -7.422116e-02 -1.031337e+01 -7.947018e-01 -5.198634e-02 -6.047697e-01 6.275117e+01
-6.220349e-01 5.185014e-02 7.812709e-01 1.505813e+02 -9.819152e-03 9.972100e-01 -7.399909e-02 -1.041460e+01 -7.829279e-01 -5.370143e-02 -6.197903e-01 6.198787e+01
-6.370315e-01 5.243925e-02 7.690520e-01 1.515546e+02 -1.179834e-02 9.969032e-01 -7.774867e-02 -1.052673e+01 -7.707475e-01 -5.860189e-02 -6.344401e-01 6.120943e+01
-6.525841e-01 5.173636e-02 7.559480e-01 1.525046e+02 -1.412620e-02 9.966621e-01 -8.040527e-02 -1.063404e+01 -7.575846e-01 -6.314987e-02 -6.496750e-01 6.042546e+01
-6.691591e-01 4.814965e-02 7.415576e-01 1.534354e+02 -1.632174e-02 9.967057e-01 -7.944477e-02 -1.074349e+01 -7.429399e-01 -6.526471e-02 -6.661687e-01 5.964864e+01
-6.849731e-01 4.128851e-02 7.273975e-01 1.543957e+02 -1.895119e-02 9.970454e-01 -7.444014e-02 -1.085753e+01 -7.283219e-01 -6.477454e-02 -6.821668e-01 5.873471e+01
-7.020764e-01 3.830169e-02 7.110708e-01 1.553152e+02 -2.025156e-02 9.970746e-01 -7.370262e-02 -1.096737e+01 -7.118136e-01 -6.614516e-02 -6.992468e-01 5.786034e+01
-7.194293e-01 3.535981e-02 6.936650e-01 1.562083e+02 -2.265658e-02 9.969771e-01 -7.431934e-02 -1.106507e+01 -6.941960e-01 -6.918359e-02 -7.164534e-01 5.694831e+01
-7.360799e-01 3.193875e-02 6.761407e-01 1.570153e+02 -2.504674e-02 9.969170e-01 -7.435831e-02 -1.117762e+01 -6.764311e-01 -7.166878e-02 -7.330106e-01 5.603672e+01
-7.531210e-01 2.981855e-02 6.572059e-01 1.578703e+02 -2.499316e-02 9.969543e-01 -7.387426e-02 -1.127571e+01 -6.574072e-01 -7.206191e-02 -7.500820e-01 5.510863e+01
-7.690925e-01 3.221613e-02 6.383250e-01 1.586767e+02 -2.239952e-02 9.967567e-01 -7.729439e-02 -1.138768e+01 -6.387449e-01 -7.374471e-02 -7.658764e-01 5.417108e+01
-7.839258e-01 3.241361e-02 6.200078e-01 1.595056e+02 -1.817986e-02 9.970096e-01 -7.510928e-02 -1.150717e+01 -6.205883e-01 -7.015176e-02 -7.809923e-01 5.308242e+01
-7.999100e-01 3.392480e-02 5.991603e-01 1.604273e+02 -1.431206e-02 9.970385e-01 -7.556023e-02 -1.159406e+01 -5.999492e-01 -6.901661e-02 -7.970556e-01 5.196241e+01
-8.147656e-01 3.472200e-02 5.787499e-01 1.611959e+02 -1.295985e-02 9.968651e-01 -7.805166e-02 -1.170288e+01 -5.796457e-01 -7.109432e-02 -8.117614e-01 5.092438e+01
-8.286349e-01 3.637405e-02 5.586063e-01 1.618955e+02 -1.177885e-02 9.965328e-01 -8.236267e-02 -1.181160e+01 -5.596654e-01 -7.482833e-02 -8.253335e-01 4.994155e+01
-8.416314e-01 3.680342e-02 5.387969e-01 1.626013e+02 -9.102255e-03 9.965668e-01 -8.229040e-02 -1.192469e+01 -5.399757e-01 -7.416245e-02 -8.384069e-01 4.884758e+01
-8.534539e-01 3.473078e-02 5.200099e-01 1.632804e+02 -8.049073e-03 9.967797e-01 -7.978396e-02 -1.204106e+01 -5.211062e-01 -7.227752e-02 -8.504259e-01 4.775961e+01
-8.636330e-01 3.666124e-02 5.027863e-01 1.639121e+02 -4.822412e-03 9.967057e-01 -8.095937e-02 -1.217445e+01 -5.040981e-01 -7.234383e-02 -8.606111e-01 4.660278e+01
-8.732037e-01 3.915298e-02 4.857801e-01 1.645735e+02 -2.361036e-03 9.964162e-01 -8.455334e-02 -1.230519e+01 -4.873497e-01 -7.497923e-02 -8.699818e-01 4.543370e+01
-8.822961e-01 3.670742e-02 4.692612e-01 1.651780e+02 -4.355302e-03 9.962751e-01 -8.612123e-02 -1.241989e+01 -4.706746e-01 -7.802821e-02 -8.788499e-01 4.430171e+01
-8.905442e-01 3.391655e-02 4.536307e-01 1.657816e+02 -5.639070e-03 9.963169e-01 -8.556183e-02 -1.254558e+01 -4.548618e-01 -7.875465e-02 -8.870729e-01 4.312856e+01
-8.981528e-01 3.200521e-02 4.385170e-01 1.663855e+02 -6.302012e-03 9.963077e-01 -8.562315e-02 -1.267675e+01 -4.396382e-01 -7.966621e-02 -8.946348e-01 4.197730e+01
-9.051095e-01 2.926081e-02 4.241704e-01 1.669561e+02 -7.763615e-03 9.963254e-01 -8.529639e-02 -1.279286e+01 -4.251076e-01 -8.049568e-02 -9.015564e-01 4.079639e+01
-9.112137e-01 2.750002e-02 4.110151e-01 1.674921e+02 -8.007708e-03 9.963982e-01 -8.441953e-02 -1.291533e+01 -4.118562e-01 -8.021551e-02 -9.077114e-01 3.960522e+01
-9.170074e-01 2.291907e-02 3.982112e-01 1.680270e+02 -9.984522e-03 9.967160e-01 -8.035858e-02 -1.304298e+01 -3.987452e-01 -7.766536e-02 -9.137671e-01 3.840903e+01
-9.223004e-01 1.916636e-02 3.859983e-01 1.685666e+02 -1.171938e-02 9.969232e-01 -7.750338e-02 -1.314990e+01 -3.862961e-01 -7.600506e-02 -9.192380e-01 3.719437e+01
-9.267458e-01 1.916015e-02 3.752001e-01 1.690625e+02 -9.534921e-03 9.971774e-01 -7.447363e-02 -1.325853e+01 -3.755680e-01 -7.259563e-02 -9.239473e-01 3.598077e+01
-9.300487e-01 2.298415e-02 3.667167e-01 1.695376e+02 -5.299891e-03 9.970987e-01 -7.593496e-02 -1.337418e+01 -3.673981e-01 -7.256677e-02 -9.272285e-01 3.479438e+01
-9.320900e-01 2.814914e-02 3.611314e-01 1.699820e+02 8.097207e-05 9.969921e-01 -7.750363e-02 -1.348533e+01 -3.622268e-01 -7.221112e-02 -9.292886e-01 3.359386e+01
-9.339302e-01 3.043539e-02 3.561574e-01 1.704526e+02 2.455262e-03 9.968913e-01 -7.875096e-02 -1.363343e+01 -3.574470e-01 -7.267344e-02 -9.311016e-01 3.239553e+01
-9.358243e-01 2.747661e-02 3.513943e-01 1.709202e+02 2.247392e-04 9.970032e-01 -7.736025e-02 -1.374784e+01 -3.524668e-01 -7.231662e-02 -9.330260e-01 3.119108e+01
-9.377252e-01 1.998940e-02 3.468022e-01 1.713896e+02 -6.094059e-03 9.972427e-01 -7.395812e-02 -1.385266e+01 -3.473244e-01 -7.146583e-02 -9.350179e-01 2.997975e+01
-9.395264e-01 1.408381e-02 3.421868e-01 1.718473e+02 -1.139762e-02 9.973148e-01 -7.234164e-02 -1.395630e+01 -3.422868e-01 -7.186700e-02 -9.368430e-01 2.876339e+01
-9.411029e-01 7.359040e-03 3.380403e-01 1.722804e+02 -1.844529e-02 9.971570e-01 -7.305942e-02 -1.406680e+01 -3.376169e-01 -7.499168e-02 -9.382915e-01 2.758690e+01
-9.425191e-01 4.655976e-03 3.341199e-01 1.727176e+02 -2.192245e-02 9.968871e-01 -7.573272e-02 -1.416799e+01 -3.334325e-01 -7.870426e-02 -9.394830e-01 2.640181e+01
-9.436415e-01 3.534618e-03 3.309505e-01 1.731575e+02 -2.383643e-02 9.966205e-01 -7.860909e-02 -1.425929e+01 -3.301099e-01 -8.206747e-02 -9.403682e-01 2.522988e+01
-9.438874e-01 4.169916e-03 3.302411e-01 1.735918e+02 -2.364438e-02 9.965013e-01 -8.016253e-02 -1.438178e+01 -3.294200e-01 -8.347274e-02 -9.404864e-01 2.400727e+01
-9.440236e-01 6.928886e-03 3.298050e-01 1.740280e+02 -2.114405e-02 9.964526e-01 -8.145656e-02 -1.449169e+01 -3.291995e-01 -8.387033e-02 -9.405283e-01 2.284545e+01
-9.436218e-01 7.427498e-03 3.309423e-01 1.744555e+02 -2.154621e-02 9.962501e-01 -8.379441e-02 -1.459590e+01 -3.303237e-01 -8.620078e-02 -9.399232e-01 2.163747e+01
-9.431972e-01 8.500108e-03 3.321247e-01 1.748826e+02 -2.122546e-02 9.960887e-01 -8.577097e-02 -1.470609e+01 -3.315547e-01 -8.794843e-02 -9.393277e-01 2.045328e+01
-9.426132e-01 8.623685e-03 3.337754e-01 1.752742e+02 -2.045516e-02 9.962971e-01 -8.350842e-02 -1.483220e+01 -3.332596e-01 -8.554357e-02 -9.389464e-01 1.936240e+01
-9.419541e-01 8.357510e-03 3.356377e-01 1.757083e+02 -2.107617e-02 9.962465e-01 -8.395638e-02 -1.494331e+01 -3.350796e-01 -8.615702e-02 -9.382423e-01 1.818336e+01
-9.402394e-01 7.775804e-03 3.404252e-01 1.761384e+02 -2.203765e-02 9.962538e-01 -8.362290e-02 -1.505935e+01 -3.398001e-01 -8.612771e-02 -9.365457e-01 1.697071e+01
-9.386888e-01 5.922987e-03 3.447147e-01 1.765877e+02 -2.371903e-02 9.963740e-01 -8.170902e-02 -1.517086e+01 -3.439487e-01 -8.487564e-02 -9.351446e-01 1.578804e+01
-9.372345e-01 3.426093e-03 3.486828e-01 1.770577e+02 -2.563062e-02 9.965699e-01 -7.868540e-02 -1.528100e+01 -3.477564e-01 -8.268362e-02 -9.339319e-01 1.464905e+01
-9.342121e-01 7.781367e-04 3.567172e-01 1.774981e+02 -2.846720e-02 9.966456e-01 -7.672725e-02 -1.537360e+01 -3.555804e-01 -8.183426e-02 -9.310563e-01 1.347833e+01
-9.320584e-01 2.363930e-03 3.623004e-01 1.779798e+02 -2.729284e-02 9.966793e-01 -7.671701e-02 -1.547943e+01 -3.612787e-01 -8.139294e-02 -9.288988e-01 1.232677e+01
-9.280438e-01 3.498534e-03 3.724546e-01 1.784118e+02 -2.700889e-02 9.966914e-01 -7.666006e-02 -1.558217e+01 -3.714905e-01 -8.120348e-02 -9.248788e-01 1.114845e+01
-9.246206e-01 6.205928e-03 3.808389e-01 1.789014e+02 -2.603996e-02 9.964979e-01 -7.945953e-02 -1.568172e+01 -3.799983e-01 -8.338694e-02 -9.212208e-01 1.000993e+01
-9.205123e-01 7.179834e-03 3.906478e-01 1.793824e+02 -2.519403e-02 9.966596e-01 -7.768446e-02 -1.579451e+01 -3.899006e-01 -8.135149e-02 -9.172565e-01 8.903422e+00
-9.152281e-01 8.868275e-03 4.028385e-01 1.798848e+02 -2.504430e-02 9.965728e-01 -7.883838e-02 -1.590705e+01 -4.021570e-01 -8.224390e-02 -9.118693e-01 7.759328e+00
