1.000000e+00 0.000000e+00 0.000000e+00 0.000000e+00 0.000000e+00 1.000000e+00 0.000000e+00 0.000000e+00 0.000000e+00 0.000000e+00 1.000000e+00 0.000000e+00
9.999969e-01 -2.149769e-03 -1.243103e-03 -1.629807e-02 2.152672e-03 9.999949e-01 2.338637e-03 7.134730e-03 1.238070e-03 -2.341306e-03 9.999965e-01 1.496158e+00
9.999938e-01 -2.254952e-03 -2.712161e-03 -2.230678e-02 2.263828e-03 9.999921e-01 3.274239e-03 -1.948803e-02 2.704757e-03 -3.280358e-03 9.999909e-01 3.019350e+00
9.999889e-01 -1.467262e-03 -4.479804e-03 -2.096068e-02 1.481798e-03 9.999936e-01 3.243245e-03 -4.494826e-02 4.475017e-03 -3.249848e-03 9.999847e-01 4.536296e+00
9.999819e-01 -7.506441e-04 -5.962371e-03 -5.074131e-02 7.671512e-04 9.999959e-01 2.766744e-03 -5.447887e-02 5.960269e-03 -2.771269e-03 9.999784e-01 6.027353e+00
9.999740e-01 -4.122558e-04 -7.202130e-03 -8.148577e-02 4.348719e-04 9.999950e-01 3.138914e-03 -7.332278e-02 7.200799e-03 -3.141964e-03 9.999691e-01 7.537734e+00
9.999618e-01 -4.036651e-04 -8.731891e-03 -1.164935e-01 4.344639e-04 9.999937e-01 3.525559e-03 -8.734562e-02 8.730412e-03 -3.529218e-03 9.999557e-01 8.969733e+00
9.999411e-01 -2.336600e-03 -1.059649e-02 -1.369390e-01 2.363931e-03 9.999939e-01 2.567501e-03 -1.022640e-01 1.059043e-02 -2.592399e-03 9.999406e-01 1.044127e+01
9.999242e-01 -3.313347e-03 -1.186123e-02 -1.978255e-01 3.351259e-03 9.999893e-01 3.177812e-03 -1.254537e-01 1.185058e-02 -3.217321e-03 9.999246e-01 1.186410e+01
9.999127e-01 -2.710269e-03 -1.292843e-02 -2.213505e-01 2.751513e-03 9.999912e-01 3.173448e-03 -1.570556e-01 1.291972e-02 -3.208744e-03 9.999114e-01 1.329253e+01
9.998968e-01 -2.499559e-03 -1.414397e-02 -2.421393e-01 2.546151e-03 9.999914e-01 3.277037e-03 -1.767436e-01 1.413566e-02 -3.312711e-03 9.998946e-01 1.474136e+01
9.998955e-01 -8.885806e-04 -1.443410e-02 -2.970242e-01 9.457160e-04 9.999917e-01 3.952026e-03 -1.946703e-01 1.443047e-02 -3.965264e-03 9.998880e-01 1.618569e+01
9.998854e-01 7.674550e-04 -1.511549e-02 -3.297127e-01 -6.920399e-04 9.999873e-01 4.993858e-03 -2.180105e-01 1.511913e-02 -4.982826e-03 9.998733e-01 1.761650e+01
9.998702e-01 1.743790e-03 -1.601971e-02 -3.561470e-01 -1.651573e-03 9.999820e-01 5.767864e-03 -2.262935e-01 1.602948e-02 -5.740657e-03 9.998550e-01 1.906642e+01
9.998687e-01 1.625056e-03 -1.612354e-02 -3.978935e-01 -1.533588e-03 9.999827e-01 5.683701e-03 -2.441744e-01 1.613250e-02 -5.658227e-03 9.998538e-01 2.055799e+01
9.998649e-01 1.769901e-03 -1.633976e-02 -4.354538e-01 -1.670089e-03 9.999799e-01 6.120163e-03 -2.756233e-01 1.635027e-02 -6.092047e-03 9.998478e-01 2.188335e+01
9.998260e-01 1.206736e-03 -1.861398e-02 -3.594516e-01 -1.088695e-03 9.999793e-01 6.350368e-03 -2.483616e-01 1.862126e-02 -6.328998e-03 9.998066e-01 2.316494e+01
9.998321e-01 1.831228e-03 -1.823395e-02 -4.131134e-01 -1.691923e-03 9.999693e-01 7.652381e-03 -2.615316e-01 1.824741e-02 -7.620246e-03 9.998044e-01 2.457474e+01
9.998305e-01 2.568933e-03 -1.822824e-02 -4.416494e-01 -2.458087e-03 9.999784e-01 6.100844e-03 -2.608097e-01 1.824352e-02 -6.055003e-03 9.998152e-01 2.599336e+01
9.998322e-01 2.998899e-03 -1.806971e-02 -4.952755e-01 -2.925901e-03 9.999875e-01 4.064830e-03 -2.669964e-01 1.808168e-02 -4.011279e-03 9.998285e-01 2.741650e+01
9.998433e-01 1.194475e-03 -1.766295e-02 -5.174100e-01 -1.118695e-03 9.999901e-01 4.299568e-03 -3.006630e-01 1.766791e-02 -4.279135e-03 9.998348e-01 2.884086e+01
9.998430e-01 3.408158e-04 -1.771447e-02 -5.464026e-01 -2.177543e-04 9.999759e-01 6.948413e-03 -3.179276e-01 1.771641e-02 -6.943465e-03 9.998189e-01 3.025450e+01
9.998525e-01 -9.862847e-04 -1.714874e-02 -6.191114e-01 1.126776e-03 9.999658e-01 8.184780e-03 -3.242296e-01 1.714009e-02 -8.202896e-03 9.998195e-01 3.159955e+01
9.998490e-01 -2.422643e-03 -1.720776e-02 -6.319208e-01 2.549077e-03 9.999699e-01 7.329368e-03 -3.343143e-01 1.718949e-02 -7.372125e-03 9.998251e-01 3.298673e+01
9.998573e-01 -2.202008e-03 -1.674994e-02 -6.601923e-01 2.298919e-03 9.999807e-01 5.768692e-03 -3.509125e-01 1.673692e-02 -5.806376e-03 9.998431e-01 3.435511e+01
9.998685e-01 -1.533325e-03 -1.614804e-02 -7.112120e-01 1.617098e-03 9.999853e-01 5.176057e-03 -3.538175e-01 1.613987e-02 -5.201489e-03 9.998562e-01 3.569646e+01
9.998748e-01 -9.695378e-04 -1.579186e-02 -7.258257e-01 1.035183e-03 9.999909e-01 4.149263e-03 -3.728499e-01 1.578770e-02 -4.165092e-03 9.998667e-01 3.706905e+01
9.998964e-01 -7.913408e-04 -1.437250e-02 -7.564834e-01 8.663571e-04 9.999861e-01 5.213958e-03 -3.874120e-01 1.436817e-02 -5.225870e-03 9.998831e-01 3.841578e+01
9.999151e-01 -6.169907e-04 -1.302076e-02 -7.795194e-01 7.141624e-04 9.999719e-01 7.459502e-03 -4.121450e-01 1.301579e-02 -7.468167e-03 9.998874e-01 3.970050e+01
9.999377e-01 -6.020827e-04 -1.114471e-02 -8.181822e-01 6.971934e-04 9.999633e-01 8.532240e-03 -4.265506e-01 1.113916e-02 -8.539478e-03 9.999015e-01 4.092092e+01
9.999614e-01 -9.266137e-04 -8.736554e-03 -8.530547e-01 1.009252e-03 9.999548e-01 9.459285e-03 -4.626906e-01 8.727393e-03 -9.467737e-03 9.999171e-01 4.212452e+01
9.999843e-01 -1.048843e-03 -5.498135e-03 -8.612227e-01 1.097554e-03 9.999601e-01 8.864070e-03 -4.763857e-01 5.488619e-03 -8.869966e-03 9.999456e-01 4.338229e+01
9.999963e-01 -1.898843e-03 -1.960737e-03 -8.690909e-01 1.912833e-03 9.999725e-01 7.158255e-03 -4.886876e-01 1.947091e-03 -7.161979e-03 9.999725e-01 4.463074e+01
9.999969e-01 -2.159762e-03 1.227209e-03 -8.791047e-01 2.153079e-03 9.999830e-01 5.421487e-03 -4.993044e-01 -1.238897e-03 -5.418828e-03 9.999846e-01 4.585572e+01
9.999852e-01 -1.277794e-03 5.289931e-03 -8.764822e-01 1.245164e-03 9.999802e-01 6.166854e-03 -5.179565e-01 -5.297706e-03 -6.160176e-03 9.999670e-01 4.705772e+01
9.999405e-01 -1.482264e-03 1.081409e-02 -8.656383e-01 1.415674e-03 9.999800e-01 6.162750e-03 -5.372451e-01 -1.082301e-02 -6.147073e-03 9.999225e-01 4.834740e+01
9.998680e-01 -4.643723e-04 1.624277e-02 -7.799642e-01 3.846599e-04 9.999878e-01 4.910339e-03 -5.469238e-01 -1.624486e-02 -4.903442e-03 9.998560e-01 4.973546e+01
9.997210e-01 1.211922e-03 2.359081e-02 -7.540402e-01 -1.324658e-03 9.999878e-01 4.763770e-03 -5.484711e-01 -2.358474e-02 -4.793691e-03 9.997103e-01 5.094298e+01
9.994813e-01 2.290488e-03 3.212442e-02 -7.399125e-01 -2.477448e-03 9.999802e-01 5.781271e-03 -5.681858e-01 -3.211053e-02 -5.857858e-03 9.994671e-01 5.209928e+01
9.990941e-01 4.290234e-03 4.233770e-02 -7.156859e-01 -4.567741e-03 9.999687e-01 6.460043e-03 -5.804227e-01 -4.230866e-02 -6.647578e-03 9.990824e-01 5.317354e+01
9.984326e-01 6.834561e-03 5.554865e-02 -6.760657e-01 -7.215460e-03 9.999518e-01 6.659382e-03 -6.019447e-01 -5.550045e-02 -7.049753e-03 9.984338e-01 5.429237e+01
9.975500e-01 8.268958e-03 6.946681e-02 -5.855138e-01 -8.793845e-03 9.999350e-01 7.253524e-03 -6.225119e-01 -6.940232e-02 -7.846633e-03 9.975579e-01 5.540084e+01
9.961721e-01 1.027500e-02 8.680741e-02 -4.905771e-01 -1.106130e-02 9.999020e-01 8.581814e-03 -6.298841e-01 -8.671074e-02 -9.509168e-03 9.961882e-01 5.650286e+01
9.944367e-01 1.045443e-02 1.048155e-01 -3.926721e-01 -1.150192e-02 9.998897e-01 9.394189e-03 -6.406136e-01 -1.047058e-01 -1.054751e-02 9.944473e-01 5.762529e+01
9.922982e-01 9.856349e-03 1.234794e-01 -2.581609e-01 -1.099397e-02 9.999031e-01 8.535015e-03 -6.494729e-01 -1.233833e-01 -9.826809e-03 9.923104e-01 5.875298e+01
9.895782e-01 8.590971e-03 1.437397e-01 -1.089905e-01 -9.845410e-03 9.999194e-01 8.018144e-03 -6.771643e-01 -1.436592e-01 -9.349758e-03 9.895831e-01 5.983010e+01
9.863088e-01 5.837083e-03 1.648054e-01 6.702045e-02 -7.223688e-03 9.999434e-01 7.815484e-03 -6.864780e-01 -1.647505e-01 -8.898984e-03 9.862951e-01 6.095554e+01
9.825321e-01 -5.981955e-05 1.860931e-01 2.963307e-01 -1.793971e-03 9.999504e-01 9.793218e-03 -6.963484e-01 -1.860845e-01 -9.955997e-03 9.824833e-01 6.210372e+01
9.777887e-01 -4.966208e-03 2.095342e-01 5.182708e-01 2.663172e-03 9.999329e-01 1.127193e-02 -7.026744e-01 -2.095762e-01 -1.046354e-02 9.777364e-01 6.320312e+01
9.724718e-01 -1.078103e-02 2.327711e-01 7.559375e-01 8.467180e-03 9.999043e-01 1.093736e-02 -7.146116e-01 -2.328667e-01 -8.665362e-03 9.724700e-01 6.410713e+01
9.659604e-01 -1.710682e-02 2.581235e-01 1.007784e+00 1.500956e-02 9.998364e-01 1.009352e-02 -7.507680e-01 -2.582539e-01 -5.875621e-03 9.660592e-01 6.512356e+01
9.588948e-01 -2.042610e-02 2.830258e-01 1.378971e+00 1.830986e-02 9.997811e-01 1.012066e-02 -7.284388e-01 -2.831706e-01 -4.522484e-03 9.590589e-01 6.621506e+01
9.504457e-01 -2.263509e-02 3.100655e-01 1.702219e+00 1.972428e-02 9.997271e-01 1.252012e-02 -7.310049e-01 -3.102643e-01 -5.783878e-03 9.506328e-01 6.718704e+01
9.408893e-01 -2.704801e-02 3.376325e-01 2.038166e+00 2.312609e-02 9.996103e-01 1.563350e-02 -7.402657e-01 -3.379238e-01 -6.901269e-03 9.411482e-01 6.813991e+01
9.302683e-01 -3.063955e-02 3.655983e-01 2.424324e+00 2.679031e-02 9.995193e-01 1.559815e-02 -7.562490e-01 -3.659005e-01 -4.715969e-03 9.306420e-01 6.906524e+01
9.184432e-01 -3.024623e-02 3.943947e-01 2.830835e+00 2.782275e-02 9.995425e-01 1.186319e-02 -7.545544e-01 -3.945731e-01 7.748363e-05 9.188645e-01 6.998782e+01
9.055019e-01 -3.099478e-02 4.232087e-01 3.249081e+00 3.099879e-02 9.994958e-01 6.875284e-03 -7.681969e-01 -4.232084e-01 6.893376e-03 9.060062e-01 7.087764e+01
8.913389e-01 -3.254296e-02 4.521681e-01 3.680584e+00 3.415506e-02 9.994060e-01 4.599832e-03 -7.733831e-01 -4.520491e-01 1.134382e-02 8.919209e-01 7.173789e+01
8.758185e-01 -3.316244e-02 4.815000e-01 4.149700e+00 3.343262e-02 9.994088e-01 8.020625e-03 -7.799536e-01 -4.814813e-01 9.073196e-03 8.764094e-01 7.258225e+01
8.581839e-01 -3.192883e-02 5.123485e-01 4.642723e+00 2.892080e-02 9.994859e-01 1.384418e-02 -7.899833e-01 -5.125271e-01 2.936677e-03 8.586660e-01 7.342610e+01
8.387603e-01 -3.204110e-02 5.435574e-01 5.169170e+00 2.666026e-02 9.994864e-01 1.777748e-02 -7.990668e-01 -5.438479e-01 -4.196664e-04 8.391837e-01 7.424190e+01
8.177173e-01 -2.585193e-02 5.750393e-01 5.725559e+00 2.237802e-02 9.996635e-01 1.311968e-02 -8.016980e-01 -5.751850e-01 2.140055e-03 8.180206e-01 7.505087e+01
7.957535e-01 -1.861367e-02 6.053345e-01 6.295499e+00 1.874230e-02 9.998057e-01 6.105376e-03 -8.076801e-01 -6.053305e-01 6.486989e-03 7.959478e-01 7.581229e+01
7.737005e-01 -1.584420e-02 6.333534e-01 6.904507e+00 1.726329e-02 9.998433e-01 3.923720e-03 -8.049762e-01 -6.333162e-01 7.897979e-03 7.738528e-01 7.653197e+01
7.508103e-01 -1.840840e-02 6.602613e-01 7.543237e+00 1.836406e-02 9.998069e-01 6.992573e-03 -8.115016e-01 -6.602625e-01 6.874979e-03 7.510034e-01 7.723327e+01
7.271748e-01 -1.884298e-02 6.861936e-01 8.203741e+00 1.896492e-02 9.997931e-01 7.356909e-03 -8.116254e-01 -6.861903e-01 7.663849e-03 7.273817e-01 7.788225e+01
7.026237e-01 -1.703270e-02 7.113578e-01 8.860722e+00 1.975674e-02 9.997950e-01 4.424855e-03 -8.132653e-01 -7.112873e-01 1.094511e-02 7.028162e-01 7.849873e+01
6.764328e-01 -1.442041e-02 7.363632e-01 9.526021e+00 1.931460e-02 9.998118e-01 1.836963e-03 -8.192232e-01 -7.362511e-01 1.297998e-02 6.765840e-01 7.912112e+01
6.496184e-01 -1.192173e-02 7.601669e-01 1.021620e+01 1.715387e-02 9.998524e-01 1.021480e-03 -8.279562e-01 -7.600669e-01 1.237623e-02 6.497270e-01 7.971158e+01
6.223655e-01 -1.029411e-02 7.826591e-01 1.095065e+01 1.710583e-02 9.998536e-01 -4.516289e-04 -8.301446e-01 -7.825398e-01 1.366911e-02 6.224505e-01 8.026744e+01
5.934723e-01 -3.902506e-03 8.048450e-01 1.169025e+01 1.562628e-02 9.998556e-01 -6.674353e-03 -8.461105e-01 -8.047027e-01 1.653777e-02 5.934476e-01 8.083028e+01
5.646728e-01 5.513462e-03 8.252965e-01 1.247460e+01 1.408828e-02 9.997676e-01 -1.631831e-02 -8.606809e-01 -8.251947e-01 2.084151e-02 5.644639e-01 8.133105e+01
5.336826e-01 1.418240e-02 8.455659e-01 1.327919e+01 1.349598e-02 9.995892e-01 -2.528383e-02 -8.591204e-01 -8.455772e-01 2.490528e-02 5.332720e-01 8.185527e+01
4.980012e-01 1.872527e-02 8.669742e-01 1.423012e+01 1.157777e-02 9.995341e-01 -2.823878e-02 -8.904282e-01 -8.670990e-01 2.410057e-02 4.975524e-01 8.256517e+01
4.660183e-01 1.786876e-02 8.845946e-01 1.506772e+01 9.753364e-03 9.996315e-01 -2.533072e-02 -9.287807e-01 -8.847213e-01 2.043235e-02 4.656723e-01 8.299814e+01
4.330975e-01 1.669283e-02 9.011925e-01 1.592841e+01 4.512541e-03 9.997758e-01 -2.068754e-02 -9.636575e-01 -9.013358e-01 1.302639e-02 4.329251e-01 8.341354e+01
3.994957e-01 1.779629e-02 9.165623e-01 1.679492e+01 9.155616e-04 9.998033e-01 -1.981159e-02 -9.870353e-01 -9.167346e-01 8.753813e-03 3.994008e-01 8.378251e+01
3.643642e-01 2.079447e-02 9.310244e-01 1.767446e+01 -7.110722e-03 9.997836e-01 -1.954737e-02 -1.023928e+00 -9.312294e-01 5.021074e-04 3.644332e-01 8.413682e+01
3.287199e-01 2.293479e-02 9.441490e-01 1.857102e+01 -1.230287e-02 9.997243e-01 -2.000136e-02 -1.046612e+00 -9.443473e-01 -5.040895e-03 3.289114e-01 8.445687e+01
2.929597e-01 2.225503e-02 9.558657e-01 1.947735e+01 -1.513854e-02 9.997117e-01 -1.863612e-02 -1.075845e+00 -9.560049e-01 -9.010782e-03 2.932122e-01 8.473459e+01
2.570159e-01 2.166568e-02 9.661643e-01 2.040723e+01 -1.606867e-02 9.997063e-01 -1.814331e-02 -1.107526e+00 -9.662736e-01 -1.086186e-02 2.572885e-01 8.497821e+01
2.212447e-01 2.092423e-02 9.749938e-01 2.135998e+01 -1.521051e-02 9.997222e-01 -1.800337e-02 -1.134079e+00 -9.750997e-01 -1.084701e-02 2.215015e-01 8.518823e+01
1.862304e-01 1.996973e-02 9.823031e-01 2.233403e+01 -1.322484e-02 9.997538e-01 -1.781725e-02 -1.150880e+00 -9.824171e-01 -9.672689e-03 1.864486e-01 8.536021e+01
1.520378e-01 1.901704e-02 9.881917e-01 2.331702e+01 -5.290962e-03 9.998162e-01 -1.842671e-02 -1.180838e+00 -9.883605e-01 -2.426930e-03 1.521104e-01 8.549162e+01
1.187658e-01 2.241770e-02 9.926692e-01 2.430019e+01 -2.948395e-03 9.997486e-01 -2.222482e-02 -1.211436e+00 -9.929179e-01 -2.872333e-04 1.188020e-01 8.559074e+01
8.643985e-02 2.739070e-02 9.958805e-01 2.526821e+01 -2.444615e-03 9.996248e-01 -2.728150e-02 -1.243235e+00 -9.962541e-01 -7.633574e-05 8.647437e-02 8.567027e+01
5.745523e-02 3.098842e-02 9.978670e-01 2.624918e+01 4.539753e-03 9.994997e-01 -3.130051e-02 -1.281389e+00 -9.983377e-01 6.328448e-03 5.728580e-02 8.571695e+01
3.176761e-02 2.940912e-02 9.990625e-01 2.729449e+01 6.920209e-03 9.995366e-01 -2.964312e-02 -1.313434e+00 -9.994713e-01 7.855413e-03 3.154938e-02 8.575864e+01
9.532874e-03 2.647789e-02 9.996039e-01 2.830038e+01 8.404369e-03 9.996119e-01 -2.655825e-02 -1.353530e+00 -9.999192e-01 8.654217e-03 9.306645e-03 8.576718e+01
-9.476849e-03 2.416171e-02 9.996631e-01 2.930289e+01 8.631309e-03 9.996728e-01 -2.408012e-02 -1.380777e+00 -9.999179e-01 8.400198e-03 -9.682295e-03 8.575610e+01
-2.621775e-02 2.721184e-02 9.992858e-01 3.032189e+01 9.958027e-03 9.995869e-01 -2.695878e-02 -1.416445e+00 -9.996067e-01 9.244116e-03 -2.647789e-02 8.573460e+01
-4.156523e-02 3.173406e-02 9.986317e-01 3.135116e+01 1.178585e-02 9.994415e-01 -3.126924e-02 -1.460247e+00 -9.990663e-01 1.047001e-02 -4.191603e-02 8.571178e+01
-5.459496e-02 3.582637e-02 9.978657e-01 3.250363e+01 1.539216e-02 9.992676e-01 -3.503457e-02 -1.509721e+00 -9.983900e-01 1.344660e-02 -5.510642e-02 8.564912e+01
-6.361699e-02 3.932947e-02 9.971991e-01 3.351304e+01 2.060072e-02 9.990620e-01 -3.808871e-02 -1.552731e+00 -9.977617e-01 1.811993e-02 -6.436753e-02 8.557938e+01
-6.953254e-02 4.467363e-02 9.965789e-01 3.453228e+01 2.457601e-02 9.987703e-01 -4.305716e-02 -1.598820e+00 -9.972769e-01 2.149806e-02 -7.054494e-02 8.550121e+01
-7.300321e-02 4.927212e-02 9.961138e-01 3.553440e+01 2.648512e-02 9.985224e-01 -4.745022e-02 -1.654315e+00 -9.969800e-01 2.291818e-02 -7.420032e-02 8.542604e+01
-7.616948e-02 5.330165e-02 9.956692e-01 3.653790e+01 2.831304e-02 9.982831e-01 -5.127561e-02 -1.711969e+00 -9.966928e-01 2.428479e-02 -7.754784e-02 8.535744e+01
-7.853392e-02 5.623413e-02 9.953241e-01 3.756049e+01 2.881726e-02 9.981186e-01 -5.411825e-02 -1.771222e+00 -9.964948e-01 2.443240e-02 -8.000668e-02 8.527447e+01
-8.096600e-02 5.951180e-02 9.949386e-01 3.859163e+01 3.016510e-02 9.979050e-01 -5.723446e-02 -1.837752e+00 -9.962603e-01 2.537838e-02 -8.259155e-02 8.520128e+01
-8.268177e-02 6.319837e-02 9.945701e-01 3.959309e+01 3.138994e-02 9.976572e-01 -6.078499e-02 -1.910544e+00 -9.960815e-01 2.619368e-02 -8.447185e-02 8.510827e+01
-8.516513e-02 6.420103e-02 9.942963e-01 4.057652e+01 3.435164e-02 9.975178e-01 -6.146670e-02 -1.992966e+00 -9.957745e-01 2.892089e-02 -8.715914e-02 8.503403e+01
-8.777878e-02 6.311511e-02 9.941385e-01 4.161563e+01 3.391147e-02 9.976016e-01 -6.034071e-02 -2.065792e+00 -9.955626e-01 2.841607e-02 -8.970858e-02 8.496594e+01
-9.022126e-02 6.262643e-02 9.939507e-01 4.266821e+01 3.367544e-02 9.976420e-01 -5.980228e-02 -2.136933e+00 -9.953523e-01 2.807629e-02 -9.211749e-02 8.489023e+01
-9.228594e-02 6.398502e-02 9.936746e-01 4.374643e+01 3.303915e-02 9.975805e-01 -6.116807e-02 -2.209975e+00 -9.951842e-01 2.718521e-02 -9.417666e-02 8.477366e+01
-9.459103e-02 6.621668e-02 9.933116e-01 4.476984e+01 3.161202e-02 9.974821e-01 -6.348435e-02 -2.278965e+00 -9.950142e-01 2.539554e-02 -9.644610e-02 8.467940e+01
-9.720727e-02 6.828310e-02 9.929190e-01 4.579650e+01 3.009854e-02 9.973891e-01 -6.564385e-02 -2.355962e+00 -9.948089e-01 2.350435e-02 -9.900869e-02 8.458341e+01
-9.977878e-02 7.176945e-02 9.924179e-01 4.682897e+01 2.800855e-02 9.972026e-01 -6.929946e-02 -2.435914e+00 -9.946154e-01 2.088157e-02 -1.015098e-01 8.449305e+01
-1.024157e-01 7.549180e-02 9.918730e-01 4.776442e+01 2.517667e-02 9.969934e-01 -7.328190e-02 -2.523203e+00 -9.944230e-01 1.746684e-02 -1.040084e-01 8.442339e+01
-1.066744e-01 7.775372e-02 9.912492e-01 4.894973e+01 2.226082e-02 9.968746e-01 -7.579935e-02 -2.606152e+00 -9.940448e-01 1.398018e-02 -1.080718e-01 8.425694e+01
-1.094216e-01 7.640076e-02 9.910549e-01 4.999778e+01 2.044817e-02 9.970037e-01 -7.460169e-02 -2.689345e+00 -9.937851e-01 1.210222e-02 -1.106560e-01 8.414357e+01
-1.121147e-01 7.200266e-02 9.910832e-01 5.105958e+01 1.795542e-02 9.973553e-01 -7.042716e-02 -2.780272e+00 -9.935330e-01 9.899395e-03 -1.131110e-01 8.402526e+01
-1.144844e-01 7.028426e-02 9.909356e-01 5.211771e+01 1.784381e-02 9.974787e-01 -6.868682e-02 -2.860565e+00 -9.932648e-01 9.818501e-03 -1.154499e-01 8.391211e+01
-1.162530e-01 7.106211e-02 9.906742e-01 5.316192e+01 1.778394e-02 9.974262e-01 -6.945954e-02 -2.931560e+00 -9.930604e-01 9.543210e-03 -1.172176e-01 8.379146e+01
-1.176284e-01 7.390199e-02 9.903041e-01 5.422141e+01 1.849136e-02 9.972172e-01 -7.222148e-02 -3.011781e+00 -9.928855e-01 9.816771e-03 -1.186676e-01 8.367075e+01
-1.184276e-01 7.660724e-02 9.900032e-01 5.526796e+01 1.910322e-02 9.970107e-01 -7.486431e-02 -3.095556e+00 -9.927789e-01 1.004625e-02 -1.195370e-01 8.354972e+01
-1.184681e-01 7.722978e-02 9.899499e-01 5.632218e+01 1.822884e-02 9.969719e-01 -7.559612e-02 -3.186696e+00 -9.927905e-01 9.089915e-03 -1.195171e-01 8.342460e+01
-1.188022e-01 7.588372e-02 9.900140e-01 5.735538e+01 1.539044e-02 9.970963e-01 -7.457972e-02 -3.271132e+00 -9.927987e-01 6.376517e-03 -1.196251e-01 8.332967e+01
-1.189809e-01 7.507708e-02 9.900540e-01 5.842131e+01 1.133831e-02 9.971749e-01 -7.425447e-02 -3.364817e+00 -9.928318e-01 2.390672e-03 -1.194961e-01 8.321232e+01
-1.191688e-01 7.603340e-02 9.899585e-01 5.946358e+01 7.572661e-03 9.971041e-01 -7.567064e-02 -3.455647e+00 -9.928451e-01 -1.520959e-03 -1.193995e-01 8.310008e+01
-1.192271e-01 7.579968e-02 9.899694e-01 6.053183e+01 3.009686e-03 9.971045e-01 -7.598353e-02 -3.552939e+00 -9.928625e-01 -6.079799e-03 -1.191100e-01 8.298074e+01
-1.200513e-01 7.508790e-02 9.899240e-01 6.156834e+01 -6.060971e-04 9.971299e-01 -7.570798e-02 -3.647946e+00 -9.927675e-01 -9.688829e-03 -1.196612e-01 8.288745e+01
-1.206386e-01 6.983436e-02 9.902371e-01 6.263123e+01 -6.151178e-04 9.975170e-01 -7.042270e-02 -3.733750e+00 -9.926963e-01 -9.104810e-03 -1.202961e-01 8.277135e+01
-1.209841e-01 6.137479e-02 9.907553e-01 6.372765e+01 2.964915e-03 9.981046e-01 -6.146801e-02 -3.812499e+00 -9.926500e-01 -4.499146e-03 -1.209368e-01 8.263971e+01
-1.200357e-01 5.629250e-02 9.911723e-01 6.483052e+01 8.591405e-03 9.984126e-01 -5.566325e-02 -3.883791e+00 -9.927324e-01 1.833988e-03 -1.203287e-01 8.248701e+01
-1.196376e-01 5.879553e-02 9.910752e-01 6.592927e+01 1.656148e-02 9.982242e-01 -5.722043e-02 -3.954214e+00 -9.926795e-01 9.567957e-03 -1.203989e-01 8.235395e+01
-1.184347e-01 6.416915e-02 9.908863e-01 6.699885e+01 2.291510e-02 9.978206e-01 -6.187930e-02 -4.030743e+00 -9.926974e-01 1.537760e-02 -1.196470e-01 8.222127e+01
-1.182159e-01 6.994094e-02 9.905217e-01 6.811416e+01 2.597078e-02 9.973930e-01 -6.732658e-02 -4.106173e+00 -9.926482e-01 1.776554e-02 -1.197242e-01 8.211172e+01
-1.162304e-01 7.505659e-02 9.903823e-01 6.933120e+01 2.704910e-02 9.970099e-01 -7.238442e-02 -4.182255e+00 -9.928539e-01 1.837568e-02 -1.179131e-01 8.189838e+01
-1.159666e-01 7.197461e-02 9.906419e-01 7.045175e+01 2.432058e-02 9.972778e-01 -6.960971e-02 -4.268967e+00 -9.929553e-01 1.602059e-02 -1.174013e-01 8.177483e+01
-1.157023e-01 6.764305e-02 9.909780e-01 7.158911e+01 2.314778e-02 9.975911e-01 -6.539182e-02 -4.345401e+00 -9.930142e-01 1.537296e-02 -1.169894e-01 8.164323e+01
-1.153199e-01 6.535772e-02 9.911759e-01 7.271899e+01 2.137644e-02 9.977652e-01 -6.330515e-02 -4.433064e+00 -9.930984e-01 1.388747e-02 -1.164593e-01 8.151080e+01
-1.149585e-01 6.631730e-02 9.911541e-01 7.385879e+01 1.905726e-02 9.977327e-01 -6.454712e-02 -4.505095e+00 -9.931875e-01 1.146844e-02 -1.159617e-01 8.137821e+01
-1.142715e-01 7.163566e-02 9.908634e-01 7.498466e+01 2.139875e-02 9.973429e-01 -6.963629e-02 -4.594768e+00 -9.932191e-01 1.324579e-02 -1.155008e-01 8.124699e+01
-1.136265e-01 7.419918e-02 9.907489e-01 7.611307e+01 2.079070e-02 9.971666e-01 -7.229538e-02 -4.681336e+00 -9.933060e-01 1.238369e-02 -1.148472e-01 8.112597e+01
-1.135539e-01 7.285295e-02 9.908572e-01 7.724048e+01 2.141876e-02 9.972557e-01 -7.086878e-02 -4.774757e+00 -9.933009e-01 1.317551e-02 -1.148027e-01 8.100805e+01
-1.128623e-01 6.637751e-02 9.913910e-01 7.838817e+01 2.327537e-02 9.976689e-01 -6.414811e-02 -4.856071e+00 -9.933380e-01 1.583509e-02 -1.141442e-01 8.087641e+01
-1.132909e-01 6.442823e-02 9.914707e-01 7.953467e+01 2.190725e-02 9.978147e-01 -6.233723e-02 -4.950887e+00 -9.933203e-01 1.465815e-02 -1.144547e-01 8.073786e+01
-1.135708e-01 6.769647e-02 9.912209e-01 8.071218e+01 1.913708e-02 9.976399e-01 -6.594221e-02 -5.018870e+00 -9.933456e-01 1.147997e-02 -1.145983e-01 8.062321e+01
-1.128777e-01 7.131442e-02 9.910464e-01 8.187726e+01 1.844543e-02 9.973995e-01 -6.967070e-02 -5.088889e+00 -9.934376e-01 1.041601e-02 -1.138996e-01 8.048601e+01
-1.123686e-01 7.005275e-02 9.911942e-01 8.300161e+01 1.797114e-02 9.974920e-01 -6.846051e-02 -5.189338e+00 -9.935040e-01 1.012008e-02 -1.133457e-01 8.034840e+01
-1.128137e-01 6.660257e-02 9.913815e-01 8.418007e+01 1.735546e-02 9.977308e-01 -6.505417e-02 -5.276645e+00 -9.934646e-01 9.866876e-03 -1.137136e-01 8.023660e+01
-1.117186e-01 6.542313e-02 9.915839e-01 8.532897e+01 1.785521e-02 9.978016e-01 -6.382167e-02 -5.360351e+00 -9.935794e-01 1.057487e-02 -1.126412e-01 8.010516e+01
-1.106197e-01 6.577125e-02 9.916841e-01 8.649644e+01 1.921559e-02 9.977629e-01 -6.403097e-02 -5.443187e+00 -9.936770e-01 1.197271e-02 -1.116361e-01 7.998161e+01
-1.095537e-01 6.598188e-02 9.917884e-01 8.769087e+01 2.184339e-02 9.977131e-01 -6.396320e-02 -5.528824e+00 -9.937409e-01 1.465661e-02 -1.107445e-01 7.984496e+01
-1.084224e-01 6.544840e-02 9.919481e-01 8.884002e+01 2.177411e-02 9.977474e-01 -6.345107e-02 -5.611242e+00 -9.938664e-01 1.471927e-02 -1.096033e-01 7.972495e+01
-1.077045e-01 6.675535e-02 9.919392e-01 9.004717e+01 2.286423e-02 9.976456e-01 -6.465678e-02 -5.680284e+00 -9.939200e-01 1.571611e-02 -1.089772e-01 7.960606e+01
-1.062355e-01 6.504376e-02 9.922113e-01 9.127970e+01 2.292759e-02 9.977531e-01 -6.295221e-02 -5.763233e+00 -9.940766e-01 1.606126e-02 -1.074881e-01 7.946965e+01
-1.051296e-01 6.429070e-02 9.923782e-01 9.250208e+01 2.108817e-02 9.978278e-01 -6.240973e-02 -5.849457e+00 -9.942349e-01 1.436632e-02 -1.062570e-01 7.934922e+01
-1.029842e-01 6.367242e-02 9.926430e-01 9.370443e+01 2.196192e-02 9.978514e-01 -6.172801e-02 -5.933343e+00 -9.944405e-01 1.544334e-02 -1.041613e-01 7.920519e+01
-1.003623e-01 6.372864e-02 9.929079e-01 9.496842e+01 2.151932e-02 9.978521e-01 -6.187083e-02 -6.024720e+00 -9.947182e-01 1.515721e-02 -1.015181e-01 7.906636e+01
-9.910189e-02 6.639560e-02 9.928597e-01 9.620461e+01 2.198350e-02 9.976740e-01 -6.452326e-02 -6.111835e+00 -9.948344e-01 1.543215e-02 -1.003310e-01 7.894971e+01
-9.778012e-02 6.530398e-02 9.930632e-01 9.742805e+01 1.992301e-02 9.977733e-01 -6.365204e-02 -6.196115e+00 -9.950086e-01 1.356090e-02 -9.886345e-02 7.883545e+01
-9.776826e-02 6.421742e-02 9.931352e-01 9.868948e+01 1.569851e-02 9.978914e-01 -6.297953e-02 -6.276863e+00 -9.950854e-01 9.433349e-03 -9.857022e-02 7.873430e+01
-9.788896e-02 6.527422e-02 9.930544e-01 9.991007e+01 1.321744e-02 9.978440e-01 -6.428614e-02 -6.364265e+00 -9.951096e-01 6.832731e-03 -9.854066e-02 7.862965e+01
-9.814881e-02 6.472293e-02 9.930648e-01 1.010854e+02 1.049072e-02 9.978947e-01 -6.400087e-02 -6.451123e+00 -9.951165e-01 4.136360e-03 -9.862117e-02 7.852666e+01
-9.906286e-02 6.204361e-02 9.931450e-01 1.023366e+02 8.341623e-03 9.980710e-01 -6.151929e-02 -6.544550e+00 -9.950462e-01 2.190165e-03 -9.938931e-02 7.840437e+01
-1.001139e-01 6.046204e-02 9.931372e-01 1.036026e+02 5.817187e-03 9.981705e-01 -6.018205e-02 -6.635619e+00 -9.949590e-01 -2.477933e-04 -1.002824e-01 7.828177e+01
-1.012211e-01 5.965586e-02 9.930738e-01 1.048902e+02 3.342638e-03 9.982153e-01 -5.962402e-02 -6.720878e+00 -9.948583e-01 -2.715724e-03 -1.012399e-01 7.814310e+01
-1.023150e-01 6.001247e-02 9.929401e-01 1.061482e+02 3.642319e-03 9.981945e-01 -5.995472e-02 -6.800866e+00 -9.947454e-01 -2.517661e-03 -1.023488e-01 7.801350e+01
-1.043649e-01 5.872537e-02 9.928038e-01 1.073711e+02 3.963497e-03 9.982718e-01 -5.863216e-02 -6.880389e+00 -9.945312e-01 -2.184167e-03 -1.044173e-01 7.789355e+01
-1.031677e-01 5.510788e-02 9.931362e-01 1.086887e+02 4.968586e-03 9.984801e-01 -5.488827e-02 -6.930247e+00 -9.946516e-01 -7.282142e-04 -1.032847e-01 7.766032e+01
-1.080182e-01 5.507217e-02 9.926223e-01 1.099396e+02 4.851662e-03 9.984818e-01 -5.486929e-02 -7.014349e+00 -9.941370e-01 -1.111016e-03 -1.081214e-01 7.755293e+01
-1.134737e-01 6.089469e-02 9.916731e-01 1.111629e+02 -5.304763e-04 9.981161e-01 -6.135103e-02 -7.099614e+00 -9.935409e-01 -7.487784e-03 -1.132276e-01 7.741611e+01
-1.203255e-01 6.397518e-02 9.906710e-01 1.123923e+02 3.280671e-04 9.979239e-01 -6.440371e-02 -7.184155e+00 -9.927344e-01 -7.424402e-03 -1.200967e-01 7.727136e+01
-1.298711e-01 6.014163e-02 9.897053e-01 1.136116e+02 2.385372e-03 9.981748e-01 -6.034328e-02 -7.261614e+00 -9.915280e-01 -5.476032e-03 -1.297775e-01 7.714183e+01
-1.403103e-01 5.786371e-02 9.884153e-01 1.148602e+02 4.839959e-03 9.983190e-01 -5.775644e-02 -7.356078e+00 -9.900957e-01 -3.319934e-03 -1.403545e-01 7.696078e+01
-1.530540e-01 5.918174e-02 9.864441e-01 1.160441e+02 5.865422e-03 9.982420e-01 -5.897949e-02 -7.435710e+00 -9.882004e-01 -3.241137e-03 -1.531321e-01 7.677830e+01
-1.677979e-01 5.974273e-02 9.840095e-01 1.172767e+02 7.415631e-03 9.982103e-01 -5.934037e-02 -7.507819e+00 -9.857935e-01 -2.660136e-03 -1.679406e-01 7.659282e+01
-1.821961e-01 5.763779e-02 9.815714e-01 1.185146e+02 9.085665e-03 9.983365e-01 -5.693578e-02 -7.604331e+00 -9.832202e-01 -1.455246e-03 -1.824166e-01 7.637940e+01
-1.977758e-01 6.041036e-02 9.783840e-01 1.197229e+02 1.241730e-02 9.981735e-01 -5.912216e-02 -7.672318e+00 -9.801686e-01 4.559552e-04 -1.981647e-01 7.613711e+01
-2.129497e-01 6.355395e-02 9.749940e-01 1.208934e+02 1.247374e-02 9.979778e-01 -6.232772e-02 -7.756501e+00 -9.769835e-01 -1.110849e-03 -2.133118e-01 7.588730e+01
-2.279412e-01 6.795112e-02 9.713009e-01 1.221040e+02 1.250673e-02 9.976839e-01 -6.686181e-02 -7.819016e+00 -9.735946e-01 -3.092759e-03 -2.282631e-01 7.561858e+01
-2.442474e-01 6.583771e-02 9.674754e-01 1.232705e+02 8.951256e-03 9.978031e-01 -6.564173e-02 -7.910445e+00 -9.696716e-01 -7.372704e-03 -2.443002e-01 7.534285e+01
-2.593989e-01 6.060941e-02 9.638665e-01 1.244482e+02 4.087963e-03 9.980888e-01 -6.166119e-02 -7.998891e+00 -9.657616e-01 -1.205460e-02 -2.591509e-01 7.501320e+01
-2.751745e-01 5.669746e-02 9.597210e-01 1.256213e+02 1.412304e-04 9.982619e-01 -5.893385e-02 -8.080909e+00 -9.613943e-01 -1.608155e-02 -2.747042e-01 7.469592e+01
-2.900946e-01 5.809662e-02 9.552329e-01 1.267624e+02 -1.840061e-03 9.981199e-01 -6.126378e-02 -8.167945e+00 -9.569962e-01 -1.952998e-02 -2.894423e-01 7.435737e+01
-3.049118e-01 5.965800e-02 9.505103e-01 1.279200e+02 -2.904521e-03 9.979733e-01 -6.356871e-02 -8.258844e+00 -9.523762e-01 -2.214363e-02 -3.041206e-01 7.400568e+01
-3.183862e-01 6.199631e-02 9.459316e-01 1.290672e+02 -1.093346e-03 9.978344e-01 -6.576602e-02 -8.350305e+00 -9.479604e-01 -2.197323e-02 -3.176290e-01 7.361765e+01
-3.330472e-01 6.156375e-02 9.408982e-01 1.302177e+02 5.377367e-04 9.978785e-01 -6.510167e-02 -8.448583e+00 -9.429100e-01 -2.117597e-02 -3.323737e-01 7.322581e+01
-3.465072e-01 6.021896e-02 9.361124e-01 1.313532e+02 8.262151e-04 9.979565e-01 -6.389149e-02 -8.527449e+00 -9.380469e-01 -2.136543e-02 -3.458489e-01 7.279436e+01
-3.605249e-01 5.912819e-02 9.308736e-01 1.324840e+02 7.340209e-04 9.980064e-01 -6.310812e-02 -8.615347e+00 -9.327493e-01 -2.206877e-02 -3.598496e-01 7.235104e+01
-3.757204e-01 6.024994e-02 9.247724e-01 1.335936e+02 -1.154684e-03 9.978532e-01 -6.548036e-02 -8.703240e+00 -9.267323e-01 -2.567013e-02 -3.748443e-01 7.192972e+01
-3.899779e-01 6.230832e-02 9.187137e-01 1.346105e+02 -2.433706e-04 9.977010e-01 -6.776864e-02 -8.795221e+00 -9.208242e-01 -2.665186e-02 -3.890662e-01 7.147419e+01
-4.046068e-01 6.407648e-02 9.122431e-01 1.357022e+02 5.078955e-04 9.975578e-01 -6.984376e-02 -8.882108e+00 -9.144906e-01 -2.779594e-02 -4.036512e-01 7.099387e+01
-4.188229e-01 6.670168e-02 9.056149e-01 1.367625e+02 3.260199e-03 9.974026e-01 -7.195441e-02 -8.965170e+00 -9.080621e-01 -2.718367e-02 -4.179525e-01 7.048932e+01
-4.331965e-01 6.925212e-02 8.986350e-01 1.378206e+02 1.994758e-03 9.971150e-01 -7.587975e-02 -9.072277e+00 -9.012973e-01 -3.107828e-02 -4.320849e-01 6.996055e+01
-4.486389e-01 7.085722e-02 8.908998e-01 1.390768e+02 1.742705e-03 9.969195e-01 -7.841185e-02 -9.196033e+00 -8.937114e-01 -3.362603e-02 -4.473804e-01 6.932755e+01
-4.635925e-01 6.806094e-02 8.834306e-01 1.401776e+02 2.759264e-04 9.970565e-01 -7.667007e-02 -9.303180e+00 -8.860484e-01 -3.529991e-02 -4.622467e-01 6.874931e+01
-4.800347e-01 6.334928e-02 8.749592e-01 1.412796e+02 -3.174455e-03 9.972572e-01 -7.394560e-02 -9.401340e+00 -8.772438e-01 -3.827398e-02 -4.785170e-01 6.816425e+01
-4.960624e-01 6.362835e-02 8.659524e-01 1.423483e+02 -3.794680e-03 9.971430e-01 -7.544175e-02 -9.499700e+00 -8.682786e-01 -4.070983e-02 -4.944037e-01 6.756033e+01
-5.120688e-01 6.254566e-02 8.566642e-01 1.434125e+02 -5.231586e-03 9.970997e-01 -7.592613e-02 -9.594948e+00 -8.589285e-01 -4.336112e-02 -5.102564e-01 6.694724e+01
-5.277147e-01 6.153156e-02 8.471901e-01 1.444600e+02 -5.445706e-03 9.971073e-01 -7.581220e-02 -9.701391e+00 -8.494042e-01 -4.462076e-02 -5.258531e-01 6.629702e+01
-5.434412e-01 6.082826e-02 8.372404e-01 1.455088e+02 -7.112019e-03 9.970017e-01 -7.705175e-02 -9.804656e+00 -8.394170e-01 -4.782757e-02 -5.413793e-01 6.563194e+01
-5.586109e-01 6.028990e-02 8.272358e-01 1.465581e+02 -7.669005e-03 9.969366e-01 -7.783657e-02 -9.900732e+00 -8.293944e-01 -4.982443e-02 -5.564373e-01 6.493320e+01
-5.738720e-01 5.787837e-02 8.168972e-01 1.476366e+02 -7.726347e-03 9.970724e-01 -7.607183e-02 -1.000470e+01 -8.189086e-01 -4.996712e-02 -5.717447e-01 6.419525e+01
-5.892659e-01 5.431302e-02 8.061116e-01 1.486681e+02 -7.759463e-03 9.973114e-01 -7.286756e-02 -1.010549e+01 -8.079019e-01 -4.919336e-02 -5.872602e-01 6.346061e+01
-6.038967e-01 5.296669e-02 7.953008e-01 1.496786e+02 -6.360254e-03 9.974376e-01 -7.125846e-02 -1.020856e+01 -7.970372e-01 -4.809106e-02 -6.020124e-01 6.268116e+01
-6.187067e-01 5.095086e-02 7.839682e-01 1.507372e+02 -7.887217e-03 9.974416e-01 -7.104929e-02 -1.031585e+01 -7.855825e-01 -5.014200e-02 -6.167219e-01 6.185311e+01
-6.338502e-01 5.198352e-02 7.717070e-01 1.517242e+02 -9.668628e-03 9.971284e-01 -7.510973e-02 -1.041295e+01 -7.733955e-01 -5.506966e-02 -6.315274e-01 6.107330e+01
-6.492237e-01 5.161383e-02 7.588443e-01 1.527099e+02 -1.159768e-02 9.969071e-01 -7.772830e-02 -1.052229e+01 -7.605091e-01 -5.926389e-02 -6.466171e-01 6.025418e+01
-6.652609e-01 4.829277e-02 7.450475e-01 1.536817e+02 -1.359244e-02 9.969571e-01 -7.675799e-02 -1.062283e+01 -7.464872e-01 -6.119110e-02 -6.625801e-01 5.942113e+01
-6.840023e-01 4.135856e-02 7.283065e-01 1.548459e+02 -1.675190e-02 9.972376e-01 -7.236328e-02 -1.073238e+01 -7.292875e-01 -6.169716e-02 -6.814200e-01 5.851817e+01
-7.011290e-01 3.864951e-02 7.119862e-01 1.557908e+02 -1.790093e-02 9.972610e-01 -7.176334e-02 -1.083616e+01 -7.128097e-01 -6.306057e-02 -6.985167e-01 5.763525e+01
-7.187255e-01 3.593976e-02 6.943644e-01 1.566911e+02 -1.995635e-02 9.971854e-01 -7.227004e-02 -1.093479e+01 -6.950074e-01 -6.579930e-02 -7.159854e-01 5.675328e+01
-7.364490e-01 3.204964e-02 6.757334e-01 1.575827e+02 -2.335427e-02 9.970772e-01 -7.274348e-02 -1.103318e+01 -6.760898e-01 -6.935313e-02 -7.335480e-01 5.582968e+01
-7.536670e-01 2.971872e-02 6.565843e-01 1.584062e+02 -2.308955e-02 9.971634e-01 -7.163780e-02 -1.114156e+01 -6.568508e-01 -6.915128e-02 -7.508430e-01 5.497161e+01
-7.695516e-01 3.213621e-02 6.377755e-01 1.592433e+02 -2.076568e-02 9.969454e-01 -7.529031e-02 -1.124862e+01 -6.382469e-01 -7.118362e-02 -7.665336e-01 5.396055e+01
-7.850100e-01 3.143623e-02 6.186849e-01 1.600690e+02 -1.775536e-02 9.971595e-01 -7.319570e-02 -1.135765e+01 -6.192286e-01 -6.844433e-02 -7.822220e-01 5.294460e+01
-7.999784e-01 3.268664e-02 5.991378e-01 1.608509e+02 -1.377227e-02 9.972518e-01 -7.279517e-02 -1.145772e+01 -5.998707e-01 -6.648605e-02 -7.973298e-01 5.196783e+01
-8.148600e-01 3.368789e-02 5.786780e-01 1.616200e+02 -1.204444e-02 9.971102e-01 -7.500730e-02 -1.157721e+01 -5.795326e-01 -6.809030e-02 -8.120995e-01 5.092184e+01
-8.288108e-01 3.504464e-02 5.584304e-01 1.623428e+02 -1.122327e-02 9.967946e-01 -7.921178e-02 -1.168928e+01 -5.594164e-01 -7.191899e-02 -8.257608e-01 4.988840e+01
-8.419107e-01 3.500880e-02 5.384801e-01 1.630301e+02 -9.283103e-03 9.968060e-01 -7.932052e-02 -1.178732e+01 -5.395371e-01 -7.177956e-02 -8.388966e-01 4.884576e+01
-8.529913e-01 3.404151e-02 5.208138e-01 1.636994e+02 -7.499779e-03 9.969683e-01 -7.744715e-02 -1.189298e+01 -5.218712e-01 -6.996774e-02 -8.501499e-01 4.764227e+01
-8.639273e-01 3.530652e-02 5.023775e-01 1.643585e+02 -5.253900e-03 9.968534e-01 -7.909274e-02 -1.199954e+01 -5.035892e-01 -7.096982e-02 -8.610234e-01 4.655405e+01
-8.735414e-01 3.776053e-02 4.852829e-01 1.649925e+02 -2.774785e-03 9.965839e-01 -8.254036e-02 -1.212426e+01 -4.867419e-01 -7.344898e-02 -8.704525e-01 4.541475e+01
-8.823878e-01 3.605248e-02 4.691397e-01 1.656152e+02 -3.854266e-03 9.964729e-01 -8.382637e-02 -1.224960e+01 -4.705072e-01 -7.577555e-02 -8.791366e-01 4.425702e+01
-8.913854e-01 3.334999e-02 4.520174e-01 1.662497e+02 -5.164825e-03 9.964771e-01 -8.370553e-02 -1.235770e+01 -4.532166e-01 -7.694848e-02 -8.880730e-01 4.292432e+01
-8.985958e-01 3.162550e-02 4.376361e-01 1.668369e+02 -5.935838e-03 9.964316e-01 -8.419453e-02 -1.247322e+01 -4.387372e-01 -7.825460e-02 -8.952016e-01 4.173055e+01
-9.050943e-01 2.942061e-02 4.241918e-01 1.673910e+02 -7.007747e-03 9.964359e-01 -8.406203e-02 -1.259037e+01 -4.251531e-01 -7.905670e-02 -9.016623e-01 4.052091e+01
-9.111595e-01 2.736753e-02 4.111442e-01 1.679245e+02 -7.582600e-03 9.965094e-01 -8.313619e-02 -1.271482e+01 -4.119842e-01 -7.886786e-02 -9.077713e-01 3.932096e+01
-9.171712e-01 2.218235e-02 3.978755e-01 1.684603e+02 -1.015173e-02 9.968248e-01 -7.897644e-02 -1.284478e+01 -3.983640e-01 -7.647404e-02 -9.140338e-01 3.813510e+01
-9.224600e-01 1.890585e-02 3.856296e-01 1.689792e+02 -1.128461e-02 9.970534e-01 -7.587525e-02 -1.295705e+01 -3.859278e-01 -7.434355e-02 -9.195285e-01 3.694748e+01
-9.268031e-01 1.935416e-02 3.750486e-01 1.694640e+02 -8.519831e-03 9.973305e-01 -7.252049e-02 -1.306570e+01 -3.754510e-01 -7.040756e-02 -9.241641e-01 3.575426e+01
-9.301922e-01 2.307515e-02 3.663468e-01 1.699396e+02 -4.213172e-03 9.972853e-01 -7.351385e-02 -1.318364e+01 -3.670486e-01 -6.992549e-02 -9.275698e-01 3.457668e+01
-9.326645e-01 2.803338e-02 3.596540e-01 1.704130e+02 7.532366e-04 9.971252e-01 -7.576801e-02 -1.327690e+01 -3.607441e-01 -7.039523e-02 -9.300044e-01 3.338195e+01
-9.347119e-01 3.066796e-02 3.540806e-01 1.708651e+02 3.301689e-03 9.969764e-01 -7.763515e-02 -1.339060e+01 -3.553910e-01 -7.139744e-02 -9.319869e-01 3.221246e+01
-9.367207e-01 2.741934e-02 3.490022e-01 1.713621e+02 6.104692e-04 9.970544e-01 -7.669504e-02 -1.350119e+01 -3.500771e-01 -7.162878e-02 -9.339783e-01 3.096718e+01
-9.385509e-01 2.000061e-02 3.445607e-01 1.718175e+02 -5.282635e-03 9.973701e-01 -7.228345e-02 -1.362048e+01 -3.451003e-01 -6.966189e-02 -9.359770e-01 2.976434e+01
-9.405524e-01 1.339067e-02 3.393846e-01 1.722760e+02 -1.136383e-02 9.974225e-01 -7.084715e-02 -1.371653e+01 -3.394585e-01 -7.049216e-02 -9.379759e-01 2.858919e+01
-9.422947e-01 6.684420e-03 3.347179e-01 1.727302e+02 -1.861329e-02 9.972082e-01 -7.231452e-02 -1.381905e+01 -3.342668e-01 -7.437179e-02 -9.395396e-01 2.738265e+01
-9.436763e-01 3.439139e-03 3.308523e-01 1.731629e+02 -2.273754e-02 9.969080e-01 -7.521598e-02 -1.391309e+01 -3.300880e-01 -7.850230e-02 -9.406803e-01 2.619761e+01
-9.443806e-01 2.852704e-03 3.288423e-01 1.735785e+02 -2.329515e-02 9.968700e-01 -7.554765e-02 -1.403078e+01 -3.280285e-01 -7.900616e-02 -9.413582e-01 2.511967e+01
-9.448312e-01 3.616632e-03 3.275377e-01 1.740138e+02 -2.318522e-02 9.966926e-01 -7.788658e-02 -1.412777e+01 -3.267361e-01 -8.118370e-02 -9.416224e-01 2.392511e+01
-9.448631e-01 5.987560e-03 3.274110e-01 1.744448e+02 -2.118092e-02 9.966217e-01 -7.935105e-02 -1.423990e+01 -3.267800e-01 -8.191074e-02 -9.415442e-01 2.273105e+01
-9.444544e-01 6.689832e-03 3.285743e-01 1.748725e+02 -2.121236e-02 9.964671e-01 -8.126108e-02 -1.434585e+01 -3.279571e-01 -8.371722e-02 -9.409758e-01 2.152300e+01
-9.442162e-01 7.340207e-03 3.292444e-01 1.753039e+02 -2.136012e-02 9.962815e-01 -8.346836e-02 -1.445793e+01 -3.286327e-01 -8.584487e-02 -9.405484e-01 2.033005e+01
-9.438977e-01 7.855200e-03 3.301446e-01 1.757551e+02 -2.098691e-02 9.962694e-01 -8.370694e-02 -1.456659e+01 -3.295705e-01 -8.593950e-02 -9.402115e-01 1.915429e+01
-9.432815e-01 7.419352e-03 3.319110e-01 1.761910e+02 -2.147359e-02 9.962933e-01 -8.329791e-02 -1.469412e+01 -3.312987e-01 -8.570071e-02 -9.396257e-01 1.795410e+01
-9.420056e-01 7.057048e-03 3.355228e-01 1.766277e+02 -2.201122e-02 9.963269e-01 -8.275391e-02 -1.480777e+01 -3.348744e-01 -8.533993e-02 -9.383903e-01 1.676048e+01
-9.407747e-01 4.583037e-03 3.390015e-01 1.770857e+02 -2.427954e-02 9.964305e-01 -8.084995e-02 -1.492200e+01 -3.381620e-01 -8.429239e-02 -9.373053e-01 1.558232e+01
-9.391291e-01 9.720413e-04 3.435632e-01 1.775394e+02 -2.744721e-02 9.965875e-01 -7.784651e-02 -1.504101e+01 -3.424664e-01 -8.253778e-02 -9.358976e-01 1.443139e+01
-9.359095e-01 6.232948e-04 3.522400e-01 1.779583e+02 -2.807063e-02 9.966860e-01 -7.634795e-02 -1.513339e+01 -3.511202e-01 -8.134238e-02 -9.327905e-01 1.331049e+01
-9.333754e-01 3.271983e-03 3.588867e-01 1.784022e+02 -2.567638e-02 9.967874e-01 -7.586566e-02 -1.523678e+01 -3.579820e-01 -8.002606e-02 -9.302928e-01 1.216275e+01
-9.302905e-01 3.233617e-03 3.668096e-01 1.788629e+02 -2.636820e-02 9.967849e-01 -7.566133e-02 -1.534267e+01 -3.658749e-01 -8.005912e-02 -9.272141e-01 1.102948e+01
-9.267852e-01 5.326350e-03 3.755540e-01 1.793427e+02 -2.638763e-02 9.965053e-01 -7.925197e-02 -1.543606e+01 -3.746637e-01 -8.335954e-02 -9.234058e-01 9.898845e+00
-9.228107e-01 5.681752e-03 3.852118e-01 1.798255e+02 -2.639668e-02 9.966089e-01 -7.793537e-02 -1.554977e+01 -3.843483e-01 -8.208790e-02 -9.195313e-01 8.758085e+00
-9.181426e-01 7.261637e-03 3.961835e-01 1.803401e+02 -2.632328e-02 9.965057e-01 -7.926831e-02 -1.565993e+01 -3.953747e-01 -8.320846e-02 -9.147432e-01 7.623000e+00
