1.000000e+00 0.000000e+00 0.000000e+00 0.000000e+00 0.000000e+00 1.000000e+00 0.000000e+00 0.000000e+00 0.000000e+00 0.000000e+00 1.000000e+00 0.000000e+00
9.999985e-01 8.978398e-04 1.479683e-03 -1.105198e-02 -8.908063e-04 9.999883e-01 -4.747242e-03 -2.112206e-03 -1.483927e-03 4.745917e-03 9.999877e-01 9.661911e-01
9.999958e-01 -1.109710e-03 2.677968e-03 -2.528463e-02 1.123783e-03 9.999855e-01 -5.259602e-03 -1.164017e-02 -2.672093e-03 5.262590e-03 9.999826e-01 1.938921e+00
9.999925e-01 -2.654735e-03 2.829607e-03 -3.024966e-02 2.659783e-03 9.999949e-01 -1.781746e-03 5.685760e-03 -2.824862e-03 1.789259e-03 9.999944e-01 2.919693e+00
9.999840e-01 -5.371496e-03 1.765595e-03 -2.338434e-02 5.364129e-03 9.999770e-01 4.150748e-03 4.986857e-03 -1.787850e-03 -4.141211e-03 9.999898e-01 3.891102e+00
9.999587e-01 -9.090206e-03 1.647216e-04 -1.995878e-02 9.089474e-03 9.999507e-01 4.002786e-03 8.970595e-03 -2.010996e-04 -4.001123e-03 9.999920e-01 4.847022e+00
9.999306e-01 -1.175563e-02 -7.775188e-04 -2.320051e-02 1.175679e-02 9.999297e-01 1.507655e-03 5.991437e-03 7.597408e-04 -1.516691e-03 9.999986e-01 5.784704e+00
9.999212e-01 -1.240071e-02 -1.944253e-03 -1.956725e-02 1.239583e-02 9.999200e-01 -2.501679e-03 1.992484e-02 1.975120e-03 2.477382e-03 9.999950e-01 6.740156e+00
9.999220e-01 -1.228978e-02 -2.197111e-03 -4.756221e-02 1.228329e-02 9.999202e-01 -2.940036e-03 2.000694e-02 2.233068e-03 2.912819e-03 9.999933e-01 7.667809e+00
9.999232e-01 -1.198844e-02 -3.156020e-03 -6.064004e-02 1.198449e-02 9.999274e-01 -1.267840e-03 2.028712e-02 3.170990e-03 1.229919e-03 9.999942e-01 8.613436e+00
9.999223e-01 -1.186098e-02 -3.830479e-03 -7.057744e-02 1.186900e-02 9.999274e-01 2.077148e-03 9.597279e-03 3.805564e-03 -2.122451e-03 9.999905e-01 9.550469e+00
9.999151e-01 -1.244045e-02 -3.891075e-03 -1.061200e-01 1.245447e-02 9.999160e-01 3.599671e-03 1.139631e-02 3.845967e-03 -3.647827e-03 9.999859e-01 1.047277e+01
9.998928e-01 -1.375353e-02 -5.013250e-03 -1.026556e-01 1.377594e-02 9.998952e-01 4.463686e-03 1.326718e-02 4.951333e-03 -4.532270e-03 9.999775e-01 1.139551e+01
9.998864e-01 -1.393830e-02 -5.737361e-03 -1.150928e-01 1.396048e-02 9.998952e-01 3.844490e-03 2.589143e-02 5.683173e-03 -3.924150e-03 9.999762e-01 1.231281e+01
9.998765e-01 -1.400084e-02 -7.138076e-03 -1.064725e-01 1.402055e-02 9.998980e-01 2.718738e-03 2.261434e-02 7.099283e-03 -2.818482e-03 9.999709e-01 1.320537e+01
9.998675e-01 -1.415479e-02 -8.038269e-03 -1.255104e-01 1.416308e-02 9.998992e-01 9.760396e-04 1.789578e-02 8.023644e-03 -1.089757e-03 9.999672e-01 1.410562e+01
9.998353e-01 -1.576985e-02 -8.984882e-03 -1.526251e-01 1.577052e-02 9.998757e-01 4.562334e-06 1.552508e-02 8.983693e-03 -1.462579e-04 9.999596e-01 1.501598e+01
9.998274e-01 -1.529374e-02 -1.054326e-02 -1.722670e-01 1.528231e-02 9.998825e-01 -1.164004e-03 1.953194e-02 1.055982e-02 1.002678e-03 9.999437e-01 1.592446e+01
9.998296e-01 -1.394463e-02 -1.209343e-02 -1.907702e-01 1.391967e-02 9.999008e-01 -2.145199e-03 1.762087e-02 1.212215e-02 1.976497e-03 9.999246e-01 1.683386e+01
9.998275e-01 -1.243147e-02 -1.379779e-02 -2.102597e-01 1.240146e-02 9.999205e-01 -2.258974e-03 1.823296e-02 1.382478e-02 2.087472e-03 9.999022e-01 1.773498e+01
9.997957e-01 -1.304524e-02 -1.543700e-02 -2.247497e-01 1.302650e-02 9.999143e-01 -1.314435e-03 1.534407e-02 1.545283e-02 1.113076e-03 9.998800e-01 1.863932e+01
9.997706e-01 -1.241547e-02 -1.745459e-02 -2.386445e-01 1.241478e-02 9.999229e-01 -1.479654e-04 1.886169e-02 1.745509e-02 -6.876347e-05 9.998477e-01 1.952484e+01
9.997472e-01 -1.143696e-02 -1.936093e-02 -2.094592e-01 1.145369e-02 9.999341e-01 7.536493e-04 2.881812e-02 1.935104e-02 -9.752128e-04 9.998123e-01 2.043981e+01
9.996977e-01 -1.279150e-02 -2.099880e-02 -2.316391e-01 1.280204e-02 9.999180e-01 3.673552e-04 3.159237e-02 2.099238e-02 -6.360716e-04 9.997795e-01 2.132655e+01
9.996562e-01 -1.287427e-02 -2.284102e-02 -2.534972e-01 1.288174e-02 9.999170e-01 1.800194e-04 2.874374e-02 2.283681e-02 -4.741897e-04 9.997391e-01 2.220313e+01
9.996317e-01 -1.259796e-02 -2.403612e-02 -2.781539e-01 1.261513e-02 9.999202e-01 5.630812e-04 2.804788e-02 2.402711e-02 -8.660927e-04 9.997109e-01 2.307864e+01
9.996070e-01 -1.271054e-02 -2.498486e-02 -3.080558e-01 1.277690e-02 9.999152e-01 2.498054e-03 2.856133e-02 2.495099e-02 -2.816301e-03 9.996847e-01 2.393696e+01
9.995601e-01 -1.441824e-02 -2.591593e-02 -3.283788e-01 1.454999e-02 9.998821e-01 4.902638e-03 3.517941e-02 2.584219e-02 -5.277559e-03 9.996521e-01 2.479642e+01
9.995474e-01 -1.421733e-02 -2.651225e-02 -3.581587e-01 1.439798e-02 9.998744e-01 6.635298e-03 3.270024e-02 2.641459e-02 -7.014018e-03 9.996265e-01 2.562005e+01
9.995267e-01 -1.400147e-02 -2.739037e-02 -3.847163e-01 1.415752e-02 9.998846e-01 5.511452e-03 3.413049e-02 2.731004e-02 -5.896624e-03 9.996096e-01 2.645334e+01
9.995306e-01 -1.221918e-02 -2.809555e-02 -4.193755e-01 1.229394e-02 9.999213e-01 2.489578e-03 5.104276e-02 2.806292e-02 -2.833814e-03 9.996021e-01 2.727352e+01
9.995188e-01 -1.186277e-02 -2.866088e-02 -4.537098e-01 1.188943e-02 9.999290e-01 7.601150e-04 5.286698e-02 2.864983e-02 -1.100511e-03 9.995889e-01 2.807686e+01
9.994899e-01 -1.131880e-02 -2.986259e-02 -4.797774e-01 1.132472e-02 9.999359e-01 2.887151e-05 5.801047e-02 2.986035e-02 -3.670422e-04 9.995540e-01 2.887266e+01
9.994416e-01 -1.185774e-02 -3.123785e-02 -5.074393e-01 1.185569e-02 9.999297e-01 -2.509505e-04 4.615266e-02 3.123863e-02 -1.195358e-04 9.995120e-01 2.965157e+01
9.993802e-01 -1.168606e-02 -3.320764e-02 -5.327537e-01 1.166619e-02 9.999316e-01 -7.920827e-04 3.936069e-02 3.321463e-02 4.041851e-04 9.994482e-01 3.044713e+01
9.993301e-01 -1.212711e-02 -3.453001e-02 -5.829377e-01 1.210221e-02 9.999263e-01 -9.301432e-04 3.823187e-02 3.453875e-02 5.116307e-04 9.994032e-01 3.117308e+01
9.992568e-01 -1.165415e-02 -3.674266e-02 -6.107944e-01 1.166042e-02 9.999320e-01 -4.343686e-05 4.240596e-02 3.674067e-02 -3.850304e-04 9.993247e-01 3.193149e+01
9.991531e-01 -1.208270e-02 -3.933353e-02 -6.312501e-01 1.217949e-02 9.999233e-01 2.222205e-03 4.040632e-02 3.930367e-02 -2.699386e-03 9.992236e-01 3.270864e+01
9.990779e-01 -1.082682e-02 -4.154782e-02 -6.593952e-01 1.098490e-02 9.999332e-01 3.578279e-03 4.594274e-02 4.150630e-02 -4.031378e-03 9.991301e-01 3.347381e+01
9.989898e-01 -9.730553e-03 -4.387191e-02 -6.896510e-01 9.920213e-03 9.999424e-01 4.107384e-03 3.761981e-02 4.382941e-02 -4.538454e-03 9.990287e-01 3.419463e+01
9.989580e-01 -6.564805e-03 -4.516431e-02 -7.096417e-01 6.732752e-03 9.999710e-01 3.567467e-03 4.501440e-02 4.513958e-02 -3.867830e-03 9.989732e-01 3.490224e+01
9.988804e-01 -5.031807e-03 -4.703753e-02 -7.504774e-01 5.169356e-03 9.999827e-01 2.803036e-03 4.901656e-02 4.702261e-02 -3.043051e-03 9.988892e-01 3.561890e+01
9.988104e-01 -4.443463e-03 -4.856126e-02 -7.883933e-01 4.650275e-03 9.999806e-01 4.146630e-03 4.876276e-02 4.854190e-02 -4.367520e-03 9.988116e-01 3.633178e+01
9.987596e-01 -2.924309e-03 -4.970632e-02 -8.288175e-01 3.224475e-03 9.999771e-01 5.959675e-03 5.375522e-02 4.968775e-02 -6.112560e-03 9.987461e-01 3.702338e+01
9.987718e-01 -5.125831e-04 -4.954470e-02 -8.738640e-01 8.429970e-04 9.999775e-01 6.648341e-03 5.060709e-02 4.954017e-02 -6.681941e-03 9.987498e-01 3.769964e+01
9.988157e-01 2.770656e-03 -4.857546e-02 -9.158653e-01 -2.559958e-03 9.999871e-01 4.399221e-03 5.548757e-02 4.858702e-02 -4.269660e-03 9.988098e-01 3.837088e+01
9.988762e-01 4.201256e-03 -4.720922e-02 -9.484861e-01 -4.143308e-03 9.999905e-01 1.325249e-03 5.477087e-02 4.721434e-02 -1.128157e-03 9.988841e-01 3.902491e+01
9.989557e-01 4.818075e-03 -4.543580e-02 -9.727779e-01 -4.852639e-03 9.999880e-01 -6.504373e-04 5.933172e-02 4.543213e-02 8.702416e-04 9.989671e-01 3.967174e+01
9.990669e-01 5.478610e-03 -4.284110e-02 -9.967344e-01 -5.482800e-03 9.999850e-01 1.967697e-05 6.541716e-02 4.284056e-02 2.152306e-04 9.990819e-01 4.032920e+01
9.991475e-01 1.007186e-02 -4.003416e-02 -1.025493e+00 -9.968815e-03 9.999465e-01 2.772594e-03 6.245075e-02 4.005994e-02 -2.371137e-03 9.991944e-01 4.097368e+01
9.992206e-01 1.432972e-02 -3.678060e-02 -1.033517e+00 -1.412496e-02 9.998833e-01 5.821018e-03 7.165211e-02 3.685972e-02 -5.296957e-03 9.993064e-01 4.160715e+01
9.992774e-01 1.963516e-02 -3.254377e-02 -1.060836e+00 -1.939886e-02 9.997832e-01 7.561012e-03 5.207247e-02 3.268518e-02 -6.924237e-03 9.994417e-01 4.222726e+01
9.993476e-01 2.349540e-02 -2.743035e-02 -1.080130e+00 -2.328596e-02 9.996974e-01 7.930030e-03 5.216501e-02 2.760837e-02 -7.286114e-03 9.995922e-01 4.282896e+01
9.993997e-01 2.670797e-02 -2.206608e-02 -1.090189e+00 -2.650113e-02 9.996026e-01 9.613494e-03 6.343433e-02 2.231407e-02 -9.022947e-03 9.997103e-01 4.339061e+01
9.993777e-01 3.143751e-02 -1.599601e-02 -1.095084e+00 -3.126801e-02 9.994534e-01 1.073852e-02 6.458005e-02 1.632486e-02 -1.023167e-02 9.998144e-01 4.396201e+01
9.993678e-01 3.431075e-02 -9.313549e-03 -1.096968e+00 -3.421329e-02 9.993601e-01 1.042927e-02 6.839704e-02 9.665426e-03 -1.010403e-02 9.999022e-01 4.448492e+01
9.992908e-01 3.757890e-02 -2.387062e-03 -1.090384e+00 -3.755123e-02 9.992370e-01 1.073707e-02 6.167763e-02 2.788728e-03 -1.063982e-02 9.999395e-01 4.500685e+01
9.991285e-01 4.149965e-02 4.484400e-03 -1.077096e+00 -4.154249e-02 9.990875e-01 9.923045e-03 7.779633e-02 -4.068505e-03 -1.010069e-02 9.999407e-01 4.550132e+01
9.988514e-01 4.634584e-02 1.216178e-02 -1.078616e+00 -4.643576e-02 9.988952e-01 7.218915e-03 8.007454e-02 -1.181377e-02 -7.775365e-03 9.999000e-01 4.600986e+01
9.986417e-01 4.814359e-02 1.992084e-02 -1.069952e+00 -4.822981e-02 9.988288e-01 3.870043e-03 8.397713e-02 -1.971119e-02 -4.825564e-03 9.997941e-01 4.645327e+01
9.984593e-01 4.825296e-02 2.739674e-02 -1.053008e+00 -4.837264e-02 9.988225e-01 3.722356e-03 8.548135e-02 -2.718486e-02 -5.041874e-03 9.996177e-01 4.688430e+01
9.982452e-01 4.747038e-02 3.539937e-02 -1.035177e+00 -4.768370e-02 9.988489e-01 5.206123e-03 8.373524e-02 -3.511149e-02 -6.884960e-03 9.993597e-01 4.729374e+01
9.978650e-01 4.936551e-02 4.276012e-02 -1.003288e+00 -4.966640e-02 9.987478e-01 6.002395e-03 8.310796e-02 -4.241026e-02 -8.113322e-03 9.990674e-01 4.767015e+01
9.972843e-01 5.260186e-02 5.154692e-02 -9.836672e-01 -5.298201e-02 9.985772e-01 6.035318e-03 8.773220e-02 -5.115611e-02 -8.749987e-03 9.986523e-01 4.803835e+01
9.965215e-01 5.763869e-02 6.018854e-02 -9.540430e-01 -5.810677e-02 9.982920e-01 6.054349e-03 7.252967e-02 -5.973677e-02 -9.530650e-03 9.981686e-01 4.838513e+01
9.957616e-01 6.098283e-02 6.884696e-02 -9.286510e-01 -6.153196e-02 9.980878e-01 5.881709e-03 7.315878e-02 -6.835663e-02 -1.009307e-02 9.976099e-01 4.869047e+01
9.951114e-01 6.070222e-02 7.790061e-02 -8.880212e-01 -6.138543e-02 9.980936e-01 6.403563e-03 7.925267e-02 -7.736339e-02 -1.115422e-02 9.969406e-01 4.899208e+01
9.943360e-01 5.919852e-02 8.826914e-02 -8.367962e-01 -5.985205e-02 9.981958e-01 4.773182e-03 7.295756e-02 -8.782732e-02 -1.002924e-02 9.960852e-01 4.928305e+01
9.933211e-01 5.813631e-02 9.966673e-02 -7.928735e-01 -5.848320e-02 9.982882e-01 5.598857e-04 6.443928e-02 -9.946357e-02 -6.384975e-03 9.950207e-01 4.954383e+01
9.918337e-01 5.804786e-02 1.135622e-01 -7.784266e-01 -5.794436e-02 9.983109e-01 -4.214777e-03 8.724221e-02 -1.136150e-01 -2.399930e-03 9.935219e-01 4.980723e+01
9.898999e-01 6.014792e-02 1.283764e-01 -7.132655e-01 -5.985065e-02 9.981883e-01 -6.175503e-03 8.048018e-02 -1.285152e-01 -1.570280e-03 9.917063e-01 5.004464e+01
9.874875e-01 6.187555e-02 1.450513e-01 -6.810871e-01 -6.143605e-02 9.980828e-01 -7.511756e-03 8.634203e-02 -1.452380e-01 -1.493612e-03 9.893956e-01 5.026694e+01
9.848960e-01 6.278403e-02 1.613629e-01 -6.045921e-01 -6.224880e-02 9.980255e-01 -8.375370e-03 7.304711e-02 -1.615701e-01 -1.795775e-03 9.868596e-01 5.055731e+01
9.818629e-01 6.212548e-02 1.791247e-01 -5.470596e-01 -6.140359e-02 9.980671e-01 -9.577073e-03 7.648899e-02 -1.793735e-01 -1.595528e-03 9.837797e-01 5.073186e+01
9.781955e-01 6.103695e-02 1.985144e-01 -4.833720e-01 -6.037971e-02 9.981315e-01 -9.368297e-03 5.590002e-02 -1.987153e-01 -2.822213e-03 9.800532e-01 5.101267e+01
9.738164e-01 6.151123e-02 2.188562e-01 -4.174247e-01 -6.062930e-02 9.981025e-01 -1.074999e-02 5.287722e-02 -2.191022e-01 -2.800584e-03 9.756979e-01 5.126706e+01
9.686894e-01 6.358130e-02 2.399964e-01 -3.411154e-01 -6.229929e-02 9.979737e-01 -1.293270e-02 5.096857e-02 -2.403324e-01 -2.423835e-03 9.706876e-01 5.151635e+01
9.626419e-01 6.505807e-02 2.628460e-01 -2.608374e-01 -6.335498e-02 9.978789e-01 -1.495903e-02 4.701236e-02 -2.632616e-01 -2.252407e-03 9.647219e-01 5.177540e+01
9.556305e-01 6.616972e-02 2.870399e-01 -1.628680e-01 -6.426763e-02 9.978036e-01 -1.605446e-02 4.263638e-02 -2.874718e-01 -3.105240e-03 9.577841e-01 5.201244e+01
9.473073e-01 6.882705e-02 3.128446e-01 -6.541651e-02 -6.691428e-02 9.976163e-01 -1.686014e-02 3.668209e-02 -3.132593e-01 -4.962034e-03 9.496546e-01 5.226067e+01
9.376946e-01 7.116865e-02 3.400939e-01 4.585924e-02 -6.913967e-02 9.974428e-01 -1.809726e-02 3.345206e-02 -3.405122e-01 -6.544273e-03 9.402173e-01 5.250827e+01
9.267700e-01 7.204255e-02 3.686561e-01 1.638052e-01 -6.984097e-02 9.973708e-01 -1.933136e-02 2.149960e-02 -3.690795e-01 -7.831569e-03 9.293649e-01 5.275527e+01
9.144567e-01 7.012883e-02 3.985612e-01 3.083729e-01 -6.718136e-02 9.975117e-01 -2.137662e-02 1.484832e-02 -3.990686e-01 -7.227885e-03 9.168926e-01 5.299749e+01
8.998274e-01 6.778783e-02 4.309471e-01 4.614816e-01 -6.370614e-02 9.976821e-01 -2.391517e-02 -3.443662e-04 -4.315694e-01 -5.934455e-03 9.020602e-01 5.323595e+01
8.828009e-01 6.721443e-02 4.649137e-01 6.164349e-01 -6.125985e-02 9.977312e-01 -2.792278e-02 -8.337708e-03 -4.657357e-01 -3.830291e-03 8.849156e-01 5.346019e+01
8.636690e-01 6.864733e-02 4.993631e-01 7.808419e-01 -6.011679e-02 9.976401e-01 -3.317090e-02 -8.679682e-03 -5.004617e-01 -1.371426e-03 8.657576e-01 5.368350e+01
8.425125e-01 6.996418e-02 5.341139e-01 9.841928e-01 -5.894147e-02 9.975495e-01 -3.769570e-02 -1.534436e-02 -5.354424e-01 2.776429e-04 8.445717e-01 5.394038e+01
8.183199e-01 7.271617e-02 5.701447e-01 1.176663e+00 -5.986583e-02 9.973526e-01 -4.127770e-02 -2.862403e-02 -5.716369e-01 -3.538268e-04 8.205067e-01 5.416935e+01
7.911997e-01 7.820730e-02 6.065366e-01 1.462727e+00 -6.396797e-02 9.969323e-01 -4.510188e-02 -2.891916e-02 -6.082032e-01 -3.114315e-03 7.937753e-01 5.447102e+01
7.615353e-01 8.258683e-02 6.428401e-01 1.690337e+00 -6.758039e-02 9.965599e-01 -4.797128e-02 -4.257012e-02 -6.445904e-01 -6.911560e-03 7.644968e-01 5.470741e+01
7.287962e-01 8.371706e-02 6.795936e-01 1.937968e+00 -6.737315e-02 9.964491e-01 -5.049854e-02 -5.928855e-02 -6.814080e-01 -8.983216e-03 7.318487e-01 5.493648e+01
6.925148e-01 8.120435e-02 7.168187e-01 2.208688e+00 -6.371528e-02 9.966462e-01 -5.134942e-02 -7.845040e-02 -7.185844e-01 -1.011207e-02 6.953662e-01 5.515939e+01
6.536335e-01 7.943576e-02 7.526308e-01 2.512338e+00 -6.060626e-02 9.967765e-01 -5.256948e-02 -1.064049e-01 -7.543806e-01 -1.125297e-02 6.563408e-01 5.538766e+01
6.116852e-01 7.912243e-02 7.871346e-01 2.858833e+00 -5.859723e-02 9.967842e-01 -5.466019e-02 -1.204947e-01 -7.889282e-01 -1.268908e-02 6.143544e-01 5.560958e+01
5.659726e-01 7.843512e-02 8.206844e-01 3.208597e+00 -5.480198e-02 9.968415e-01 -5.747760e-02 -1.451591e-01 -8.226006e-01 -1.244438e-02 5.684834e-01 5.581878e+01
5.177786e-01 7.756416e-02 8.519913e-01 3.592185e+00 -5.182857e-02 9.968963e-01 -5.925846e-02 -1.665689e-01 -8.539433e-01 -1.347473e-02 5.201916e-01 5.602681e+01
4.694047e-01 7.577269e-02 8.797259e-01 3.991430e+00 -4.994783e-02 9.969944e-01 -5.922208e-02 -1.865094e-01 -8.815693e-01 -1.614127e-02 4.717786e-01 5.620660e+01
4.201315e-01 7.378639e-02 9.044584e-01 4.434675e+00 -4.957786e-02 9.970666e-01 -5.831194e-02 -2.067140e-01 -9.061079e-01 -2.034243e-02 4.225573e-01 5.638250e+01
3.703946e-01 7.372996e-02 9.259437e-01 4.890111e+00 -5.262821e-02 9.969093e-01 -5.832847e-02 -2.259973e-01 -9.273824e-01 -2.712621e-02 3.731301e-01 5.654121e+01
3.214360e-01 7.418219e-02 9.440212e-01 5.350546e+00 -5.009942e-02 9.968627e-01 -6.127586e-02 -2.407210e-01 -9.456051e-01 -2.759865e-02 3.241440e-01 5.667279e+01
2.745306e-01 7.107560e-02 9.589480e-01 5.834499e+00 -3.891341e-02 9.972687e-01 -6.277562e-02 -2.681298e-01 -9.607907e-01 -2.008211e-02 2.765466e-01 5.677083e+01
2.307656e-01 6.485470e-02 9.708456e-01 6.344133e+00 -2.578760e-02 9.978333e-01 -6.052795e-02 -3.014829e-01 -9.726676e-01 -1.106802e-02 2.319380e-01 5.684658e+01
1.889213e-01 6.379375e-02 9.799179e-01 6.860836e+00 -1.717264e-02 9.979497e-01 -6.165687e-02 -3.302021e-01 -9.818421e-01 -5.179488e-03 1.896294e-01 5.690512e+01
1.505960e-01 6.543096e-02 9.864277e-01 7.391228e+00 -1.379704e-02 9.978492e-01 -6.408220e-02 -3.527819e-01 -9.884991e-01 -3.959256e-03 1.511749e-01 5.696705e+01
1.180080e-01 6.598146e-02 9.908181e-01 7.955282e+00 -5.319212e-03 9.978178e-01 -6.581405e-02 -3.884685e-01 -9.929984e-01 2.496215e-03 1.181015e-01 5.700622e+01
8.955408e-02 6.423409e-02 9.939085e-01 8.504958e+00 1.772229e-03 9.979063e-01 -6.465214e-02 -4.206680e-01 -9.959804e-01 7.551297e-03 8.925274e-02 5.702330e+01
6.436283e-02 6.258322e-02 9.959622e-01 9.078267e+00 8.835829e-03 9.979568e-01 -6.327955e-02 -4.527614e-01 -9.978874e-01 1.287300e-02 6.367835e-02 5.704685e+01
4.458888e-02 6.177663e-02 9.970935e-01 9.673321e+00 1.359469e-02 9.979563e-01 -6.243802e-02 -4.756314e-01 -9.989129e-01 1.633922e-02 4.365792e-02 5.705827e+01
2.843821e-02 6.352749e-02 9.975748e-01 1.027453e+01 1.638954e-02 9.978147e-01 -6.400999e-02 -5.050766e-01 -9.994612e-01 1.817012e-02 2.733488e-02 5.706836e+01
1.531407e-02 6.329313e-02 9.978775e-01 1.088217e+01 1.680529e-02 9.978372e-01 -6.354848e-02 -5.385457e-01 -9.997415e-01 1.774281e-02 1.421729e-02 5.706739e+01
3.789097e-03 6.394607e-02 9.979461e-01 1.150740e+01 1.783532e-02 9.977903e-01 -6.400380e-02 -5.783036e-01 -9.998338e-01 1.804120e-02 2.640225e-03 5.706259e+01
-5.269276e-03 6.691195e-02 9.977450e-01 1.215821e+01 2.215128e-02 9.975218e-01 -6.678000e-02 -6.112987e-01 -9.997407e-01 2.174945e-02 -6.738403e-03 5.704791e+01
-1.190645e-02 6.896920e-02 9.975477e-01 1.279371e+01 2.644067e-02 9.972913e-01 -6.863588e-02 -6.465385e-01 -9.995795e-01 2.555862e-02 -1.369779e-02 5.703379e+01
-1.638501e-02 6.817704e-02 9.975387e-01 1.344532e+01 2.695548e-02 9.973401e-01 -6.772071e-02 -6.852444e-01 -9.995024e-01 2.577953e-02 -1.817917e-02 5.702349e+01
-1.963112e-02 6.540039e-02 9.976660e-01 1.410925e+01 2.476219e-02 9.975840e-01 -6.490777e-02 -7.204025e-01 -9.995006e-01 2.343018e-02 -2.120315e-02 5.700458e+01
-2.207267e-02 5.859669e-02 9.980377e-01 1.477133e+01 2.264505e-02 9.980541e-01 -5.809684e-02 -7.563726e-01 -9.994999e-01 2.131827e-02 -2.335664e-02 5.698854e+01
-2.328414e-02 5.296983e-02 9.983246e-01 1.547001e+01 2.377320e-02 9.983423e-01 -5.241630e-02 -7.917093e-01 -9.994462e-01 2.251291e-02 -2.450480e-02 5.697873e+01
-2.368779e-02 5.044279e-02 9.984460e-01 1.616805e+01 2.697268e-02 9.983949e-01 -4.980029e-02 -8.245541e-01 -9.993555e-01 2.575110e-02 -2.501034e-02 5.694932e+01
-2.369581e-02 5.270900e-02 9.983287e-01 1.684264e+01 2.983811e-02 9.982015e-01 -5.199406e-02 -8.569933e-01 -9.992738e-01 2.855621e-02 -2.522593e-02 5.693247e+01
-2.263706e-02 6.015453e-02 9.979324e-01 1.755516e+01 3.139936e-02 9.977385e-01 -5.943058e-02 -8.897263e-01 -9.992505e-01 2.998910e-02 -2.447468e-02 5.691256e+01
-2.019073e-02 6.781974e-02 9.974933e-01 1.842973e+01 3.238987e-02 9.972173e-01 -6.714536e-02 -9.488784e-01 -9.992713e-01 3.095296e-02 -2.233122e-02 5.684662e+01
-1.790441e-02 6.864692e-02 9.974803e-01 1.916269e+01 3.320965e-02 9.971306e-01 -6.802676e-02 -9.821494e-01 -9.992880e-01 3.190800e-02 -2.013277e-02 5.683649e+01
-1.598906e-02 6.425706e-02 9.978053e-01 1.990692e+01 3.226854e-02 9.974462e-01 -6.371687e-02 -1.024270e+00 -9.993513e-01 3.117894e-02 -1.802171e-02 5.683497e+01
-1.351338e-02 5.799021e-02 9.982257e-01 2.066869e+01 3.184633e-02 9.978353e-01 -5.753642e-02 -1.065934e+00 -9.994015e-01 3.101231e-02 -1.533090e-02 5.683020e+01
-1.078258e-02 5.620358e-02 9.983611e-01 2.142084e+01 2.986270e-02 9.979919e-01 -5.586027e-02 -1.110664e+00 -9.994959e-01 2.921144e-02 -1.243932e-02 5.683594e+01
-7.392108e-03 6.175912e-02 9.980637e-01 2.217224e+01 3.753443e-02 9.974048e-01 -6.144035e-02 -1.151749e+00 -9.992680e-01 3.700758e-02 -9.691018e-03 5.682311e+01
-4.130391e-03 6.742046e-02 9.977161e-01 2.292763e+01 3.932831e-02 9.969637e-01 -6.720680e-02 -1.191894e+00 -9.992178e-01 3.896090e-02 -6.769382e-03 5.682718e+01
-1.708277e-03 6.826264e-02 9.976659e-01 2.366143e+01 3.354785e-02 9.971097e-01 -6.816714e-02 -1.231028e+00 -9.994357e-01 3.335310e-02 -3.993405e-03 5.684149e+01
1.685295e-03 6.484526e-02 9.978939e-01 2.439602e+01 2.925369e-02 9.974651e-01 -6.486679e-02 -1.273614e+00 -9.995706e-01 2.930140e-02 -2.159398e-04 5.685717e+01
5.974263e-03 6.106860e-02 9.981157e-01 2.515003e+01 3.291612e-02 9.975806e-01 -6.123288e-02 -1.329098e+00 -9.994403e-01 3.321991e-02 3.949667e-03 5.687384e+01
1.015281e-02 6.224256e-02 9.980094e-01 2.587904e+01 3.835216e-02 9.973022e-01 -6.258861e-02 -1.366610e+00 -9.992127e-01 3.891126e-02 7.738284e-03 5.686881e+01
1.297946e-02 6.706923e-02 9.976639e-01 2.661961e+01 3.858149e-02 9.969714e-01 -6.752461e-02 -1.401182e+00 -9.991711e-01 3.936779e-02 1.035251e-02 5.688025e+01
1.721197e-02 6.792343e-02 9.975421e-01 2.736249e+01 3.475859e-02 9.970462e-01 -6.848940e-02 -1.445957e+00 -9.992475e-01 3.585199e-02 1.480021e-02 5.689821e+01
2.079126e-02 6.766714e-02 9.974913e-01 2.809752e+01 3.409320e-02 9.970787e-01 -6.834978e-02 -1.490675e+00 -9.992024e-01 3.542875e-02 1.842353e-02 5.692142e+01
2.431251e-02 6.436031e-02 9.976305e-01 2.883644e+01 3.809135e-02 9.971412e-01 -6.525703e-02 -1.539454e+00 -9.989784e-01 3.958765e-02 2.179143e-02 5.693861e+01
2.837066e-02 6.499173e-02 9.974824e-01 2.955536e+01 4.301656e-02 9.968803e-01 -6.617599e-02 -1.581280e+00 -9.986715e-01 4.478572e-02 2.548644e-02 5.694245e+01
3.127162e-02 6.585675e-02 9.973390e-01 3.031681e+01 4.582534e-02 9.966832e-01 -6.725031e-02 -1.630409e+00 -9.984599e-01 4.780643e-02 2.814999e-02 5.698075e+01
3.379725e-02 6.609380e-02 9.972408e-01 3.104201e+01 4.670630e-02 9.966162e-01 -6.763532e-02 -1.666141e+00 -9.983367e-01 4.886332e-02 3.059589e-02 5.702057e+01
3.695755e-02 6.445041e-02 9.972363e-01 3.177695e+01 4.781741e-02 9.966609e-01 -6.618534e-02 -1.714228e+00 -9.981722e-01 5.013131e-02 3.375230e-02 5.706060e+01
4.058038e-02 6.326744e-02 9.971712e-01 3.252772e+01 4.983508e-02 9.966230e-01 -6.526072e-02 -1.770601e+00 -9.979327e-01 5.234241e-02 3.729041e-02 5.709263e+01
4.333371e-02 6.382778e-02 9.970196e-01 3.326813e+01 4.828784e-02 9.966570e-01 -6.590331e-02 -1.813065e+00 -9.978930e-01 5.099976e-02 4.010674e-02 5.712890e+01
4.656617e-02 6.567857e-02 9.967537e-01 3.401376e+01 4.552784e-02 9.966596e-01 -6.779934e-02 -1.854639e+00 -9.978771e-01 4.853719e-02 4.342042e-02 5.716702e+01
4.905680e-02 6.612390e-02 9.966047e-01 3.474828e+01 4.745028e-02 9.965252e-01 -6.845430e-02 -1.891217e+00 -9.976682e-01 5.064733e-02 4.574874e-02 5.721244e+01
5.133372e-02 6.602041e-02 9.964969e-01 3.549527e+01 4.512209e-02 9.966402e-01 -6.835434e-02 -1.938389e+00 -9.976617e-01 4.847291e-02 4.818227e-02 5.726259e+01
5.323844e-02 6.633354e-02 9.963762e-01 3.625671e+01 4.343157e-02 9.966933e-01 -6.867529e-02 -1.986482e+00 -9.976369e-01 4.693035e-02 5.018143e-02 5.732418e+01
5.591042e-02 6.702073e-02 9.961838e-01 3.700310e+01 3.988069e-02 9.967984e-01 -6.930036e-02 -2.032772e+00 -9.976390e-01 4.360311e-02 5.305859e-02 5.738003e+01
5.901349e-02 6.910838e-02 9.958622e-01 3.776312e+01 3.863582e-02 9.966952e-01 -7.145570e-02 -2.082369e+00 -9.975092e-01 4.269281e-02 5.614840e-02 5.743461e+01
6.215605e-02 7.275584e-02 9.954111e-01 3.851185e+01 3.726826e-02 9.964747e-01 -7.516071e-02 -2.133916e+00 -9.973704e-01 4.176893e-02 5.922545e-02 5.748503e+01
6.582789e-02 7.458128e-02 9.950399e-01 3.927460e+01 3.782610e-02 9.962995e-01 -7.717812e-02 -2.188720e+00 -9.971138e-01 4.271895e-02 6.276318e-02 5.753517e+01
6.841142e-02 7.710905e-02 9.946728e-01 4.005596e+01 3.170684e-02 9.963369e-01 -7.941879e-02 -2.239052e+00 -9.971532e-01 3.697108e-02 6.571594e-02 5.761280e+01
7.186038e-02 7.645465e-02 9.944801e-01 4.079309e+01 2.809617e-02 9.965070e-01 -7.864068e-02 -2.289536e+00 -9.970189e-01 3.359224e-02 6.946129e-02 5.764745e+01
7.448808e-02 7.602593e-02 9.943197e-01 4.166575e+01 2.900584e-02 9.965026e-01 -7.836577e-02 -2.355337e+00 -9.967999e-01 3.467839e-02 7.202237e-02 5.763350e+01
7.821490e-02 7.726064e-02 9.939383e-01 4.243612e+01 2.789900e-02 9.964324e-01 -7.964993e-02 -2.412109e+00 -9.965461e-01 3.395969e-02 7.578037e-02 5.770018e+01
8.201577e-02 7.819382e-02 9.935588e-01 4.321658e+01 2.429922e-02 9.964642e-01 -8.042831e-02 -2.469025e+00 -9.963348e-01 3.073909e-02 7.982573e-02 5.777534e+01
8.642615e-02 7.634418e-02 9.933288e-01 4.400412e+01 2.312367e-02 9.966372e-01 -7.861037e-02 -2.523206e+00 -9.959899e-01 2.976340e-02 8.437017e-02 5.784408e+01
9.131943e-02 7.617512e-02 9.929039e-01 4.479788e+01 2.359981e-02 9.966244e-01 -7.863109e-02 -2.585212e+00 -9.955420e-01 3.061289e-02 8.921345e-02 5.792094e+01
9.651103e-02 7.994747e-02 9.921159e-01 4.557534e+01 1.991201e-02 9.964144e-01 -8.223086e-02 -2.645070e+00 -9.951327e-01 2.769121e-02 9.457306e-02 5.800384e+01
1.020651e-01 8.851776e-02 9.908316e-01 4.635688e+01 1.759651e-02 9.957167e-01 -9.076678e-02 -2.706738e+00 -9.946221e-01 2.669930e-02 1.000704e-01 5.810709e+01
1.093407e-01 9.323446e-02 9.896221e-01 4.709587e+01 1.601748e-02 9.952968e-01 -9.553881e-02 -2.769021e+00 -9.938753e-01 2.629753e-02 1.073330e-01 5.818399e+01
1.168585e-01 9.609453e-02 9.884887e-01 4.787485e+01 1.148814e-02 9.951106e-01 -9.809639e-02 -2.842360e+00 -9.930821e-01 2.281930e-02 1.151832e-01 5.827995e+01
1.235385e-01 9.448691e-02 9.878312e-01 4.868748e+01 7.428041e-03 9.953406e-01 -9.613416e-02 -2.919965e+00 -9.923120e-01 1.921392e-02 1.222611e-01 5.840504e+01
1.313635e-01 9.340608e-02 9.869240e-01 4.949209e+01 7.866346e-03 9.954216e-01 -9.525737e-02 -2.975386e+00 -9.913031e-01 2.027683e-02 1.300273e-01 5.851466e+01
1.388945e-01 8.964160e-02 9.862417e-01 5.030589e+01 7.228734e-03 9.957764e-01 -9.152627e-02 -3.053733e+00 -9.902808e-01 1.984177e-02 1.376599e-01 5.863430e+01
1.462802e-01 8.383836e-02 9.856842e-01 5.111841e+01 6.149995e-03 9.963059e-01 -8.565449e-02 -3.121734e+00 -9.892241e-01 1.859150e-02 1.452242e-01 5.876468e+01
1.537097e-01 7.664014e-02 9.851394e-01 5.191700e+01 3.758038e-03 9.969350e-01 -7.814416e-02 -3.184753e+00 -9.881089e-01 1.571371e-02 1.529506e-01 5.889027e+01
1.613003e-01 7.364492e-02 9.841537e-01 5.271277e+01 3.371143e-03 9.971650e-01 -7.517108e-02 -3.256685e+00 -9.868996e-01 1.544284e-02 1.605948e-01 5.902499e+01
1.684148e-01 7.540647e-02 9.828277e-01 5.350466e+01 3.171311e-03 9.970230e-01 -7.703902e-02 -3.321514e+00 -9.857111e-01 1.609136e-02 1.676743e-01 5.916781e+01
1.740390e-01 8.221062e-02 9.813011e-01 5.429246e+01 3.846840e-03 9.964447e-01 -8.416157e-02 -3.376567e+00 -9.847313e-01 1.842231e-02 1.731040e-01 5.932021e+01
1.789024e-01 8.545186e-02 9.801489e-01 5.506497e+01 2.378330e-03 9.961807e-01 -8.728365e-02 -3.445087e+00 -9.838639e-01 1.794638e-02 1.780159e-01 5.947223e+01
1.839365e-01 8.836911e-02 9.789577e-01 5.581166e+01 3.869617e-04 9.959440e-01 -8.997514e-02 -3.516513e+00 -9.829381e-01 1.692853e-02 1.831563e-01 5.961560e+01
1.889541e-01 8.784452e-02 9.780489e-01 5.658789e+01 -1.621140e-03 9.960173e-01 -8.914518e-02 -3.584617e+00 -9.819846e-01 1.525880e-02 1.883440e-01 5.978168e+01
1.945303e-01 8.472049e-02 9.772310e-01 5.734407e+01 2.528660e-03 9.962165e-01 -8.686979e-02 -3.649698e+00 -9.808933e-01 1.936989e-02 1.935800e-01 5.992594e+01
1.995366e-01 7.773980e-02 9.768018e-01 5.809671e+01 3.442108e-03 9.967862e-01 -8.003343e-02 -3.714217e+00 -9.798843e-01 1.933185e-02 1.986277e-01 6.006214e+01
2.025812e-01 7.177762e-02 9.766314e-01 5.887007e+01 2.170467e-03 9.972748e-01 -7.374503e-02 -3.770463e+00 -9.792631e-01 1.705910e-02 2.018733e-01 6.023899e+01
2.077351e-01 6.583288e-02 9.759673e-01 5.958846e+01 -6.912093e-04 9.977424e-01 -6.715457e-02 -3.806394e+00 -9.781849e-01 1.327577e-02 2.073116e-01 6.033888e+01
2.109558e-01 6.584346e-02 9.752755e-01 6.031173e+01 -2.555898e-03 9.977625e-01 -6.680877e-02 -3.862290e+00 -9.774923e-01 1.160099e-02 2.106521e-01 6.049665e+01
2.132976e-01 6.813213e-02 9.746087e-01 6.102446e+01 -4.649118e-03 9.976249e-01 -6.872365e-02 -3.911151e+00 -9.769762e-01 1.012752e-02 2.131078e-01 6.065393e+01
2.148363e-01 7.210436e-02 9.739848e-01 6.170584e+01 -8.788923e-03 9.973733e-01 -7.189722e-02 -3.970665e+00 -9.766105e-01 6.885857e-03 2.149057e-01 6.081078e+01
2.167553e-01 7.653987e-02 9.732208e-01 6.239763e+01 -1.036656e-02 9.970459e-01 -7.610478e-02 -4.018491e+00 -9.761709e-01 6.407166e-03 2.169085e-01 6.097430e+01
2.186799e-01 8.208024e-02 9.723384e-01 6.308858e+01 -1.097820e-02 9.965999e-01 -8.165926e-02 -4.066114e+00 -9.757349e-01 7.182713e-03 2.188374e-01 6.113734e+01
2.206921e-01 8.385333e-02 9.717323e-01 6.375231e+01 -9.567390e-03 9.964356e-01 -8.381218e-02 -4.116628e+00 -9.752966e-01 9.199740e-03 2.207077e-01 6.128979e+01
2.222620e-01 8.404671e-02 9.713577e-01 6.442226e+01 -1.208868e-02 9.964386e-01 -8.345076e-02 -4.169704e+00 -9.749120e-01 6.805507e-03 2.224865e-01 6.145118e+01
2.229390e-01 8.099211e-02 9.714620e-01 6.507649e+01 -1.224434e-02 9.966967e-01 -8.028603e-02 -4.229400e+00 -9.747555e-01 6.003977e-03 2.231943e-01 6.160088e+01
2.234396e-01 7.856932e-02 9.715460e-01 6.573303e+01 -1.228269e-02 9.968938e-01 -7.779440e-02 -4.281416e+00 -9.746404e-01 5.449146e-03 2.237105e-01 6.175983e+01
2.233596e-01 7.737945e-02 9.716598e-01 6.637309e+01 -1.135566e-02 9.969829e-01 -7.678571e-02 -4.331619e+00 -9.746699e-01 6.116989e-03 2.235644e-01 6.190248e+01
2.220211e-01 7.652845e-02 9.720340e-01 6.702081e+01 -1.196479e-02 9.970539e-01 -7.576542e-02 -4.388333e+00 -9.749684e-01 5.191336e-03 2.222826e-01 6.205429e+01
2.202163e-01 7.717188e-02 9.723936e-01 6.764511e+01 -1.316745e-02 9.970099e-01 -7.614349e-02 -4.443116e+00 -9.753622e-01 3.964090e-03 2.205740e-01 6.220378e+01
2.182638e-01 8.020654e-02 9.725882e-01 6.824873e+01 -1.396394e-02 9.967715e-01 -7.906713e-02 -4.488301e+00 -9.757899e-01 3.676338e-03 2.186792e-01 6.233554e+01
2.161811e-01 8.422375e-02 9.727138e-01 6.884285e+01 -1.215256e-02 9.964273e-01 -8.357617e-02 -4.533413e+00 -9.762776e-01 6.246617e-03 2.164322e-01 6.245964e+01
2.148220e-01 8.449112e-02 9.729916e-01 6.943298e+01 -9.647175e-03 9.963859e-01 -8.439264e-02 -4.580770e+00 -9.766056e-01 8.742772e-03 2.148607e-01 6.258631e+01
2.125925e-01 8.333950e-02 9.735805e-01 7.002592e+01 -1.012563e-02 9.964907e-01 -8.308959e-02 -4.627358e+00 -9.770885e-01 7.806106e-03 2.126903e-01 6.271828e+01
2.102421e-01 8.039384e-02 9.743383e-01 7.058110e+01 -1.030718e-02 9.967401e-01 -8.001816e-02 -4.672966e+00 -9.775950e-01 6.780513e-03 2.103854e-01 6.283906e+01
2.079682e-01 7.655942e-02 9.751348e-01 7.115869e+01 -9.697969e-03 9.970445e-01 -7.621130e-02 -4.719246e+00 -9.780875e-01 6.392697e-03 2.080960e-01 6.297311e+01
2.058871e-01 7.531690e-02 9.756730e-01 7.171294e+01 -6.216179e-03 9.971143e-01 -7.566031e-02 -4.770291e+00 -9.785560e-01 9.512523e-03 2.057611e-01 6.308896e+01
2.042555e-01 7.677915e-02 9.759020e-01 7.224843e+01 -2.300152e-03 9.969543e-01 -7.795402e-02 -4.809446e+00 -9.789149e-01 1.367782e-02 2.038100e-01 6.319053e+01
2.015038e-01 7.798360e-02 9.763784e-01 7.280633e+01 2.624789e-03 9.967790e-01 -8.015470e-02 -4.841022e+00 -9.794842e-01 1.871427e-02 2.006501e-01 6.326415e+01
2.001783e-01 7.999932e-02 9.764879e-01 7.334230e+01 1.961197e-03 9.966262e-01 -8.205120e-02 -4.879270e+00 -9.797575e-01 1.833996e-02 1.993461e-01 6.336502e+01
1.991822e-01 8.270549e-02 9.764662e-01 7.387524e+01 1.386743e-03 9.964074e-01 -8.467736e-02 -4.921078e+00 -9.799615e-01 1.822033e-02 1.983520e-01 6.346463e+01
1.977960e-01 8.106802e-02 9.768852e-01 7.441824e+01 3.893929e-03 9.965015e-01 -8.348433e-02 -4.961045e+00 -9.802355e-01 2.031679e-02 1.967884e-01 6.357888e+01
1.985499e-01 7.939956e-02 9.768693e-01 7.498514e+01 9.808534e-03 9.965022e-01 -8.298890e-02 -5.001493e+00 -9.800417e-01 2.605910e-02 1.970766e-01 6.369258e+01
2.016144e-01 7.718220e-02 9.764193e-01 7.554004e+01 1.547454e-02 9.965150e-01 -8.196593e-02 -5.037891e+00 -9.793428e-01 3.163515e-02 1.997174e-01 6.377925e+01
2.034285e-01 7.687025e-02 9.760675e-01 7.609317e+01 1.810261e-02 9.964474e-01 -8.224815e-02 -5.081160e+00 -9.789224e-01 3.440099e-02 2.013143e-01 6.389648e+01
2.062779e-01 7.657651e-02 9.754924e-01 7.664337e+01 1.547340e-02 9.965531e-01 -8.150179e-02 -5.127550e+00 -9.783711e-01 3.190621e-02 2.043820e-01 6.403379e+01
2.119032e-01 7.683096e-02 9.742659e-01 7.719102e+01 1.436906e-02 9.965522e-01 -8.171374e-02 -5.174728e+00 -9.771850e-01 3.131469e-02 2.100686e-01 6.415792e+01
2.178549e-01 7.605485e-02 9.730133e-01 7.775260e+01 1.561133e-02 9.965600e-01 -8.139069e-02 -5.210839e+00 -9.758563e-01 3.292139e-02 2.159181e-01 6.429832e+01
2.257560e-01 7.645202e-02 9.711794e-01 7.831299e+01 1.365167e-02 9.965697e-01 -8.162417e-02 -5.247330e+00 -9.740882e-01 3.168537e-02 2.239379e-01 6.442668e+01
2.341124e-01 7.425763e-02 9.693695e-01 7.888679e+01 1.463075e-02 9.966968e-01 -7.988448e-02 -5.286070e+00 -9.720994e-01 3.288455e-02 2.322526e-01 6.457483e+01
2.430780e-01 7.393429e-02 9.671850e-01 7.946932e+01 1.145334e-02 9.968027e-01 -7.907686e-02 -5.333415e+00 -9.699391e-01 3.029935e-02 2.414540e-01 6.473905e+01
2.523976e-01 7.379935e-02 9.648052e-01 8.005148e+01 1.061949e-02 9.968160e-01 -7.902601e-02 -5.370318e+00 -9.675654e-01 3.019171e-02 2.508102e-01 6.490963e+01
2.619464e-01 7.780050e-02 9.619414e-01 8.062473e+01 4.824630e-03 9.966273e-01 -8.191964e-02 -5.416611e+00 -9.650704e-01 2.609957e-02 2.606876e-01 6.508068e+01
2.716385e-01 8.047362e-02 9.590290e-01 8.120846e+01 5.441145e-04 9.964849e-01 -8.377072e-02 -5.461985e+00 -9.623992e-01 2.327717e-02 2.706398e-01 6.524222e+01
2.824101e-01 8.324012e-02 9.556755e-01 8.181102e+01 -3.579438e-03 9.963127e-01 -8.572190e-02 -5.509635e+00 -9.592871e-01 2.078794e-02 2.816667e-01 6.543439e+01
2.927949e-01 8.458353e-02 9.524268e-01 8.241856e+01 -4.085569e-03 9.961813e-01 -8.721331e-02 -5.555577e+00 -9.561665e-01 2.164441e-02 2.920224e-01 6.563107e+01
3.025892e-01 8.551692e-02 9.492769e-01 8.303584e+01 -7.390681e-03 9.961473e-01 -8.738347e-02 -5.607681e+00 -9.530924e-01 1.942549e-02 3.020554e-01 6.584048e+01
3.131386e-01 8.593906e-02 9.458112e-01 8.366969e+01 -8.449810e-03 9.961101e-01 -8.771181e-02 -5.659277e+00 -9.496698e-01 1.947403e-02 3.126467e-01 6.605702e+01
3.230510e-01 8.726761e-02 9.423494e-01 8.430776e+01 -1.273375e-02 9.960501e-01 -8.787533e-02 -5.703818e+00 -9.462959e-01 1.638857e-02 3.228862e-01 6.629935e+01
3.332353e-01 8.237500e-02 9.392383e-01 8.494827e+01 -1.225200e-02 9.964703e-01 -8.304755e-02 -5.751502e+00 -9.427641e-01 1.616682e-02 3.330683e-01 6.654368e+01
3.437077e-01 7.521420e-02 9.360597e-01 8.561285e+01 -8.670797e-03 9.969990e-01 -7.692699e-02 -5.807894e+00 -9.390366e-01 1.832402e-02 3.433285e-01 6.680087e+01
3.545914e-01 7.091454e-02 9.323283e-01 8.626007e+01 -7.241700e-03 9.972982e-01 -7.310203e-02 -5.855755e+00 -9.349933e-01 1.916971e-02 3.541469e-01 6.705124e+01
3.643546e-01 6.809437e-02 9.287674e-01 8.691933e+01 -9.130144e-03 9.975364e-01 -6.955454e-02 -5.911571e+00 -9.312155e-01 1.686274e-02 3.640786e-01 6.733101e+01
3.737119e-01 6.571840e-02 9.252138e-01 8.759397e+01 -3.029258e-03 9.975680e-01 -6.963418e-02 -5.953933e+00 -9.275399e-01 2.322041e-02 3.730021e-01 6.760921e+01
3.815100e-01 6.034508e-02 9.223928e-01 8.825902e+01 2.932269e-03 9.977828e-01 -6.649008e-02 -5.998551e+00 -9.243600e-01 2.807134e-02 3.804872e-01 6.790354e+01
3.883589e-01 5.052999e-02 9.201218e-01 8.889304e+01 1.285097e-02 9.981014e-01 -6.023643e-02 -6.027530e+00 -9.214186e-01 3.521781e-02 3.869722e-01 6.817487e+01
3.951205e-01 4.608637e-02 9.174725e-01 8.959357e+01 1.818648e-02 9.981526e-01 -5.797130e-02 -6.068837e+00 -9.184493e-01 3.959124e-02 3.935524e-01 6.847773e+01
4.022434e-01 4.641401e-02 9.143555e-01 9.028835e+01 1.948266e-02 9.980540e-01 -5.923348e-02 -6.118267e+00 -9.153255e-01 4.164036e-02 4.005564e-01 6.878371e+01
4.094124e-01 5.259759e-02 9.108320e-01 9.097970e+01 2.108587e-02 9.975246e-01 -6.708175e-02 -6.170448e+00 -9.121057e-01 4.666979e-02 4.072899e-01 6.909666e+01
4.165925e-01 5.653078e-02 9.073340e-01 9.171512e+01 2.543299e-02 9.969493e-01 -7.379148e-02 -6.221621e+00 -9.087375e-01 5.381719e-02 4.138839e-01 6.944492e+01
4.216908e-01 5.880982e-02 9.048305e-01 9.242751e+01 2.291103e-02 9.968848e-01 -7.547048e-02 -6.279484e+00 -9.064502e-01 5.255581e-02 4.190298e-01 6.978769e+01
4.259239e-01 6.001251e-02 9.027665e-01 9.311013e+01 1.647695e-02 9.971178e-01 -7.405844e-02 -6.340171e+00 -9.046090e-01 4.641810e-02 4.237075e-01 7.013611e+01
4.300493e-01 6.460732e-02 9.004907e-01 9.378851e+01 8.145122e-03 9.971178e-01 -7.542989e-02 -6.402624e+00 -9.027687e-01 3.977318e-02 4.282836e-01 7.046494e+01
4.338011e-01 6.721198e-02 8.984982e-01 9.446626e+01 8.120338e-03 9.968817e-01 -7.849208e-02 -6.459329e+00 -9.009721e-01 4.134607e-02 4.319026e-01 7.080717e+01
4.382330e-01 7.099938e-02 8.960530e-01 9.512670e+01 4.999392e-03 9.966676e-01 -8.141671e-02 -6.522907e+00 -8.988475e-01 4.015921e-02 4.364177e-01 7.112936e+01
4.416620e-01 7.416766e-02 8.941106e-01 9.578170e+01 1.808424e-03 9.965016e-01 -8.355443e-02 -6.581445e+00 -8.971797e-01 3.851975e-02 4.399828e-01 7.146808e+01
4.455585e-01 7.243080e-02 8.923180e-01 9.643028e+01 8.997596e-04 9.966850e-01 -8.135170e-02 -6.641732e+00 -8.952523e-01 3.704982e-02 4.440164e-01 7.180043e+01
4.497326e-01 6.957601e-02 8.904492e-01 9.708121e+01 2.064189e-03 9.968777e-01 -7.893443e-02 -6.691518e+00 -8.931609e-01 3.733744e-02 4.481847e-01 7.213250e+01
4.529225e-01 6.710290e-02 8.890210e-01 9.770221e+01 1.332625e-03 9.971114e-01 -7.594044e-02 -6.744341e+00 -8.915489e-01 3.557986e-02 4.515248e-01 7.245139e+01
4.566700e-01 6.581840e-02 8.871981e-01 9.830459e+01 6.542695e-04 9.972343e-01 -7.431841e-02 -6.802571e+00 -8.896360e-01 3.451945e-02 4.553639e-01 7.276837e+01
4.600165e-01 6.784376e-02 8.853147e-01 9.891975e+01 -2.882535e-03 9.971855e-01 -7.491890e-02 -6.870677e+00 -8.879057e-01 3.191197e-02 4.589173e-01 7.309023e+01
4.623867e-01 6.885248e-02 8.840011e-01 9.952086e+01 -2.906973e-03 9.970928e-01 -7.614037e-02 -6.931659e+00 -8.866736e-01 3.263652e-02 4.612426e-01 7.342307e+01
4.646971e-01 6.675681e-02 8.829497e-01 1.001282e+02 -3.824142e-04 9.971691e-01 -7.519128e-02 -6.981786e+00 -8.854696e-01 3.460352e-02 4.634071e-01 7.374702e+01
4.664039e-01 6.556725e-02 8.821385e-01 1.007172e+02 1.310567e-03 9.971968e-01 -7.481218e-02 -7.036808e+00 -8.845709e-01 3.604880e-02 4.650106e-01 7.405818e+01
4.682342e-01 6.587488e-02 8.811454e-01 1.012895e+02 -1.717444e-03 9.972830e-01 -7.364476e-02 -7.102894e+00 -8.836027e-01 3.296967e-02 4.670751e-01 7.436293e+01
4.699903e-01 6.536163e-02 8.802482e-01 1.018611e+02 -6.940739e-04 9.972816e-01 -7.368121e-02 -7.155288e+00 -8.826713e-01 3.401849e-02 4.687580e-01 7.467476e+01
4.730180e-01 6.713195e-02 8.784915e-01 1.024190e+02 -1.430350e-03 9.971501e-01 -7.542936e-02 -7.202635e+00 -8.810516e-01 3.442290e-02 4.717660e-01 7.496452e+01
4.754646e-01 6.678455e-02 8.771963e-01 1.029900e+02 2.034273e-03 9.970282e-01 -7.701049e-02 -7.254166e+00 -8.797325e-01 3.840022e-02 4.739158e-01 7.529182e+01
4.783789e-01 6.645959e-02 8.756351e-01 1.035341e+02 2.717575e-03 9.970152e-01 -7.715686e-02 -7.309872e+00 -8.781493e-01 3.928982e-02 4.767704e-01 7.558809e+01
4.821672e-01 6.426900e-02 8.737187e-01 1.040559e+02 6.854828e-03 9.969983e-01 -7.712008e-02 -7.345356e+00 -8.760524e-01 4.317396e-02 4.802793e-01 7.585878e+01
4.854201e-01 6.343414e-02 8.719767e-01 1.045827e+02 8.255460e-03 9.969873e-01 -7.712407e-02 -7.392425e+00 -8.742420e-01 4.463615e-02 4.834341e-01 7.615782e+01
4.888023e-01 6.288488e-02 8.701252e-01 1.050872e+02 9.044382e-03 9.969798e-01 -7.713357e-02 -7.439734e+00 -8.723477e-01 4.557281e-02 4.867572e-01 7.643148e+01
4.922531e-01 6.193252e-02 8.682461e-01 1.055961e+02 9.983154e-03 9.969984e-01 -7.677645e-02 -7.482468e+00 -8.703948e-01 4.646128e-02 4.901573e-01 7.672664e+01
