1.000000e+00 0.000000e+00 0.000000e+00 0.000000e+00 0.000000e+00 1.000000e+00 0.000000e+00 0.000000e+00 0.000000e+00 0.000000e+00 1.000000e+00 0.000000e+00
9.999986e-01 9.706416e-04 1.379474e-03 -7.428281e-03 -9.640016e-04 9.999880e-01 -4.805908e-03 -1.054111e-04 -1.384122e-03 4.804571e-03 9.999875e-01 9.643531e-01
9.999965e-01 -1.173781e-03 2.373868e-03 -1.565858e-02 1.186457e-03 9.999850e-01 -5.345586e-03 -7.968458e-03 -2.367558e-03 5.348383e-03 9.999829e-01 1.929634e+00
9.999931e-01 -2.696170e-03 2.539169e-03 -2.074760e-02 2.700736e-03 9.999948e-01 -1.796266e-03 7.148340e-03 -2.534313e-03 1.803111e-03 9.999952e-01 2.911407e+00
9.999847e-01 -5.347626e-03 1.421142e-03 -1.293699e-02 5.341850e-03 9.999776e-01 4.037397e-03 9.576940e-03 -1.442701e-03 -4.029744e-03 9.999908e-01 3.879850e+00
9.999592e-01 -9.028048e-03 -2.807121e-04 -6.194126e-03 9.029063e-03 9.999518e-01 3.853529e-03 1.418455e-02 2.459087e-04 -3.855907e-03 9.999925e-01 4.843183e+00
9.999307e-01 -1.171832e-02 -1.069449e-03 -1.288971e-02 1.171978e-02 9.999304e-01 1.367787e-03 1.044590e-02 1.053347e-03 -1.380226e-03 9.999985e-01 5.780671e+00
9.999207e-01 -1.240878e-02 -2.152351e-03 -1.281340e-02 1.240301e-02 9.999195e-01 -2.671763e-03 2.506401e-02 2.185331e-03 2.644856e-03 9.999941e-01 6.732424e+00
9.999218e-01 -1.226410e-02 -2.456313e-03 -4.028692e-02 1.225640e-02 9.999200e-01 -3.125322e-03 2.476892e-02 2.494446e-03 3.094972e-03 9.999921e-01 7.664788e+00
9.999244e-01 -1.180845e-02 -3.445857e-03 -5.185049e-02 1.180369e-02 9.999294e-01 -1.397820e-03 2.299179e-02 3.462119e-03 1.357040e-03 9.999931e-01 8.610394e+00
9.999236e-01 -1.166820e-02 -4.062793e-03 -6.204326e-02 1.167611e-02 9.999300e-01 1.927825e-03 1.263548e-02 4.040014e-03 -1.975116e-03 9.999899e-01 9.545020e+00
9.999148e-01 -1.231888e-02 -4.319023e-03 -9.357060e-02 1.233403e-02 9.999178e-01 3.497258e-03 1.351286e-02 4.275586e-03 -3.550231e-03 9.999846e-01 1.046804e+01
9.998930e-01 -1.355385e-02 -5.497341e-03 -8.739147e-02 1.357763e-02 9.998985e-01 4.311797e-03 1.602540e-02 5.438342e-03 -4.385977e-03 9.999756e-01 1.139068e+01
9.998859e-01 -1.372387e-02 -6.309574e-03 -9.946615e-02 1.374782e-02 9.998984e-01 3.766979e-03 2.638324e-02 6.257235e-03 -3.853292e-03 9.999730e-01 1.230995e+01
9.998784e-01 -1.376701e-02 -7.323739e-03 -1.005819e-01 1.378615e-02 9.999017e-01 2.569888e-03 2.444567e-02 7.287639e-03 -2.670541e-03 9.999699e-01 1.320029e+01
9.998668e-01 -1.396261e-02 -8.456128e-03 -1.151290e-01 1.397093e-02 9.999020e-01 9.249168e-04 1.745019e-02 8.442385e-03 -1.042934e-03 9.999638e-01 1.410051e+01
9.998389e-01 -1.536834e-02 -9.265196e-03 -1.435788e-01 1.536895e-02 9.998819e-01 -5.204209e-06 1.324425e-02 9.264180e-03 -1.371930e-04 9.999571e-01 1.500884e+01
9.998294e-01 -1.488459e-02 -1.094409e-02 -1.606992e-01 1.487207e-02 9.998887e-01 -1.224744e-03 1.899105e-02 1.096110e-02 1.061774e-03 9.999394e-01 1.591812e+01
9.998305e-01 -1.352923e-02 -1.249049e-02 -1.805599e-01 1.350324e-02 9.999065e-01 -2.162855e-03 1.695476e-02 1.251858e-02 1.993826e-03 9.999197e-01 1.682288e+01
9.998260e-01 -1.194396e-02 -1.433161e-02 -1.959860e-01 1.191198e-02 9.999264e-01 -2.314371e-03 1.769388e-02 1.435820e-02 2.143250e-03 9.998946e-01 1.772672e+01
9.997948e-01 -1.248212e-02 -1.595232e-02 -2.106346e-01 1.246282e-02 9.999215e-01 -1.308788e-03 1.286877e-02 1.596741e-02 1.109709e-03 9.998719e-01 1.863150e+01
9.997717e-01 -1.188355e-02 -1.775925e-02 -2.284494e-01 1.188408e-02 9.999294e-01 -7.569452e-05 1.560360e-02 1.775889e-02 -1.353750e-04 9.998423e-01 1.952049e+01
9.997524e-01 -1.175219e-02 -1.889394e-02 -2.547607e-01 1.177007e-02 9.999304e-01 8.352841e-04 1.187703e-02 1.888281e-02 -1.057460e-03 9.998211e-01 2.039850e+01
9.997014e-01 -1.170215e-02 -2.145375e-02 -2.122511e-01 1.172039e-02 9.999310e-01 7.246091e-04 2.325082e-02 2.144379e-02 -9.758390e-04 9.997696e-01 2.130870e+01
9.996620e-01 -1.174716e-02 -2.319231e-02 -2.351557e-01 1.175393e-02 9.999309e-01 1.555725e-04 2.713562e-02 2.318888e-02 -4.281206e-04 9.997310e-01 2.218402e+01
9.996417e-01 -1.170250e-02 -2.407210e-02 -2.629328e-01 1.172335e-02 9.999310e-01 7.253898e-04 2.380632e-02 2.406195e-02 -1.007336e-03 9.997100e-01 2.305730e+01
9.995957e-01 -1.221242e-02 -2.567710e-02 -2.823652e-01 1.228682e-02 9.999207e-01 2.742003e-03 2.549460e-02 2.564158e-02 -3.056384e-03 9.996665e-01 2.391353e+01
9.995545e-01 -1.367914e-02 -2.652773e-02 -3.076839e-01 1.382585e-02 9.998901e-01 5.354935e-03 2.940495e-02 2.645156e-02 -5.719318e-03 9.996337e-01 2.477372e+01
9.995522e-01 -1.317364e-02 -2.686654e-02 -3.427192e-01 1.336391e-02 9.998868e-01 6.914929e-03 3.116077e-02 2.677240e-02 -7.270874e-03 9.996151e-01 2.558758e+01
9.995546e-01 -1.240636e-02 -2.714349e-02 -3.803361e-01 1.257200e-02 9.999033e-01 5.940231e-03 3.214315e-02 2.706717e-02 -6.278832e-03 9.996139e-01 2.638254e+01
9.995419e-01 -1.105522e-02 -2.817279e-02 -4.052021e-01 1.114676e-02 9.999331e-01 3.094448e-03 3.939047e-02 2.813670e-02 -3.407066e-03 9.995983e-01 2.720727e+01
9.995269e-01 -1.032703e-02 -2.897200e-02 -4.380558e-01 1.036329e-02 9.999457e-01 1.101527e-03 4.899278e-02 2.895905e-02 -1.401251e-03 9.995796e-01 2.801035e+01
9.994907e-01 -9.631268e-03 -3.042182e-02 -4.555227e-01 9.651287e-03 9.999533e-01 5.112515e-04 5.595533e-02 3.041547e-02 -8.046008e-04 9.995370e-01 2.882970e+01
9.994519e-01 -1.013974e-02 -3.151351e-02 -4.913298e-01 1.014844e-02 9.999485e-01 1.162205e-04 4.991594e-02 3.151071e-02 -4.359699e-04 9.995033e-01 2.960439e+01
9.993837e-01 -1.078803e-02 -3.340396e-02 -5.192716e-01 1.077821e-02 9.999418e-01 -4.739950e-04 4.254126e-02 3.340713e-02 1.136680e-04 9.994418e-01 3.041104e+01
9.993212e-01 -1.108934e-02 -3.513209e-02 -5.560073e-01 1.107297e-02 9.999385e-01 -6.604092e-04 4.485371e-02 3.513725e-02 2.709443e-04 9.993824e-01 3.115066e+01
9.992442e-01 -1.044356e-02 -3.744387e-02 -5.782015e-01 1.046583e-02 9.999452e-01 3.987728e-04 4.862824e-02 3.743764e-02 -7.903526e-04 9.992986e-01 3.194166e+01
9.991460e-01 -1.089149e-02 -3.985738e-02 -6.077750e-01 1.100796e-02 9.999357e-01 2.703733e-03 4.796987e-02 3.982537e-02 -3.140172e-03 9.992017e-01 3.269454e+01
9.990594e-01 -1.011729e-02 -4.216652e-02 -6.379193e-01 1.030694e-02 9.999377e-01 4.282690e-03 4.732941e-02 4.212057e-02 -4.713269e-03 9.991014e-01 3.344477e+01
9.989689e-01 -9.011943e-03 -4.449614e-02 -6.706753e-01 9.225121e-03 9.999470e-01 4.587911e-03 4.637445e-02 4.445244e-02 -4.993663e-03 9.989990e-01 3.417644e+01
9.989179e-01 -6.164937e-03 -4.609809e-02 -7.188394e-01 6.338174e-03 9.999734e-01 3.612790e-03 5.104771e-02 4.607459e-02 -3.901058e-03 9.989304e-01 3.489352e+01
9.988913e-01 -5.277805e-03 -4.677937e-02 -7.549335e-01 5.415120e-03 9.999814e-01 2.809125e-03 6.186771e-02 4.676367e-02 -3.059327e-03 9.989013e-01 3.565482e+01
9.988093e-01 -4.891112e-03 -4.853840e-02 -7.898492e-01 5.088026e-03 9.999793e-01 3.934138e-03 6.616575e-02 4.851815e-02 -4.176418e-03 9.988136e-01 3.637141e+01
9.987590e-01 -3.345685e-03 -4.969246e-02 -8.307588e-01 3.640046e-03 9.999763e-01 5.834340e-03 7.033627e-02 4.967177e-02 -6.007982e-03 9.987475e-01 3.707573e+01
9.987575e-01 -7.888946e-04 -4.982739e-02 -8.719043e-01 1.104639e-03 9.999795e-01 6.309546e-03 7.141374e-02 4.982139e-02 -6.356747e-03 9.987379e-01 3.775591e+01
9.988229e-01 2.490572e-03 -4.844287e-02 -9.210587e-01 -2.291023e-03 9.999887e-01 4.174336e-03 7.218069e-02 4.845272e-02 -4.058439e-03 9.988172e-01 3.842791e+01
9.988843e-01 3.765842e-03 -4.707483e-02 -9.505841e-01 -3.716137e-03 9.999924e-01 1.143347e-03 7.139454e-02 4.707878e-02 -9.671348e-04 9.988907e-01 3.908925e+01
9.989646e-01 4.449107e-03 -4.527628e-02 -9.804949e-01 -4.493500e-03 9.999895e-01 -8.787696e-04 7.630382e-02 4.527189e-02 1.081309e-03 9.989741e-01 3.973064e+01
9.990948e-01 5.231428e-03 -4.221557e-02 -1.010983e+00 -5.236679e-03 9.999863e-01 -1.379249e-05 7.778901e-02 4.221492e-02 2.348494e-04 9.991086e-01 4.038226e+01
9.991831e-01 9.774569e-03 -3.921204e-02 -1.041031e+00 -9.673746e-03 9.999494e-01 2.760144e-03 7.532489e-02 3.923704e-02 -2.378562e-03 9.992271e-01 4.103917e+01
9.992560e-01 1.451990e-02 -3.573000e-02 -1.062563e+00 -1.430442e-02 9.998780e-01 6.279055e-03 7.186688e-02 3.581681e-02 -5.763286e-03 9.993417e-01 4.166191e+01
9.993096e-01 1.986477e-02 -3.139683e-02 -1.096219e+00 -1.962360e-02 9.997756e-01 7.970965e-03 5.337811e-02 3.154813e-02 -7.349342e-03 9.994752e-01 4.229926e+01
9.993702e-01 2.350181e-02 -2.658830e-02 -1.107786e+00 -2.329280e-02 9.996955e-01 8.143771e-03 5.797787e-02 2.677160e-02 -7.519325e-03 9.996133e-01 4.290296e+01
9.994076e-01 2.707961e-02 -2.123794e-02 -1.113956e+00 -2.687193e-02 9.995888e-01 1.000371e-02 6.632680e-02 2.150011e-02 -9.427083e-03 9.997244e-01 4.345403e+01
9.993874e-01 3.168066e-02 -1.487073e-02 -1.126705e+00 -3.151774e-02 9.994419e-01 1.106489e-02 6.924474e-02 1.521298e-02 -1.058942e-02 9.998282e-01 4.402875e+01
9.993708e-01 3.451247e-02 -8.178312e-03 -1.130060e+00 -3.442465e-02 9.993506e-01 1.064586e-02 7.449857e-02 8.540416e-03 -1.035762e-02 9.999099e-01 4.457874e+01
9.992788e-01 3.795882e-02 -9.599057e-04 -1.133336e+00 -3.794597e-02 9.992191e-01 1.101830e-02 6.931564e-02 1.377398e-03 -1.097393e-02 9.999388e-01 4.510891e+01
9.991013e-01 4.198479e-02 5.817464e-03 -1.113305e+00 -4.204393e-02 9.990612e-01 1.044610e-02 7.527440e-02 -5.373425e-03 -1.068130e-02 9.999285e-01 4.558530e+01
9.988309e-01 4.645937e-02 1.335190e-02 -1.117458e+00 -4.656772e-02 9.988837e-01 7.922111e-03 7.337299e-02 -1.296894e-02 -8.534618e-03 9.998795e-01 4.603448e+01
9.986151e-01 4.821836e-02 2.104576e-02 -1.100449e+00 -4.832562e-02 9.988210e-01 4.617730e-03 8.094052e-02 -2.079829e-02 -5.628384e-03 9.997678e-01 4.649522e+01
9.984183e-01 4.834291e-02 2.870408e-02 -1.087910e+00 -4.848258e-02 9.988152e-01 4.189389e-03 8.542471e-02 -2.846754e-02 -5.574410e-03 9.995792e-01 4.693922e+01
9.981985e-01 4.748501e-02 3.667272e-02 -1.064398e+00 -4.772768e-02 9.988437e-01 5.769895e-03 8.425233e-02 -3.635633e-02 -7.509804e-03 9.993107e-01 4.733629e+01
9.978039e-01 4.947756e-02 4.403709e-02 -1.031662e+00 -4.980767e-02 9.987381e-01 6.430134e-03 8.637352e-02 -4.366337e-02 -8.609397e-03 9.990092e-01 4.771764e+01
9.972603e-01 5.268413e-02 5.192633e-02 -9.877194e-01 -5.309300e-02 9.985682e-01 6.525493e-03 8.753664e-02 -5.150820e-02 -9.264540e-03 9.986296e-01 4.805705e+01
9.965124e-01 5.756003e-02 6.041364e-02 -9.605023e-01 -5.806768e-02 9.982903e-01 6.679763e-03 7.082859e-02 -5.992587e-02 -1.016455e-02 9.981511e-01 4.839237e+01
9.957767e-01 6.112525e-02 6.850176e-02 -9.116969e-01 -6.171256e-02 9.980729e-01 6.488542e-03 7.427730e-02 -6.797313e-02 -1.068856e-02 9.976299e-01 4.869077e+01
9.951110e-01 6.055268e-02 7.802189e-02 -8.907514e-01 -6.128960e-02 9.980949e-01 7.083133e-03 7.890688e-02 -7.744435e-02 -1.183044e-02 9.969265e-01 4.898439e+01
9.943032e-01 5.889518e-02 8.884021e-02 -8.577988e-01 -5.960205e-02 9.982080e-01 5.322666e-03 7.700694e-02 -8.836754e-02 -1.058740e-02 9.960316e-01 4.927593e+01
9.933046e-01 5.775557e-02 1.000514e-01 -8.129851e-01 -5.814145e-02 9.983079e-01 9.427763e-04 7.227707e-02 -9.982769e-02 -6.753600e-03 9.949818e-01 4.953992e+01
9.917868e-01 5.835427e-02 1.138139e-01 -7.835767e-01 -5.837927e-02 9.982896e-01 -3.116301e-03 7.383832e-02 -1.138011e-01 -3.553666e-03 9.934972e-01 4.978819e+01
9.898281e-01 6.005164e-02 1.289737e-01 -7.304496e-01 -5.989686e-02 9.981917e-01 -5.082059e-03 6.365544e-02 -1.290456e-01 -2.694754e-03 9.916350e-01 5.008134e+01
9.874345e-01 6.178201e-02 1.454511e-01 -6.966313e-01 -6.148611e-02 9.980866e-01 -6.533345e-03 7.127979e-02 -1.455765e-01 -2.491975e-03 9.893439e-01 5.030174e+01
9.847396e-01 6.225725e-02 1.625176e-01 -6.426159e-01 -6.181107e-02 9.980574e-01 -7.805249e-03 7.222505e-02 -1.626878e-01 -2.359248e-03 9.866748e-01 5.060051e+01
9.815984e-01 6.156710e-02 1.807594e-01 -5.904353e-01 -6.091519e-02 9.981009e-01 -9.160879e-03 7.308111e-02 -1.809801e-01 -2.018690e-03 9.834847e-01 5.085947e+01
9.778984e-01 6.044568e-02 2.001524e-01 -5.244782e-01 -5.973757e-02 9.981681e-01 -9.581120e-03 7.341632e-02 -2.003649e-01 -2.587254e-03 9.797179e-01 5.111373e+01
9.735385e-01 6.072367e-02 2.203075e-01 -4.528961e-01 -5.982216e-02 9.981509e-01 -1.076774e-02 6.834211e-02 -2.205540e-01 -2.696461e-03 9.753711e-01 5.135942e+01
9.683504e-01 6.293827e-02 2.415291e-01 -3.822963e-01 -6.165043e-02 9.980145e-01 -1.289322e-02 6.653195e-02 -2.418610e-01 -2.405217e-03 9.703079e-01 5.160905e+01
9.622672e-01 6.439183e-02 2.643778e-01 -2.973251e-01 -6.269691e-02 9.979221e-01 -1.485316e-02 5.949112e-02 -2.647849e-01 -2.282962e-03 9.643048e-01 5.187657e+01
9.552574e-01 6.549365e-02 2.884335e-01 -1.983306e-01 -6.360637e-02 9.978480e-01 -1.592136e-02 5.290979e-02 -2.888555e-01 -3.137216e-03 9.573675e-01 5.210783e+01
9.468687e-01 6.840940e-02 3.142606e-01 -1.018916e-01 -6.653390e-02 9.976444e-01 -1.670390e-02 4.495094e-02 -3.146631e-01 -5.092584e-03 9.491898e-01 5.236631e+01
9.371879e-01 7.063859e-02 3.415977e-01 6.683280e-03 -6.866013e-02 9.974796e-01 -1.789566e-02 4.305638e-02 -3.420009e-01 -6.682547e-03 9.396759e-01 5.261567e+01
9.261935e-01 7.166192e-02 3.701758e-01 1.327605e-01 -6.958671e-02 9.973954e-01 -1.897613e-02 2.168531e-02 -3.705715e-01 -8.183747e-03 9.287679e-01 5.289159e+01
9.138513e-01 6.928299e-02 4.000946e-01 2.688062e-01 -6.649429e-02 9.975686e-01 -2.086665e-02 1.227831e-02 -4.005675e-01 -7.534989e-03 9.162363e-01 5.311622e+01
8.992583e-01 6.656890e-02 4.323229e-01 4.308210e-01 -6.269151e-02 9.977625e-01 -2.323285e-02 -1.113065e-02 -4.329022e-01 -6.210640e-03 9.014195e-01 5.337090e+01
8.819600e-01 6.613252e-02 4.666615e-01 5.830698e-01 -6.032671e-02 9.978029e-01 -2.738916e-02 -1.985504e-02 -4.674475e-01 -3.996008e-03 8.840118e-01 5.362168e+01
8.628875e-01 6.765925e-02 5.008466e-01 7.446327e-01 -5.952474e-02 9.977065e-01 -3.222728e-02 -2.986939e-02 -5.018784e-01 -2.004247e-03 8.649359e-01 5.381546e+01
8.414297e-01 6.973182e-02 5.358484e-01 9.402482e-01 -5.908077e-02 9.975656e-01 -3.704359e-02 -2.141727e-02 -5.371271e-01 -4.887583e-04 8.435012e-01 5.405880e+01
8.173689e-01 7.328598e-02 5.714344e-01 1.205691e+00 -6.054843e-02 9.973106e-01 -4.129693e-02 -2.276344e-02 -5.729241e-01 -8.446337e-04 8.196080e-01 5.428456e+01
7.901313e-01 7.752546e-02 6.080151e-01 1.413608e+00 -6.368064e-02 9.969836e-01 -4.436659e-02 -3.157228e-02 -6.096206e-01 -3.663362e-03 7.926849e-01 5.452124e+01
7.604049e-01 8.184733e-02 6.442712e-01 1.642041e+00 -6.732352e-02 9.966165e-01 -4.714980e-02 -4.517354e-02 -6.459504e-01 -7.521665e-03 7.633423e-01 5.475837e+01
7.275412e-01 8.291011e-02 6.810358e-01 1.898951e+00 -6.701166e-02 9.965122e-01 -4.972893e-02 -6.153807e-02 -6.827834e-01 -9.457486e-03 7.305596e-01 5.499628e+01
6.910625e-01 8.072761e-02 7.182727e-01 2.176342e+00 -6.383710e-02 9.966767e-01 -5.059904e-02 -8.072152e-02 -7.199705e-01 -1.088535e-02 6.939193e-01 5.522350e+01
6.521893e-01 7.885937e-02 7.539432e-01 2.485358e+00 -6.051067e-02 9.968164e-01 -5.191889e-02 -1.046651e-01 -7.556372e-01 -1.176067e-02 6.548848e-01 5.545555e+01
6.103292e-01 7.805474e-02 7.882929e-01 2.822683e+00 -5.818891e-02 9.968627e-01 -5.365451e-02 -1.265917e-01 -7.900078e-01 -1.312299e-02 6.129563e-01 5.566984e+01
5.643623e-01 7.750257e-02 8.218811e-01 3.183935e+00 -5.433749e-02 9.969118e-01 -5.669578e-02 -1.503490e-01 -8.237370e-01 -1.266199e-02 5.668308e-01 5.588987e+01
5.163117e-01 7.639623e-02 8.529865e-01 3.573495e+00 -5.121725e-02 9.969849e-01 -5.829145e-02 -1.734746e-01 -8.548679e-01 -1.359106e-02 5.186678e-01 5.609370e+01
4.681656e-01 7.439144e-02 8.805038e-01 3.978896e+00 -4.927628e-02 9.970973e-01 -5.804182e-02 -1.976573e-01 -8.822657e-01 -1.621477e-02 4.704724e-01 5.627099e+01
4.189685e-01 7.225453e-02 9.051214e-01 4.423169e+00 -4.870764e-02 9.971820e-01 -5.705749e-02 -2.173828e-01 -9.066934e-01 -2.018103e-02 4.213072e-01 5.644275e+01
3.690709e-01 7.217515e-02 9.265945e-01 4.880257e+00 -5.159876e-02 9.970337e-01 -5.710961e-02 -2.340512e-01 -9.279678e-01 -2.673363e-02 3.717003e-01 5.660466e+01
3.202018e-01 7.292743e-02 9.445382e-01 5.336646e+00 -4.932038e-02 9.969638e-01 -6.025540e-02 -2.472282e-01 -9.460647e-01 -2.729109e-02 3.228264e-01 5.672860e+01
2.733376e-01 6.938688e-02 9.594123e-01 5.816461e+00 -3.800480e-02 9.973952e-01 -6.130628e-02 -2.796076e-01 -9.611671e-01 -1.970496e-02 2.752627e-01 5.682320e+01
2.295219e-01 6.326257e-02 9.712453e-01 6.324739e+00 -2.481499e-02 9.979414e-01 -5.913721e-02 -3.104073e-01 -9.729871e-01 -1.052816e-02 2.306193e-01 5.690049e+01
1.874493e-01 6.216906e-02 9.803050e-01 6.836995e+00 -1.610637e-02 9.980555e-01 -6.021499e-02 -3.369918e-01 -9.821422e-01 -4.501899e-03 1.880862e-01 5.695844e+01
1.492967e-01 6.391424e-02 9.867246e-01 7.353063e+00 -1.251725e-02 9.979509e-01 -6.274749e-02 -3.541368e-01 -9.887132e-01 -2.983087e-03 1.497908e-01 5.700792e+01
1.165084e-01 6.460100e-02 9.910865e-01 7.907462e+00 -3.796805e-03 9.979041e-01 -6.459905e-02 -3.849567e-01 -9.931824e-01 3.763369e-03 1.165095e-01 5.704997e+01
8.740230e-02 6.313602e-02 9.941704e-01 8.463294e+00 3.152654e-03 9.979670e-01 -6.365430e-02 -4.176776e-01 -9.961681e-01 8.697806e-03 8.702557e-02 5.707837e+01
6.248855e-02 6.131665e-02 9.961603e-01 9.028913e+00 1.054514e-02 9.980147e-01 -6.209229e-02 -4.479507e-01 -9.979900e-01 1.438470e-02 6.171790e-02 5.709594e+01
4.235598e-02 6.064152e-02 9.972605e-01 9.616965e+00 1.480670e-02 9.980085e-01 -6.131589e-02 -4.688788e-01 -9.989929e-01 1.736323e-02 4.137373e-02 5.711325e+01
2.647434e-02 6.266947e-02 9.976832e-01 1.021967e+01 1.754958e-02 9.978500e-01 -6.314564e-02 -4.872335e-01 -9.994954e-01 1.918066e-02 2.531760e-02 5.712098e+01
1.278841e-02 6.240871e-02 9.979687e-01 1.084063e+01 1.799946e-02 9.978743e-01 -6.263345e-02 -5.194883e-01 -9.997562e-01 1.876388e-02 1.163790e-02 5.712953e+01
1.316015e-03 6.306725e-02 9.980084e-01 1.148645e+01 1.883511e-02 9.978307e-01 -6.308085e-02 -5.635851e-01 -9.998217e-01 1.888061e-02 1.252819e-04 5.711878e+01
-7.717163e-03 6.617269e-02 9.977784e-01 1.210101e+01 2.386159e-02 9.975361e-01 -6.597207e-02 -5.915323e-01 -9.996855e-01 2.329946e-02 -9.277134e-03 5.710298e+01
-1.415316e-02 6.816836e-02 9.975734e-01 1.275174e+01 2.798786e-02 9.973094e-01 -6.775324e-02 -6.279007e-01 -9.995081e-01 2.696103e-02 -1.602297e-02 5.708627e+01
-1.868546e-02 6.770202e-02 9.975306e-01 1.339383e+01 2.840887e-02 9.973379e-01 -6.715679e-02 -6.537797e-01 -9.994217e-01 2.708386e-02 -2.055906e-02 5.707126e+01
-2.256390e-02 6.491017e-02 9.976360e-01 1.407393e+01 2.616209e-02 9.975866e-01 -6.431524e-02 -6.892959e-01 -9.994030e-01 2.464904e-02 -2.420763e-02 5.706758e+01
-2.487175e-02 5.792306e-02 9.980112e-01 1.477106e+01 2.395296e-02 9.980679e-01 -5.732942e-02 -7.319621e-01 -9.994037e-01 2.247944e-02 -2.621113e-02 5.704626e+01
-2.606217e-02 5.224713e-02 9.982941e-01 1.546052e+01 2.527481e-02 9.983485e-01 -5.159014e-02 -7.655499e-01 -9.993408e-01 2.388714e-02 -2.733966e-02 5.703178e+01
-2.666241e-02 4.977851e-02 9.984043e-01 1.611379e+01 2.825546e-02 9.983979e-01 -4.902362e-02 -7.934493e-01 -9.992451e-01 2.690329e-02 -2.802620e-02 5.700526e+01
-2.613750e-02 5.202239e-02 9.983038e-01 1.683291e+01 3.178006e-02 9.981835e-01 -5.118406e-02 -8.303542e-01 -9.991531e-01 3.038833e-02 -2.774330e-02 5.698117e+01
-2.581169e-02 5.950163e-02 9.978945e-01 1.764069e+01 3.302622e-02 9.977329e-01 -5.863773e-02 -8.799601e-01 -9.991211e-01 3.144315e-02 -2.771828e-02 5.692920e+01
-2.362957e-02 6.746574e-02 9.974417e-01 1.835612e+01 3.370282e-02 9.972069e-01 -6.665143e-02 -9.143321e-01 -9.991525e-01 3.204165e-02 -2.583736e-02 5.691252e+01
-2.175530e-02 6.840080e-02 9.974207e-01 1.908052e+01 3.433548e-02 9.971194e-01 -6.763123e-02 -9.461830e-01 -9.991735e-01 3.277558e-02 -2.404121e-02 5.690126e+01
-1.945486e-02 6.409487e-02 9.977542e-01 1.982886e+01 3.376108e-02 9.974160e-01 -6.341486e-02 -9.860712e-01 -9.992406e-01 3.245154e-02 -2.156850e-02 5.689156e+01
-1.689109e-02 5.777651e-02 9.981866e-01 2.059952e+01 3.322616e-02 9.978101e-01 -5.719247e-02 -1.028760e+00 -9.993051e-01 3.219987e-02 -1.877379e-02 5.687646e+01
-1.374223e-02 5.558288e-02 9.983595e-01 2.133881e+01 3.124361e-02 9.979901e-01 -5.513225e-02 -1.077642e+00 -9.994173e-01 3.043471e-02 -1.545122e-02 5.686782e+01
-1.023161e-02 6.163445e-02 9.980463e-01 2.209526e+01 3.956999e-02 9.973418e-01 -6.118528e-02 -1.100842e+00 -9.991644e-01 3.886665e-02 -1.264328e-02 5.685341e+01
-6.719339e-03 6.728215e-02 9.977114e-01 2.283691e+01 4.192897e-02 9.968754e-01 -6.694339e-02 -1.138831e+00 -9.990980e-01 4.138320e-02 -9.519415e-03 5.683261e+01
-4.318770e-03 6.805704e-02 9.976721e-01 2.357573e+01 3.608280e-02 9.970423e-01 -6.785788e-02 -1.177398e+00 -9.993395e-01 3.570573e-02 -6.761684e-03 5.684808e+01
-1.121046e-03 6.463744e-02 9.979082e-01 2.430801e+01 3.138497e-02 9.974195e-01 -6.457053e-02 -1.222417e+00 -9.995068e-01 3.124693e-02 -3.146798e-03 5.686241e+01
3.361636e-03 6.062368e-02 9.981551e-01 2.505500e+01 3.485883e-02 9.975469e-01 -6.070414e-02 -1.280550e+00 -9.993866e-01 3.499858e-02 1.240119e-03 5.686556e+01
6.981470e-03 6.216348e-02 9.980416e-01 2.578015e+01 4.037069e-02 9.972347e-01 -6.239562e-02 -1.310484e+00 -9.991604e-01 4.072724e-02 4.452582e-03 5.686303e+01
9.413170e-03 6.646290e-02 9.977445e-01 2.652798e+01 3.991989e-02 9.969683e-01 -6.678781e-02 -1.362354e+00 -9.991586e-01 4.045854e-02 6.731440e-03 5.688552e+01
1.313513e-02 6.736670e-02 9.976418e-01 2.726849e+01 3.593651e-02 9.970515e-01 -6.779999e-02 -1.402031e+00 -9.992678e-01 3.674232e-02 1.067547e-02 5.690734e+01
1.669604e-02 6.707434e-02 9.976083e-01 2.802462e+01 3.532698e-02 9.970848e-01 -6.763038e-02 -1.449921e+00 -9.992363e-01 3.637165e-02 1.427783e-02 5.692847e+01
2.049997e-02 6.400002e-02 9.977393e-01 2.877518e+01 3.951455e-02 9.971175e-01 -6.477201e-02 -1.493819e+00 -9.990087e-01 4.075304e-02 1.791195e-02 5.693825e+01
2.427663e-02 6.447259e-02 9.976242e-01 2.951970e+01 4.397845e-02 9.968833e-01 -6.549490e-02 -1.543076e+00 -9.987375e-01 4.546396e-02 2.136556e-02 5.694609e+01
2.801224e-02 6.550711e-02 9.974588e-01 3.027031e+01 4.708643e-02 9.966563e-01 -6.677677e-02 -1.582986e+00 -9.984980e-01 4.883734e-02 2.483408e-02 5.696091e+01
3.049037e-02 6.556432e-02 9.973824e-01 3.102445e+01 4.762198e-02 9.966179e-01 -6.696989e-02 -1.622172e+00 -9.984000e-01 4.953927e-02 2.726495e-02 5.699102e+01
3.360579e-02 6.434492e-02 9.973617e-01 3.176903e+01 4.879483e-02 9.966297e-01 -6.594182e-02 -1.663004e+00 -9.982433e-01 5.088212e-02 3.035283e-02 5.702714e+01
3.706938e-02 6.317939e-02 9.973135e-01 3.251374e+01 5.101992e-02 9.965782e-01 -6.502918e-02 -1.718171e+00 -9.980094e-01 5.329344e-02 3.371913e-02 5.705711e+01
3.986712e-02 6.369399e-02 9.971728e-01 3.326866e+01 4.920444e-02 9.966304e-01 -6.562653e-02 -1.761515e+00 -9.979928e-01 5.168167e-02 3.659875e-02 5.709217e+01
4.289237e-02 6.543912e-02 9.969343e-01 3.401370e+01 4.641097e-02 9.966449e-01 -6.741692e-02 -1.804584e+00 -9.980012e-01 4.916036e-02 3.971137e-02 5.713269e+01
4.543684e-02 6.584899e-02 9.967946e-01 3.477224e+01 4.816504e-02 9.965202e-01 -6.802637e-02 -1.843839e+00 -9.978054e-01 5.110155e-02 4.210711e-02 5.717550e+01
4.790736e-02 6.539798e-02 9.967086e-01 3.553461e+01 4.600811e-02 9.966508e-01 -6.760558e-02 -1.894658e+00 -9.977916e-01 4.909548e-02 4.473807e-02 5.721911e+01
4.979461e-02 6.609542e-02 9.965701e-01 3.630628e+01 4.415860e-02 9.966864e-01 -6.830957e-02 -1.937023e+00 -9.977828e-01 4.740859e-02 4.671093e-02 5.727336e+01
5.238655e-02 6.635680e-02 9.964198e-01 3.705872e+01 4.109513e-02 9.968014e-01 -6.854278e-02 -1.989079e+00 -9.977810e-01 4.453872e-02 4.949204e-02 5.733260e+01
5.523698e-02 6.841184e-02 9.961268e-01 3.782052e+01 3.973487e-02 9.967090e-01 -7.065520e-02 -2.039731e+00 -9.976823e-01 4.348375e-02 5.233686e-02 5.738827e+01
5.856002e-02 7.184513e-02 9.956952e-01 3.858261e+01 3.869571e-02 9.964939e-01 -7.417858e-02 -2.092029e+00 -9.975336e-01 4.287304e-02 5.557461e-02 5.743827e+01
6.199339e-02 7.390884e-02 9.953363e-01 3.934889e+01 3.906225e-02 9.963107e-01 -7.641415e-02 -2.143392e+00 -9.973119e-01 4.361724e-02 5.887763e-02 5.748956e+01
6.466491e-02 7.608798e-02 9.950020e-01 4.012745e+01 3.272853e-02 9.963908e-01 -7.832120e-02 -2.199948e+00 -9.973702e-01 3.762959e-02 6.194127e-02 5.756004e+01
6.732599e-02 7.559125e-02 9.948634e-01 4.090229e+01 2.858075e-02 9.965705e-01 -7.765512e-02 -2.252385e+00 -9.973216e-01 3.366216e-02 6.493464e-02 5.762713e+01
7.048448e-02 7.490570e-02 9.946965e-01 4.163971e+01 2.848157e-02 9.966189e-01 -7.706868e-02 -2.330629e+00 -9.971062e-01 3.376266e-02 6.811273e-02 5.761144e+01
7.442679e-02 7.623295e-02 9.943084e-01 4.242352e+01 2.773648e-02 9.965298e-01 -7.847942e-02 -2.385954e+00 -9.968407e-01 3.341958e-02 7.205408e-02 5.767405e+01
7.826205e-02 7.728567e-02 9.939326e-01 4.320135e+01 2.385489e-02 9.965599e-01 -7.936829e-02 -2.440127e+00 -9.966474e-01 2.992168e-02 7.614917e-02 5.774164e+01
8.234738e-02 7.525503e-02 9.937583e-01 4.398951e+01 2.253585e-02 9.967493e-01 -7.734896e-02 -2.497866e+00 -9.963489e-01 2.876467e-02 8.038376e-02 5.781195e+01
8.735711e-02 7.512644e-02 9.933402e-01 4.478631e+01 2.294798e-02 9.967359e-01 -7.740136e-02 -2.558134e+00 -9.959127e-01 2.955671e-02 8.534797e-02 5.788209e+01
9.217653e-02 7.865584e-02 9.926312e-01 4.556308e+01 1.936175e-02 9.965452e-01 -8.076393e-02 -2.619117e+00 -9.955544e-01 2.666361e-02 9.033517e-02 5.796861e+01
9.810650e-02 8.720998e-02 9.913473e-01 4.633675e+01 1.721523e-02 9.958551e-01 -8.931019e-02 -2.677066e+00 -9.950270e-01 2.582819e-02 9.619852e-02 5.805782e+01
1.053425e-01 9.240149e-02 9.901338e-01 4.708793e+01 1.574875e-02 9.953938e-01 -9.456792e-02 -2.730191e+00 -9.943113e-01 2.555539e-02 1.034021e-01 5.814045e+01
1.125354e-01 9.506048e-02 9.890901e-01 4.787315e+01 1.136585e-02 9.952250e-01 -9.694326e-02 -2.806010e+00 -9.935827e-01 2.215140e-02 1.109175e-01 5.824077e+01
1.192114e-01 9.339708e-02 9.884663e-01 4.868865e+01 7.285392e-03 9.954567e-01 -9.493621e-02 -2.882789e+00 -9.928421e-01 1.851885e-02 1.179894e-01 5.836215e+01
1.268972e-01 9.190473e-02 9.876490e-01 4.946941e+01 7.680953e-03 9.955775e-01 -9.362938e-02 -2.942055e+00 -9.918861e-01 1.946739e-02 1.256300e-01 5.846060e+01
1.345599e-01 8.832978e-02 9.869607e-01 5.028760e+01 7.326654e-03 9.959031e-01 -9.012900e-02 -3.013799e+00 -9.908784e-01 1.935887e-02 1.333614e-01 5.857936e+01
1.419434e-01 8.287948e-02 9.863991e-01 5.108743e+01 6.607377e-03 9.963872e-01 -8.466951e-02 -3.069180e+00 -9.898527e-01 1.853579e-02 1.408830e-01 5.870171e+01
1.494749e-01 7.531055e-02 9.858933e-01 5.188546e+01 4.322207e-03 9.970359e-01 -7.681701e-02 -3.135686e+00 -9.887561e-01 1.574345e-02 1.487063e-01 5.881937e+01
1.572862e-01 7.221805e-02 9.849089e-01 5.268414e+01 4.093478e-03 9.972663e-01 -7.377787e-02 -3.207363e+00 -9.875446e-01 1.563594e-02 1.565606e-01 5.894719e+01
1.645103e-01 7.402257e-02 9.835939e-01 5.348008e+01 4.187155e-03 9.971188e-01 -7.574073e-02 -3.268147e+00 -9.863665e-01 1.657859e-02 1.637263e-01 5.908626e+01
1.701230e-01 8.050051e-02 9.821292e-01 5.425681e+01 5.235169e-03 9.965698e-01 -8.259097e-02 -3.322999e+00 -9.854089e-01 1.919224e-02 1.691180e-01 5.922959e+01
1.752230e-01 8.374032e-02 9.809610e-01 5.502903e+01 4.054057e-03 9.963064e-01 -8.577444e-02 -3.386732e+00 -9.845204e-01 1.900653e-02 1.742363e-01 5.937404e+01
1.803340e-01 8.674703e-02 9.797727e-01 5.578667e+01 2.103398e-03 9.960671e-01 -8.857685e-02 -3.457436e+00 -9.836032e-01 1.803427e-02 1.794423e-01 5.951997e+01
1.852287e-01 8.642409e-02 9.788877e-01 5.655859e+01 -3.782730e-04 9.961314e-01 -8.787493e-02 -3.524994e+00 -9.826953e-01 1.590667e-02 1.845449e-01 5.968053e+01
1.908843e-01 8.340799e-02 9.780625e-01 5.731510e+01 3.819095e-03 9.963129e-01 -8.570971e-02 -3.587049e+00 -9.816051e-01 2.009595e-02 1.898619e-01 5.982147e+01
1.956471e-01 7.623324e-02 9.777068e-01 5.807317e+01 4.799290e-03 9.968876e-01 -7.868917e-02 -3.654193e+00 -9.806626e-01 2.008760e-02 1.946723e-01 5.996785e+01
1.987959e-01 7.028704e-02 9.775172e-01 5.884116e+01 3.077645e-03 9.973752e-01 -7.234080e-02 -3.713747e+00 -9.800361e-01 1.738951e-02 1.980578e-01 6.013528e+01
2.035258e-01 6.503052e-02 9.769075e-01 5.954830e+01 4.430411e-05 9.977911e-01 -6.642993e-02 -3.760556e+00 -9.790696e-01 1.356349e-02 2.030734e-01 6.028173e+01
2.066027e-01 6.516314e-02 9.762526e-01 6.027542e+01 -1.825033e-03 9.978037e-01 -6.621541e-02 -3.812719e+00 -9.784232e-01 1.189859e-02 2.062679e-01 6.044095e+01
2.089362e-01 6.748762e-02 9.755978e-01 6.099516e+01 -3.869547e-03 9.976652e-01 -6.818543e-02 -3.859738e+00 -9.779216e-01 1.047128e-02 2.087095e-01 6.059714e+01
2.102566e-01 7.170165e-02 9.750134e-01 6.168601e+01 -7.563150e-03 9.973963e-01 -7.171672e-02 -3.910801e+00 -9.776170e-01 7.704740e-03 2.102514e-01 6.076396e+01
2.125817e-01 7.578422e-02 9.742001e-01 6.236928e+01 -8.964236e-03 9.970972e-01 -7.560932e-02 -3.962097e+00 -9.771022e-01 7.340196e-03 2.126439e-01 6.091285e+01
2.143523e-01 8.144203e-02 9.733552e-01 6.305900e+01 -9.999012e-03 9.966486e-01 -8.118904e-02 -4.010676e+00 -9.767053e-01 7.670470e-03 2.144483e-01 6.107177e+01
2.163690e-01 8.349894e-02 9.727345e-01 6.372782e+01 -8.773210e-03 9.964621e-01 -8.358425e-02 -4.056345e+00 -9.762722e-01 9.551038e-03 2.163361e-01 6.122352e+01
2.181458e-01 8.341472e-02 9.723448e-01 6.439370e+01 -1.077449e-02 9.964856e-01 -8.306843e-02 -4.107621e+00 -9.758567e-01 7.644515e-03 2.182779e-01 6.137620e+01
2.187724e-01 8.030403e-02 9.724659e-01 6.504476e+01 -1.132067e-02 9.967496e-01 -7.976255e-02 -4.171768e+00 -9.757103e-01 6.440879e-03 2.189704e-01 6.152083e+01
2.193635e-01 7.796424e-02 9.725232e-01 6.570135e+01 -1.125431e-02 9.969379e-01 -7.738296e-02 -4.221603e+00 -9.755783e-01 6.029916e-03 2.195692e-01 6.167516e+01
2.192538e-01 7.681827e-02 9.726390e-01 6.633322e+01 -1.043642e-02 9.970233e-01 -7.639153e-02 -4.271007e+00 -9.756120e-01 6.598265e-03 2.194029e-01 6.180872e+01
2.181549e-01 7.591186e-02 9.729573e-01 6.697918e+01 -1.119536e-02 9.970992e-01 -7.528526e-02 -4.329759e+00 -9.758499e-01 5.531236e-03 2.183719e-01 6.194859e+01
2.162498e-01 7.664788e-02 9.733248e-01 6.760685e+01 -1.238670e-02 9.970489e-01 -7.576407e-02 -4.382914e+00 -9.762595e-01 4.327682e-03 2.165610e-01 6.209938e+01
2.144019e-01 7.953101e-02 9.735023e-01 6.821020e+01 -1.306937e-02 9.968239e-01 -7.855792e-02 -4.428353e+00 -9.766581e-01 4.119907e-03 2.147603e-01 6.222632e+01
2.124030e-01 8.364215e-02 9.735959e-01 6.880308e+01 -1.140005e-02 9.964743e-01 -8.312058e-02 -4.472918e+00 -9.771156e-01 6.556020e-03 2.126077e-01 6.234538e+01
2.108012e-01 8.401870e-02 9.739115e-01 6.939851e+01 -9.039276e-03 9.964244e-01 -8.400433e-02 -4.519579e+00 -9.774871e-01 8.904760e-03 2.108070e-01 6.247627e+01
2.085249e-01 8.288337e-02 9.744987e-01 6.999304e+01 -9.656196e-03 9.965284e-01 -8.269081e-02 -4.566803e+00 -9.779694e-01 7.833142e-03 2.086014e-01 6.260693e+01
2.062636e-01 7.989451e-02 9.752293e-01 7.055211e+01 -9.885550e-03 9.967803e-01 -7.956923e-02 -4.613631e+00 -9.784465e-01 6.771560e-03 2.063893e-01 6.272589e+01
2.039239e-01 7.593490e-02 9.760374e-01 7.112855e+01 -9.252400e-03 9.970922e-01 -7.563985e-02 -4.662086e+00 -9.789430e-01 6.394087e-03 2.040336e-01 6.285876e+01
2.018631e-01 7.466046e-02 9.765639e-01 7.168924e+01 -5.795268e-03 9.971639e-01 -7.503744e-02 -4.714248e+00 -9.793966e-01 9.487840e-03 2.017232e-01 6.297356e+01
2.001333e-01 7.607810e-02 9.768105e-01 7.222646e+01 -1.898074e-03 9.970090e-01 -7.726236e-02 -4.754496e+00 -9.797668e-01 1.360871e-02 1.996791e-01 6.307568e+01
1.978263e-01 7.771235e-02 9.771518e-01 7.279705e+01 2.986460e-03 9.968001e-01 -7.987958e-02 -4.780404e+00 -9.802325e-01 1.872051e-02 1.969612e-01 6.315963e+01
1.962339e-01 7.980956e-02 9.773038e-01 7.333523e+01 2.462319e-03 9.966389e-01 -8.188293e-02 -4.816953e+00 -9.805540e-01 1.847464e-02 1.953778e-01 6.326694e+01
1.952321e-01 8.248638e-02 9.772822e-01 7.386957e+01 1.909891e-03 9.964231e-01 -8.448348e-02 -4.859081e+00 -9.807552e-01 1.836039e-02 1.943762e-01 6.336530e+01
1.938850e-01 8.085392e-02 9.776867e-01 7.441240e+01 4.275331e-03 9.965187e-01 -8.325917e-02 -4.900207e+00 -9.810150e-01 2.032264e-02 1.928643e-01 6.347672e+01
1.945978e-01 7.921907e-02 9.776789e-01 7.497289e+01 1.023047e-02 9.965152e-01 -8.278161e-02 -4.939440e+00 -9.808298e-01 2.611124e-02 1.931093e-01 6.358522e+01
1.976037e-01 7.698907e-02 9.772540e-01 7.553582e+01 1.591117e-02 9.965279e-01 -8.172477e-02 -4.977614e+00 -9.801528e-01 3.169836e-02 1.956926e-01 6.367439e+01
1.994500e-01 7.668731e-02 9.769026e-01 7.608960e+01 1.842490e-02 9.964633e-01 -8.198457e-02 -5.021500e+00 -9.797348e-01 3.435116e-02 1.973317e-01 6.378862e+01
2.022482e-01 7.639899e-02 9.763498e-01 7.664111e+01 1.587219e-02 9.965658e-01 -8.126877e-02 -5.066757e+00 -9.792057e-01 3.193327e-02 2.003410e-01 6.392446e+01
2.077727e-01 7.664976e-02 9.751694e-01 7.718806e+01 1.482455e-02 9.965639e-01 -8.148996e-02 -5.113240e+00 -9.780648e-01 3.138784e-02 2.059225e-01 6.404836e+01
2.138859e-01 7.581601e-02 9.739121e-01 7.775102e+01 1.617704e-02 9.965720e-01 -8.113274e-02 -5.149334e+00 -9.767247e-01 3.310816e-02 2.119262e-01 6.418443e+01
2.217414e-01 7.614509e-02 9.721279e-01 7.830972e+01 1.419904e-02 9.965885e-01 -8.129984e-02 -5.186175e+00 -9.750021e-01 3.183083e-02 2.199038e-01 6.430967e+01
2.301449e-01 7.397415e-02 9.703407e-01 7.888658e+01 1.526102e-02 9.967098e-01 -7.960399e-02 -5.223970e+00 -9.730367e-01 3.312884e-02 2.282588e-01 6.445686e+01
2.390915e-01 7.364938e-02 9.681999e-01 7.947011e+01 1.201755e-02 9.968185e-01 -7.879402e-02 -5.271781e+00 -9.709226e-01 3.047438e-02 2.374458e-01 6.461952e+01
2.483868e-01 7.350335e-02 9.658682e-01 8.005084e+01 1.120979e-02 9.968320e-01 -7.874247e-02 -5.308259e+00 -9.685961e-01 3.038576e-02 2.467759e-01 6.478630e+01
2.578921e-01 7.758632e-02 9.630535e-01 8.062392e+01 5.314300e-03 9.966415e-01 -8.171536e-02 -5.354116e+00 -9.661591e-01 2.619170e-02 2.566137e-01 6.495526e+01
2.677053e-01 8.022847e-02 9.601548e-01 8.121007e+01 9.962653e-04 9.965037e-01 -8.354347e-02 -5.399952e+00 -9.635003e-01 2.332160e-02 2.666894e-01 6.511382e+01
2.784461e-01 8.299777e-02 9.568590e-01 8.181036e+01 -3.192205e-03 9.963337e-01 -8.549286e-02 -5.447742e+00 -9.604465e-01 2.075067e-02 2.776902e-01 6.530063e+01
2.887945e-01 8.447794e-02 9.536567e-01 8.241937e+01 -3.746550e-03 9.961916e-01 -8.711124e-02 -5.492450e+00 -9.573838e-01 2.158433e-02 2.880112e-01 6.549661e+01
2.986266e-01 8.539242e-02 9.505421e-01 8.303782e+01 -7.062939e-03 9.961595e-01 -8.727156e-02 -5.544696e+00 -9.543439e-01 1.934799e-02 2.980829e-01 6.570319e+01
3.091567e-01 8.583643e-02 9.471295e-01 8.367556e+01 -8.067031e-03 9.961193e-01 -8.764309e-02 -5.595534e+00 -9.509769e-01 1.945492e-02 3.086493e-01 6.592070e+01
3.191279e-01 8.714171e-02 9.436968e-01 8.431441e+01 -1.243616e-02 9.960630e-01 -8.777174e-02 -5.641072e+00 -9.476300e-01 1.627445e-02 3.189552e-01 6.615907e+01
3.292970e-01 8.228585e-02 9.406341e-01 8.495665e+01 -1.198767e-02 9.964796e-01 -8.297452e-02 -5.688627e+00 -9.441503e-01 1.604725e-02 3.291241e-01 6.640159e+01
3.398392e-01 7.514613e-02 9.374766e-01 8.562180e+01 -8.437446e-03 9.970062e-01 -7.685929e-02 -5.744937e+00 -9.404457e-01 1.820990e-02 3.394559e-01 6.665355e+01
3.507976e-01 7.086213e-02 9.337664e-01 8.627044e+01 -7.028484e-03 9.973040e-01 -7.304344e-02 -5.792595e+00 -9.364249e-01 1.906050e-02 3.503499e-01 6.689930e+01
3.605101e-01 6.803668e-02 9.302707e-01 8.692997e+01 -8.910735e-03 9.975419e-01 -6.950346e-02 -5.848120e+00 -9.327127e-01 1.676730e-02 3.602302e-01 6.717741e+01
3.699690e-01 6.563379e-02 9.267228e-01 8.760696e+01 -2.861328e-03 9.975772e-01 -6.950963e-02 -5.892784e+00 -9.290397e-01 2.306475e-02 3.692604e-01 6.745106e+01
3.777894e-01 6.051083e-02 9.239121e-01 8.827298e+01 2.726574e-03 9.977851e-01 -6.646397e-02 -5.937660e+00 -9.258875e-01 2.762850e-02 3.767877e-01 6.773974e+01
3.842394e-01 5.015552e-02 9.218701e-01 8.890420e+01 1.385626e-02 9.980975e-01 -6.007812e-02 -5.958642e+00 -9.231295e-01 3.585806e-02 3.828135e-01 6.801894e+01
3.910503e-01 4.563649e-02 9.192371e-01 8.961156e+01 1.936644e-02 9.981408e-01 -5.779237e-02 -5.999742e+00 -9.201655e-01 4.040208e-02 3.894395e-01 6.832239e+01
3.981956e-01 4.588072e-02 9.161524e-01 9.031347e+01 2.084918e-02 9.980377e-01 -5.904339e-02 -6.048712e+00 -9.170635e-01 4.261184e-02 3.964576e-01 6.863084e+01
4.054532e-01 5.223075e-02 9.126224e-01 9.099431e+01 2.210105e-02 9.975143e-01 -6.690813e-02 -6.101888e+00 -9.138486e-01 4.729803e-02 4.032910e-01 6.892465e+01
4.125635e-01 5.621473e-02 9.091926e-01 9.173029e+01 2.660377e-02 9.969247e-01 -7.371111e-02 -6.149270e+00 -9.105403e-01 5.459847e-02 4.097993e-01 6.927365e+01
4.176371e-01 5.845105e-02 9.067319e-01 9.245017e+01 2.399920e-02 9.968709e-01 -7.531565e-02 -6.211126e+00 -9.082969e-01 5.321546e-02 4.149275e-01 6.961937e+01
4.218448e-01 5.976601e-02 9.046960e-01 9.313087e+01 1.747641e-02 9.971036e-01 -7.401960e-02 -6.269568e+00 -9.064996e-01 4.703562e-02 4.195785e-01 6.996301e+01
4.259955e-01 6.429824e-02 9.024376e-01 9.381121e+01 9.196173e-03 9.971121e-01 -7.538481e-02 -6.331934e+00 -9.046785e-01 4.041256e-02 4.241740e-01 7.028893e+01
4.296890e-01 6.703763e-02 9.004851e-01 9.448924e+01 9.027050e-03 9.968716e-01 -7.852072e-02 -6.388227e+00 -9.029319e-01 4.186821e-02 4.277396e-01 7.062818e+01
4.339737e-01 7.097308e-02 8.981256e-01 9.516163e+01 6.296613e-03 9.966289e-01 -8.179967e-02 -6.443531e+00 -9.009035e-01 4.115406e-02 4.320638e-01 7.096018e+01
4.373147e-01 7.429315e-02 8.962345e-01 9.580093e+01 2.514937e-03 9.964769e-01 -8.382988e-02 -6.502668e+00 -8.993050e-01 3.891402e-02 4.355872e-01 7.127821e+01
4.413628e-01 7.233803e-02 8.944082e-01 9.644646e+01 2.125799e-03 9.966583e-01 -8.165684e-02 -6.556576e+00 -8.973262e-01 3.794162e-02 4.397341e-01 7.159512e+01
4.453470e-01 6.979946e-02 8.926333e-01 9.711634e+01 2.592941e-03 9.968520e-01 -7.924251e-02 -6.615688e+00 -8.953543e-01 3.760495e-02 4.437641e-01 7.194741e+01
4.488488e-01 6.706309e-02 8.910877e-01 9.772006e+01 2.413724e-03 9.970853e-01 -7.625627e-02 -6.662766e+00 -8.936045e-01 3.637838e-02 4.473787e-01 7.223662e+01
4.523345e-01 6.646089e-02 8.893686e-01 9.837469e+01 3.246482e-04 9.972072e-01 -7.468458e-02 -6.735638e+00 -8.918483e-01 3.407115e-02 4.510496e-01 7.259641e+01
4.557482e-01 6.831409e-02 8.874834e-01 9.898479e+01 -3.041067e-03 9.971642e-01 -7.519510e-02 -6.803560e+00 -8.901036e-01 3.157113e-02 4.546635e-01 7.290611e+01
4.581830e-01 6.895741e-02 8.861790e-01 9.959268e+01 -2.113819e-03 9.970679e-01 -7.649323e-02 -6.853878e+00 -8.888554e-01 3.317467e-02 4.569853e-01 7.323908e+01
4.603328e-01 6.712878e-02 8.852047e-01 1.001776e+02 -6.218424e-04 9.971611e-01 -7.529553e-02 -6.910302e+00 -8.877462e-01 3.411055e-02 4.590677e-01 7.353984e+01
4.617067e-01 6.596947e-02 8.845761e-01 1.007581e+02 9.278735e-04 9.971942e-01 -7.485255e-02 -6.966956e+00 -8.870322e-01 3.538070e-02 4.603501e-01 7.386034e+01
4.640313e-01 6.592652e-02 8.833621e-01 1.013129e+02 -8.166002e-04 9.972581e-01 -7.399777e-02 -7.016167e+00 -8.858184e-01 3.361593e-02 4.628128e-01 7.413847e+01
4.659247e-01 6.539494e-02 8.824045e-01 1.018601e+02 7.381479e-05 9.972622e-01 -7.394601e-02 -7.069555e+00 -8.848244e-01 3.451841e-02 4.646443e-01 7.442744e+01
4.684099e-01 6.720230e-02 8.809518e-01 1.024288e+02 -8.717221e-04 9.971377e-01 -7.560189e-02 -7.122616e+00 -8.835108e-01 3.464473e-02 4.671278e-01 7.474326e+01
4.713415e-01 6.706075e-02 8.793976e-01 1.029687e+02 2.402571e-03 9.970037e-01 -7.731685e-02 -7.162349e+00 -8.819475e-01 3.855545e-02 4.697681e-01 7.503172e+01
4.746232e-01 6.650821e-02 8.776728e-01 1.034761e+02 3.934014e-03 9.969709e-01 -7.767579e-02 -7.212299e+00 -8.801803e-01 4.031951e-02 4.729238e-01 7.529114e+01
4.775127e-01 6.484527e-02 8.762287e-01 1.040146e+02 6.333004e-03 9.969929e-01 -7.723367e-02 -7.268682e+00 -8.786020e-01 4.242922e-02 4.756661e-01 7.559804e+01
4.809200e-01 6.380326e-02 8.744398e-01 1.045414e+02 7.597018e-03 9.970080e-01 -7.692457e-02 -7.318703e+00 -8.767316e-01 4.363770e-02 4.789964e-01 7.588792e+01
4.842317e-01 6.317937e-02 8.726557e-01 1.050613e+02 9.118161e-03 9.969709e-01 -7.723928e-02 -7.359636e+00 -8.748923e-01 4.535872e-02 4.821889e-01 7.617570e+01
4.877444e-01 6.223165e-02 8.707655e-01 1.055710e+02 9.846458e-03 9.970003e-01 -7.676869e-02 -7.407660e+00 -8.729309e-01 4.601746e-02 4.856686e-01 7.647134e+01
