1.000000e+00 0.000000e+00 0.000000e+00 0.000000e+00 0.000000e+00 1.000000e+00 0.000000e+00 0.000000e+00 0.000000e+00 0.000000e+00 1.000000e+00 0.000000e+00
9.999999e-01 -3.261562e-04 1.386130e-04 -1.141598e-02 3.259692e-04 9.999990e-01 1.347128e-03 -1.207391e-02 -1.390522e-04 -1.347083e-03 9.999991e-01 1.350062e+00
9.999993e-01 -1.033993e-03 -5.239474e-04 -1.078939e-02 1.034636e-03 9.999987e-01 1.228490e-03 -3.117447e-02 5.226765e-04 -1.229031e-03 9.999991e-01 2.713226e+00
9.999973e-01 -2.232171e-03 -6.394046e-04 -1.697798e-02 2.232319e-03 9.999975e-01 2.298807e-04 -5.042380e-02 6.388899e-04 -2.313075e-04 9.999998e-01 4.031167e+00
9.999965e-01 -2.597612e-03 -4.909394e-04 -2.484422e-02 2.597794e-03 9.999965e-01 3.711567e-04 -6.902895e-02 4.899735e-04 -3.724308e-04 9.999998e-01 5.325531e+00
9.999963e-01 -2.709397e-03 -9.171661e-05 -4.147285e-02 2.709502e-03 9.999956e-01 1.167259e-03 -8.795542e-02 8.855364e-05 -1.167504e-03 9.999993e-01 6.651374e+00
9.999909e-01 -4.241917e-03 3.104329e-04 -4.928279e-02 4.241142e-03 9.999880e-01 2.453480e-03 -1.119460e-01 -3.208367e-04 -2.452142e-03 9.999970e-01 8.009680e+00
9.999928e-01 -3.794078e-03 1.260619e-05 -5.809215e-02 3.794023e-03 9.999882e-01 3.028576e-03 -1.334856e-01 -2.409670e-05 -3.028507e-03 9.999954e-01 9.364304e+00
9.999965e-01 -2.618253e-03 -4.497987e-04 -7.514776e-02 2.618810e-03 9.999958e-01 1.241133e-03 -1.563972e-01 4.465472e-04 -1.242307e-03 9.999991e-01 1.066370e+01
9.999998e-01 9.152431e-05 -6.647662e-04 -7.516176e-02 -9.205695e-05 9.999997e-01 -8.012707e-04 -1.792591e-01 6.646927e-04 8.013317e-04 9.999995e-01 1.203768e+01
9.999933e-01 3.671360e-03 4.979976e-05 -9.798857e-02 -3.671263e-03 9.999916e-01 -1.828880e-03 -2.003109e-01 -5.651382e-05 1.828684e-03 9.999983e-01 1.339613e+01
9.999816e-01 6.059642e-03 -3.332511e-04 -9.782857e-02 -6.060317e-03 9.999795e-01 -2.062642e-03 -2.231286e-01 3.207453e-04 2.064624e-03 9.999978e-01 1.479439e+01
9.999741e-01 7.190519e-03 -5.446840e-06 -1.102243e-01 -7.190520e-03 9.999734e-01 -1.236409e-03 -2.462081e-01 -3.443725e-06 1.236416e-03 9.999992e-01 1.616304e+01
9.999890e-01 4.668607e-03 3.615622e-04 -1.129854e-01 -4.669208e-03 9.999877e-01 1.679215e-03 -2.730188e-01 -3.537181e-04 -1.680885e-03 9.999985e-01 1.752270e+01
9.999998e-01 6.966807e-04 8.413499e-05 -1.193742e-01 -6.969783e-04 9.999933e-01 3.590391e-03 -2.976650e-01 -8.163307e-05 -3.590449e-03 9.999936e-01 1.887994e+01
9.999993e-01 -1.139048e-03 -2.612844e-04 -1.176338e-01 1.139317e-03 9.999988e-01 1.030849e-03 -3.178732e-01 2.601099e-04 -1.031146e-03 9.999995e-01 2.025711e+01
9.999983e-01 -1.841414e-03 -1.372444e-04 -1.283010e-01 1.841304e-03 9.999980e-01 -7.974221e-04 -3.480204e-01 1.387125e-04 7.971680e-04 9.999997e-01 2.163678e+01
9.999994e-01 1.084821e-03 -1.333302e-04 -1.254327e-01 -1.085155e-03 9.999962e-01 -2.531575e-03 -3.792741e-01 1.305834e-04 2.531718e-03 9.999968e-01 2.302140e+01
9.999959e-01 2.609734e-03 1.119399e-03 -1.526333e-01 -2.609429e-03 9.999965e-01 -2.743432e-04 -3.943206e-01 -1.120111e-03 2.714210e-04 9.999993e-01 2.450463e+01
9.999918e-01 3.559019e-03 1.901823e-03 -1.704535e-01 -3.564707e-03 9.999892e-01 2.995681e-03 -4.115878e-01 -1.891141e-03 -3.002436e-03 9.999937e-01 2.587364e+01
9.999955e-01 8.647944e-04 2.887782e-03 -1.835268e-01 -8.798878e-04 9.999859e-01 5.229452e-03 -4.310477e-01 -2.883219e-03 -5.231970e-03 9.999822e-01 2.725311e+01
9.999931e-01 -2.724497e-03 2.521330e-03 -1.888052e-01 2.716820e-03 9.999917e-01 3.043182e-03 -4.454066e-01 -2.529600e-03 -3.036311e-03 9.999922e-01 2.867725e+01
9.999940e-01 -2.522749e-03 2.386174e-03 -1.919124e-01 2.521473e-03 9.999967e-01 5.374585e-04 -4.569620e-01 -2.387522e-03 -5.314386e-04 9.999970e-01 3.005094e+01
9.999921e-01 -2.722715e-03 2.885023e-03 -1.839286e-01 2.728574e-03 9.999942e-01 -2.028764e-03 -4.801099e-01 -2.879482e-03 2.036620e-03 9.999938e-01 3.144981e+01
9.999924e-01 1.132133e-03 3.724672e-03 -1.972628e-01 -1.122491e-03 9.999960e-01 -2.589813e-03 -5.170169e-01 -3.727590e-03 2.585612e-03 9.999897e-01 3.278117e+01
9.999889e-01 2.199207e-03 4.156959e-03 -2.003457e-01 -2.180693e-03 9.999877e-01 -4.453008e-03 -5.535346e-01 -4.166701e-03 4.443894e-03 9.999815e-01 3.417117e+01
9.999856e-01 3.342520e-03 4.207155e-03 -2.069596e-01 -3.327217e-03 9.999878e-01 -3.638965e-03 -5.866811e-01 -4.219267e-03 3.624914e-03 9.999845e-01 3.557742e+01
9.999889e-01 2.617914e-03 3.924345e-03 -1.987980e-01 -2.608960e-03 9.999940e-01 -2.285044e-03 -6.185539e-01 -3.930304e-03 2.274780e-03 9.999897e-01 3.697225e+01
9.999868e-01 3.682215e-03 3.597903e-03 -2.102915e-01 -3.679623e-03 9.999930e-01 -7.267777e-04 -6.461368e-01 -3.600554e-03 7.135291e-04 9.999933e-01 3.838207e+01
9.999706e-01 6.428674e-03 4.190810e-03 -2.253236e-01 -6.426597e-03 9.999792e-01 -5.087967e-04 -6.671939e-01 -4.193993e-03 4.818490e-04 9.999911e-01 3.978326e+01
9.999495e-01 8.930397e-03 4.615061e-03 -2.358242e-01 -8.926917e-03 9.999598e-01 -7.741483e-04 -6.887016e-01 -4.621789e-03 7.329109e-04 9.999890e-01 4.116998e+01
9.999287e-01 1.104159e-02 4.541719e-03 -2.498147e-01 -1.104031e-02 9.999390e-01 -3.060462e-04 -7.169023e-01 -4.544822e-03 2.558824e-04 9.999896e-01 4.258252e+01
9.999126e-01 1.238220e-02 4.639783e-03 -2.584372e-01 -1.238158e-02 9.999233e-01 -1.618855e-04 -7.390628e-01 -4.641432e-03 1.044235e-04 9.999892e-01 4.401418e+01
9.999274e-01 1.114956e-02 4.572854e-03 -2.743341e-01 -1.114840e-02 9.999378e-01 -2.782767e-04 -7.629433e-01 -4.575672e-03 2.272765e-04 9.999895e-01 4.540102e+01
9.999371e-01 1.051296e-02 3.919938e-03 -2.935850e-01 -1.051232e-02 9.999447e-01 -1.837782e-04 -8.021281e-01 -3.921653e-03 1.425590e-04 9.999923e-01 4.676540e+01
9.999383e-01 1.061776e-02 3.267289e-03 -3.208337e-01 -1.061665e-02 9.999436e-01 -3.571701e-04 -8.079534e-01 -3.270897e-03 3.224604e-04 9.999946e-01 4.809558e+01
9.999529e-01 9.343367e-03 2.634514e-03 -3.250112e-01 -9.345868e-03 9.999559e-01 9.385913e-04 -8.102109e-01 -2.625629e-03 -9.631689e-04 9.999961e-01 4.955468e+01
9.999561e-01 9.212811e-03 1.693273e-03 -3.405567e-01 -9.213861e-03 9.999574e-01 6.132370e-04 -8.263142e-01 -1.687551e-03 -6.288117e-04 9.999984e-01 5.097103e+01
9.999500e-01 9.981479e-03 6.212303e-04 -3.531542e-01 -9.981805e-03 9.999501e-01 5.245387e-04 -8.433506e-01 -6.159636e-04 -5.307135e-04 9.999996e-01 5.238294e+01
9.999554e-01 9.435102e-03 -5.564325e-04 -3.738972e-01 -9.434103e-03 9.999539e-01 1.771355e-03 -8.791221e-01 5.731198e-04 -1.766027e-03 9.999983e-01 5.385142e+01
9.999670e-01 8.017364e-03 -1.294231e-03 -3.781936e-01 -8.013867e-03 9.999643e-01 2.685396e-03 -8.998291e-01 1.315715e-03 -2.674935e-03 9.999955e-01 5.529286e+01
9.999788e-01 6.331092e-03 -1.519943e-03 -3.919480e-01 -6.326513e-03 9.999755e-01 2.999101e-03 -9.248517e-01 1.538893e-03 -2.989422e-03 9.999943e-01 5.672775e+01
9.999881e-01 4.656922e-03 -1.431065e-03 -4.198124e-01 -4.653662e-03 9.999866e-01 2.272811e-03 -9.430514e-01 1.441631e-03 -2.266124e-03 9.999964e-01 5.815345e+01
9.999926e-01 3.572302e-03 -1.422095e-03 -4.285750e-01 -3.568371e-03 9.999898e-01 2.757092e-03 -9.647107e-01 1.431930e-03 -2.751997e-03 9.999952e-01 5.959762e+01
9.999939e-01 3.474491e-03 -4.138431e-04 -4.603024e-01 -3.473050e-03 9.999881e-01 3.432011e-03 -9.920394e-01 4.257627e-04 -3.430552e-03 9.999940e-01 6.100861e+01
9.999973e-01 2.313546e-03 2.163372e-04 -4.628049e-01 -2.314465e-03 9.999878e-01 4.348607e-03 -1.019108e+00 -2.062738e-04 -4.349096e-03 9.999905e-01 6.241116e+01
9.999997e-01 3.243677e-04 7.014321e-04 -4.612037e-01 -3.272490e-04 9.999915e-01 4.111540e-03 -1.041531e+00 -7.000925e-04 -4.111768e-03 9.999913e-01 6.381867e+01
9.999976e-01 -1.575653e-03 1.530665e-03 -4.879337e-01 1.570780e-03 9.999937e-01 3.179597e-03 -1.060313e+00 -1.535665e-03 -3.177185e-03 9.999938e-01 6.528825e+01
9.999974e-01 -8.329002e-04 2.124411e-03 -4.954037e-01 8.265564e-04 9.999952e-01 2.985313e-03 -1.085733e+00 -2.126887e-03 -2.983549e-03 9.999933e-01 6.672704e+01
9.999930e-01 8.470772e-04 3.656591e-03 -5.305306e-01 -8.571710e-04 9.999958e-01 2.759765e-03 -1.111625e+00 -3.654238e-03 -2.762879e-03 9.999895e-01 6.814893e+01
9.999822e-01 4.161814e-03 4.283527e-03 -5.502006e-01 -4.178451e-03 9.999837e-01 3.882436e-03 -1.123651e+00 -4.267299e-03 -3.900265e-03 9.999833e-01 6.949880e+01
9.999570e-01 7.636626e-03 5.263829e-03 -6.030693e-01 -7.665982e-03 9.999551e-01 5.579636e-03 -1.168771e+00 -5.220983e-03 -5.619749e-03 9.999706e-01 7.091850e+01
9.999071e-01 1.217643e-02 6.115740e-03 -6.230797e-01 -1.221185e-02 9.999087e-01 5.789475e-03 -1.179198e+00 -6.044686e-03 -5.863622e-03 9.999645e-01 7.233597e+01
9.998468e-01 1.611836e-02 6.825775e-03 -6.343365e-01 -1.615547e-02 9.998548e-01 5.416375e-03 -1.194780e+00 -6.737481e-03 -5.525818e-03 9.999620e-01 7.371383e+01
9.997801e-01 1.949722e-02 7.719660e-03 -6.488025e-01 -1.953638e-02 9.997965e-01 5.029612e-03 -1.225646e+00 -7.620026e-03 -5.179320e-03 9.999576e-01 7.509357e+01
9.997305e-01 2.144225e-02 8.894336e-03 -6.538161e-01 -2.148654e-02 9.997571e-01 4.914703e-03 -1.249136e+00 -8.786794e-03 -5.104487e-03 9.999484e-01 7.647725e+01
9.997127e-01 2.204844e-02 9.401117e-03 -6.560050e-01 -2.209421e-02 9.997444e-01 4.792890e-03 -1.249608e+00 -9.293037e-03 -4.999223e-03 9.999443e-01 7.786801e+01
9.997413e-01 2.080791e-02 9.181051e-03 -6.481541e-01 -2.085421e-02 9.997702e-01 4.975889e-03 -1.285362e+00 -9.075402e-03 -5.166065e-03 9.999455e-01 7.928398e+01
9.997780e-01 1.878877e-02 9.533189e-03 -6.473085e-01 -1.883355e-02 9.998119e-01 4.629513e-03 -1.312314e+00 -9.444413e-03 -4.808029e-03 9.999439e-01 8.063146e+01
9.997829e-01 1.903782e-02 8.473649e-03 -6.340531e-01 -1.908282e-02 9.998041e-01 5.262214e-03 -1.383994e+00 -8.371807e-03 -5.422772e-03 9.999502e-01 8.202682e+01
9.997832e-01 1.890366e-02 8.728434e-03 -6.541836e-01 -1.895067e-02 9.998062e-01 5.334553e-03 -1.394956e+00 -8.625900e-03 -5.498806e-03 9.999477e-01 8.343406e+01
9.997915e-01 1.856202e-02 8.509493e-03 -6.699590e-01 -1.860631e-02 9.998136e-01 5.154837e-03 -1.422991e+00 -8.412223e-03 -5.312093e-03 9.999505e-01 8.484848e+01
9.997926e-01 1.829436e-02 8.952999e-03 -7.301472e-01 -1.834182e-02 9.998180e-01 5.247211e-03 -1.427290e+00 -8.855375e-03 -5.410336e-03 9.999462e-01 8.622973e+01
9.998155e-01 1.714586e-02 8.659397e-03 -7.592254e-01 -1.719941e-02 9.998332e-01 6.147813e-03 -1.434788e+00 -8.552544e-03 -6.295615e-03 9.999436e-01 8.762523e+01
9.998487e-01 1.573039e-02 7.430032e-03 -7.357990e-01 -1.578347e-02 9.998499e-01 7.140251e-03 -1.455170e+00 -7.316599e-03 -7.256442e-03 9.999469e-01 8.901944e+01
9.998870e-01 1.361110e-02 6.384739e-03 -7.403738e-01 -1.365898e-02 9.998785e-01 7.517092e-03 -1.472553e+00 -6.281646e-03 -7.603452e-03 9.999514e-01 9.038818e+01
9.999241e-01 1.107655e-02 5.394860e-03 -7.291200e-01 -1.111997e-02 9.999055e-01 8.087220e-03 -1.502350e+00 -5.304771e-03 -8.146597e-03 9.999527e-01 9.179873e+01
9.999461e-01 9.433067e-03 4.337631e-03 -7.263991e-01 -9.466631e-03 9.999249e-01 7.783598e-03 -1.524207e+00 -4.263882e-03 -7.824241e-03 9.999603e-01 9.320306e+01
9.999558e-01 8.480800e-03 4.051508e-03 -7.221630e-01 -8.510069e-03 9.999374e-01 7.262562e-03 -1.541624e+00 -3.989663e-03 -7.296721e-03 9.999654e-01 9.462237e+01
9.999506e-01 9.218242e-03 3.720171e-03 -7.177907e-01 -9.241368e-03 9.999378e-01 6.247632e-03 -1.547734e+00 -3.662347e-03 -6.281703e-03 9.999735e-01 9.603472e+01
9.999542e-01 8.945464e-03 3.415748e-03 -7.167695e-01 -8.964112e-03 9.999448e-01 5.483771e-03 -1.564101e+00 -3.366504e-03 -5.514138e-03 9.999791e-01 9.740081e+01
9.999454e-01 9.640926e-03 4.025732e-03 -7.424731e-01 -9.662593e-03 9.999387e-01 5.397752e-03 -1.604114e+00 -3.973446e-03 -5.436356e-03 9.999774e-01 9.875882e+01
9.999366e-01 9.470254e-03 6.086408e-03 -9.024064e-01 -9.508586e-03 9.999350e-01 6.300092e-03 -1.604558e+00 -6.026349e-03 -6.357566e-03 9.999616e-01 9.998699e+01
9.999264e-01 1.013717e-02 6.664217e-03 -9.132552e-01 -1.018961e-02 9.999170e-01 7.882213e-03 -1.627000e+00 -6.583761e-03 -7.949539e-03 9.999467e-01 1.013487e+02
9.999146e-01 1.110236e-02 6.887558e-03 -9.268991e-01 -1.116621e-02 9.998944e-01 9.302700e-03 -1.645208e+00 -6.783549e-03 -9.378814e-03 9.999330e-01 1.026814e+02
9.999164e-01 1.072754e-02 7.215529e-03 -9.343508e-01 -1.078354e-02 9.999117e-01 7.768212e-03 -1.661865e+00 -7.131558e-03 -7.845372e-03 9.999438e-01 1.040462e+02
9.999208e-01 1.028200e-02 7.263195e-03 -9.393530e-01 -1.032326e-02 9.999307e-01 5.665490e-03 -1.678283e+00 -7.204439e-03 -5.740021e-03 9.999576e-01 1.053893e+02
9.999238e-01 9.998348e-03 7.235209e-03 -9.471514e-01 -1.002874e-02 9.999410e-01 4.176499e-03 -1.688881e+00 -7.193024e-03 -4.248741e-03 9.999651e-01 1.067267e+02
9.999450e-01 7.577035e-03 7.244234e-03 -9.403716e-01 -7.617419e-03 9.999555e-01 5.563381e-03 -1.706495e+00 -7.201757e-03 -5.618257e-03 9.999583e-01 1.080758e+02
9.999566e-01 4.773410e-03 7.999882e-03 -9.447776e-01 -4.833479e-03 9.999601e-01 7.506258e-03 -1.720039e+00 -7.963733e-03 -7.544599e-03 9.999398e-01 1.094022e+02
9.999523e-01 3.899184e-03 8.960518e-03 -9.497938e-01 -3.969777e-03 9.999611e-01 7.874005e-03 -1.738890e+00 -8.929468e-03 -7.909201e-03 9.999288e-01 1.106814e+02
9.999441e-01 3.095223e-03 1.010936e-02 -9.522446e-01 -3.161280e-03 9.999737e-01 6.524821e-03 -1.755796e+00 -1.008890e-02 -6.556415e-03 9.999276e-01 1.120205e+02
9.999280e-01 5.714680e-03 1.055118e-02 -9.508048e-01 -5.756919e-03 9.999755e-01 3.977239e-03 -1.772975e+00 -1.052819e-02 -4.037695e-03 9.999364e-01 1.133205e+02
9.999021e-01 7.618307e-03 1.173766e-02 -9.471934e-01 -7.642383e-03 9.999688e-01 2.007753e-03 -1.794840e+00 -1.172200e-02 -2.097260e-03 9.999291e-01 1.146240e+02
9.998490e-01 1.100923e-02 1.344287e-02 -9.450611e-01 -1.104294e-02 9.999360e-01 2.435619e-03 -1.826854e+00 -1.341520e-02 -2.583700e-03 9.999067e-01 1.158609e+02
9.998049e-01 1.239110e-02 1.538728e-02 -9.457839e-01 -1.245655e-02 9.999138e-01 4.164999e-03 -1.841092e+00 -1.533435e-02 -4.355859e-03 9.998729e-01 1.172094e+02
9.997851e-01 1.287359e-02 1.624985e-02 -9.283037e-01 -1.297939e-02 9.998952e-01 6.421863e-03 -1.861362e+00 -1.616547e-02 -6.631396e-03 9.998474e-01 1.185701e+02
9.997815e-01 1.240487e-02 1.682708e-02 -9.043282e-01 -1.252177e-02 9.998981e-01 6.859384e-03 -1.881828e+00 -1.674028e-02 -7.068590e-03 9.998349e-01 1.199422e+02
9.997639e-01 1.238364e-02 1.785444e-02 -8.887509e-01 -1.250107e-02 9.999009e-01 6.480655e-03 -1.902758e+00 -1.777242e-02 -6.702324e-03 9.998196e-01 1.212584e+02
9.997065e-01 1.458885e-02 1.934218e-02 -8.906234e-01 -1.471463e-02 9.998714e-01 6.376543e-03 -1.936625e+00 -1.924666e-02 -6.659284e-03 9.997926e-01 1.225684e+02
9.996422e-01 1.691653e-02 2.071929e-02 -8.791208e-01 -1.704093e-02 9.998377e-01 5.842356e-03 -1.951417e+00 -2.061710e-02 -6.193342e-03 9.997683e-01 1.239372e+02
9.995942e-01 1.765925e-02 2.235366e-02 -8.778020e-01 -1.777328e-02 9.998299e-01 4.912379e-03 -1.971250e+00 -2.226311e-02 -5.307683e-03 9.997380e-01 1.252930e+02
9.995446e-01 1.925743e-02 2.323437e-02 -8.575045e-01 -1.935379e-02 9.998050e-01 3.929494e-03 -1.990085e+00 -2.315417e-02 -4.377378e-03 9.997223e-01 1.266474e+02
9.995450e-01 1.817855e-02 2.406992e-02 -8.428068e-01 -1.827878e-02 9.998251e-01 3.950789e-03 -2.008731e+00 -2.399389e-02 -4.388961e-03 9.997025e-01 1.280517e+02
9.994910e-01 1.678657e-02 2.712906e-02 -7.982101e-01 -1.694738e-02 9.998401e-01 5.708657e-03 -2.023329e+00 -2.702889e-02 -6.165517e-03 9.996156e-01 1.293051e+02
9.994900e-01 1.569119e-02 2.781160e-02 -7.689505e-01 -1.587468e-02 9.998536e-01 6.388956e-03 -2.034189e+00 -2.770727e-02 -6.827198e-03 9.995928e-01 1.306594e+02
9.995015e-01 1.454926e-02 2.801882e-02 -7.460966e-01 -1.475258e-02 9.998662e-01 7.063350e-03 -2.057334e+00 -2.791231e-02 -7.473179e-03 9.995825e-01 1.320281e+02
9.995229e-01 1.257106e-02 2.821195e-02 -7.311252e-01 -1.277435e-02 9.998937e-01 7.037341e-03 -2.066163e+00 -2.812049e-02 -7.394373e-03 9.995772e-01 1.333851e+02
9.995502e-01 1.106900e-02 2.787371e-02 -7.060383e-01 -1.129363e-02 9.999049e-01 7.914359e-03 -2.083341e+00 -2.778345e-02 -8.225594e-03 9.995801e-01 1.347139e+02
9.995708e-01 9.723284e-03 2.763199e-02 -6.874599e-01 -9.943342e-03 9.999198e-01 7.837657e-03 -2.104813e+00 -2.755356e-02 -8.109047e-03 9.995874e-01 1.360488e+02
9.996048e-01 8.714609e-03 2.672850e-02 -6.616562e-01 -8.923046e-03 9.999306e-01 7.688981e-03 -2.118576e+00 -2.665964e-02 -7.924441e-03 9.996132e-01 1.373931e+02
9.996473e-01 7.298197e-03 2.553323e-02 -6.316165e-01 -7.524283e-03 9.999332e-01 8.769739e-03 -2.138795e+00 -2.546752e-02 -8.958766e-03 9.996355e-01 1.387538e+02
9.996753e-01 5.181654e-03 2.494892e-02 -6.321676e-01 -5.417642e-03 9.999411e-01 9.400547e-03 -2.160993e+00 -2.489875e-02 -9.532659e-03 9.996445e-01 1.400313e+02
9.997076e-01 4.707277e-03 2.371972e-02 -6.079392e-01 -4.931629e-03 9.999436e-01 9.408833e-03 -2.176509e+00 -2.367409e-02 -9.523057e-03 9.996744e-01 1.413799e+02
9.997354e-01 4.641476e-03 2.253162e-02 -5.815236e-01 -4.840565e-03 9.999496e-01 8.789540e-03 -2.189417e+00 -2.248969e-02 -8.896280e-03 9.997075e-01 1.427377e+02
9.997669e-01 4.542309e-03 2.110618e-02 -5.482118e-01 -4.721525e-03 9.999532e-01 8.449055e-03 -2.199824e+00 -2.106681e-02 -8.546740e-03 9.997416e-01 1.441187e+02
9.997872e-01 2.111192e-03 2.051941e-02 -5.358940e-01 -2.236451e-03 9.999790e-01 6.083356e-03 -2.210126e+00 -2.050614e-02 -6.127952e-03 9.997709e-01 1.453766e+02
9.998043e-01 -3.089168e-03 1.954279e-02 -5.129520e-01 2.980693e-03 9.999800e-01 5.577316e-03 -2.224253e+00 -1.955963e-02 -5.517973e-03 9.997935e-01 1.467136e+02
9.997681e-01 -1.091789e-02 1.855950e-02 -4.854634e-01 1.076897e-02 9.999092e-01 8.105393e-03 -2.243129e+00 -1.864631e-02 -7.903647e-03 9.997949e-01 1.480227e+02
9.997012e-01 -1.788338e-02 1.666271e-02 -4.610432e-01 1.772474e-02 9.997966e-01 9.620109e-03 -2.258775e+00 -1.683136e-02 -9.321892e-03 9.998149e-01 1.493819e+02
9.996496e-01 -2.098386e-02 1.613277e-02 -4.629363e-01 2.088489e-02 9.997622e-01 6.278636e-03 -2.270537e+00 -1.626068e-02 -5.939505e-03 9.998502e-01 1.506983e+02
9.996642e-01 -2.003135e-02 1.643459e-02 -4.450287e-01 1.998320e-02 9.997956e-01 3.089101e-03 -2.285862e+00 -1.649311e-02 -2.759648e-03 9.998602e-01 1.520498e+02
9.997117e-01 -1.666581e-02 1.728546e-02 -4.174055e-01 1.665310e-02 9.998609e-01 8.793043e-04 -2.302739e+00 -1.729771e-02 -5.911944e-04 9.998502e-01 1.533916e+02
9.996938e-01 -1.676029e-02 1.820319e-02 -4.106037e-01 1.674986e-02 9.998595e-01 7.251681e-04 -2.323861e+00 -1.821278e-02 -4.200452e-04 9.998341e-01 1.547545e+02
9.996085e-01 -2.093041e-02 1.856846e-02 -3.998896e-01 2.084903e-02 9.997722e-01 4.565254e-03 -2.346719e+00 -1.865978e-02 -4.176332e-03 9.998172e-01 1.560698e+02
9.994479e-01 -2.615880e-02 2.048386e-02 -4.409781e-01 2.600986e-02 9.996335e-01 7.504389e-03 -2.367078e+00 -2.067265e-02 -6.967464e-03 9.997620e-01 1.572092e+02
9.993383e-01 -2.976933e-02 2.090104e-02 -3.500154e-01 2.956857e-02 9.995142e-01 9.849528e-03 -2.381088e+00 -2.118410e-02 -9.224997e-03 9.997330e-01 1.585612e+02
9.993008e-01 -3.108677e-02 2.077337e-02 -3.206952e-01 3.089169e-02 9.994762e-01 9.646601e-03 -2.387016e+00 -2.106237e-02 -8.998131e-03 9.997377e-01 1.599053e+02
9.993126e-01 -2.976819e-02 2.209203e-02 -3.266509e-01 2.954506e-02 9.995098e-01 1.035858e-02 -2.392376e+00 -2.238956e-02 -9.698751e-03 9.997023e-01 1.612325e+02
9.994062e-01 -2.494047e-02 2.377456e-02 -3.221427e-01 2.472569e-02 9.996511e-01 9.285496e-03 -2.394363e+00 -2.399786e-02 -8.692140e-03 9.996742e-01 1.624763e+02
9.994709e-01 -2.059652e-02 2.517263e-02 -3.093504e-01 2.042596e-02 9.997668e-01 7.013962e-03 -2.402377e+00 -2.531122e-02 -6.496076e-03 9.996585e-01 1.637968e+02
9.995053e-01 -1.776089e-02 2.595679e-02 -2.867087e-01 1.759440e-02 9.998232e-01 6.628567e-03 -2.423327e+00 -2.606994e-02 -6.168594e-03 9.996411e-01 1.651242e+02
9.995441e-01 -1.542057e-02 2.595530e-02 -2.599125e-01 1.522032e-02 9.998530e-01 7.895243e-03 -2.444674e+00 -2.607323e-02 -7.496596e-03 9.996319e-01 1.664797e+02
9.995671e-01 -1.352364e-02 2.612867e-02 -2.508465e-01 1.332806e-02 9.998819e-01 7.645137e-03 -2.466513e+00 -2.622897e-02 -7.293583e-03 9.996294e-01 1.678047e+02
9.996048e-01 -1.092418e-02 2.590201e-02 -2.284965e-01 1.079641e-02 9.999289e-01 5.067478e-03 -2.483503e+00 -2.595553e-02 -4.785826e-03 9.996517e-01 1.691819e+02
9.996527e-01 -6.866395e-03 2.544210e-02 -2.097654e-01 6.813166e-03 9.999744e-01 2.178286e-03 -2.499921e+00 -2.545640e-02 -2.004188e-03 9.996739e-01 1.705610e+02
9.996750e-01 -1.985304e-03 2.541495e-02 -1.936707e-01 1.954786e-03 9.999973e-01 1.225564e-03 -2.529705e+00 -2.541731e-02 -1.175485e-03 9.996762e-01 1.718977e+02
9.996506e-01 2.455324e-03 2.631896e-02 -1.984981e-01 -2.522771e-03 9.999936e-01 2.529761e-03 -2.554903e+00 -2.631258e-02 -2.595274e-03 9.996504e-01 1.731354e+02
9.996179e-01 5.383786e-03 2.710980e-02 -1.787889e-01 -5.508245e-03 9.999746e-01 4.518318e-03 -2.575302e+00 -2.708479e-02 -4.665919e-03 9.996222e-01 1.745210e+02
9.996224e-01 6.456294e-03 2.670785e-02 -1.413909e-01 -6.638424e-03 9.999553e-01 6.736293e-03 -2.591104e+00 -2.666317e-02 -6.911047e-03 9.996206e-01 1.759316e+02
9.996453e-01 3.953390e-03 2.633830e-02 -1.149965e-01 -4.151736e-03 9.999634e-01 7.480313e-03 -2.598901e+00 -2.630776e-02 -7.587009e-03 9.996251e-01 1.772849e+02
9.996890e-01 2.131914e-03 2.484505e-02 -9.932171e-02 -2.321600e-03 9.999683e-01 7.608374e-03 -2.609351e+00 -2.482805e-02 -7.663689e-03 9.996623e-01 1.786487e+02
9.997273e-01 2.011082e-03 2.326469e-02 -8.113025e-02 -2.094118e-03 9.999915e-01 3.545372e-03 -2.628651e+00 -2.325737e-02 -3.593124e-03 9.997231e-01 1.800366e+02
9.997535e-01 4.304517e-03 2.178030e-02 -6.470676e-02 -4.290549e-03 9.999906e-01 -6.879765e-04 -2.656588e+00 -2.178305e-02 5.943576e-04 9.997625e-01 1.814260e+02
9.997300e-01 9.799105e-03 2.106921e-02 -3.447437e-02 -9.774376e-03 9.999514e-01 -1.276365e-03 -2.696151e+00 -2.108069e-02 1.070082e-03 9.997772e-01 1.827818e+02
9.996839e-01 1.333102e-02 2.131599e-02 -5.556381e-02 -1.332878e-02 9.999111e-01 -2.473315e-04 -2.716789e+00 -2.131739e-02 -3.686278e-05 9.997728e-01 1.841561e+02
9.996578e-01 1.410992e-02 2.202838e-02 -3.897984e-02 -1.420133e-02 9.998912e-01 3.998569e-03 -2.739297e+00 -2.196956e-02 -4.310033e-03 9.997494e-01 1.855509e+02
9.996411e-01 1.518049e-02 2.207390e-02 -7.294570e-03 -1.532024e-02 9.998636e-01 6.175573e-03 -2.764193e+00 -2.197714e-02 -6.511534e-03 9.997373e-01 1.869584e+02
9.996505e-01 1.436010e-02 2.219508e-02 6.109748e-03 -1.452171e-02 9.998691e-01 7.137455e-03 -2.780720e+00 -2.208968e-02 -7.457271e-03 9.997282e-01 1.883924e+02
9.996746e-01 1.261218e-02 2.217449e-02 3.587168e-02 -1.278425e-02 9.998891e-01 7.635280e-03 -2.795863e+00 -2.207574e-02 -7.916279e-03 9.997250e-01 1.897876e+02
9.996910e-01 9.938157e-03 2.278329e-02 5.915334e-02 -1.013049e-02 9.999139e-01 8.341879e-03 -2.812028e+00 -2.269843e-02 -8.570108e-03 9.997056e-01 1.911446e+02
9.997055e-01 7.823192e-03 2.297129e-02 9.165881e-02 -8.012083e-03 9.999347e-01 8.142472e-03 -2.819592e+00 -2.290609e-02 -8.324122e-03 9.997030e-01 1.924885e+02
9.997101e-01 4.094298e-03 2.372694e-02 9.616716e-02 -4.316764e-03 9.999471e-01 9.332434e-03 -2.833784e+00 -2.368748e-02 -9.432153e-03 9.996749e-01 1.938276e+02
9.997050e-01 7.379884e-04 2.427654e-02 1.045479e-01 -1.004816e-03 9.999392e-01 1.098083e-02 -2.866550e+00 -2.426696e-02 -1.100198e-02 9.996450e-01 1.953754e+02
9.996923e-01 -1.528499e-03 2.475799e-02 1.373969e-01 1.264933e-03 9.999424e-01 1.065788e-02 -2.871894e+00 -2.477285e-02 -1.062328e-02 9.996367e-01 1.968322e+02
9.996768e-01 1.131957e-03 2.539844e-02 1.457984e-01 -1.287143e-03 9.999806e-01 6.094534e-03 -2.881566e+00 -2.539105e-02 -6.125256e-03 9.996588e-01 1.982565e+02
9.996471e-01 8.139042e-03 2.528868e-02 1.874047e-01 -8.171112e-03 9.999660e-01 1.165058e-03 -2.890700e+00 -2.527834e-02 -1.371283e-03 9.996795e-01 1.996788e+02
9.994876e-01 1.770619e-02 2.666327e-02 2.142535e-01 -1.774321e-02 9.998419e-01 1.152532e-03 -2.924190e+00 -2.663865e-02 -1.625033e-03 9.996438e-01 2.011331e+02
9.992883e-01 2.572372e-02 2.759128e-02 2.344601e-01 -2.586818e-02 9.996534e-01 4.891470e-03 -2.944864e+00 -2.745589e-02 -5.601725e-03 9.996073e-01 2.025839e+02
9.992125e-01 2.729401e-02 2.879995e-02 2.427692e-01 -2.749233e-02 9.996008e-01 6.512702e-03 -2.947006e+00 -2.861070e-02 -7.299351e-03 9.995640e-01 2.039991e+02
9.992754e-01 2.506796e-02 2.863956e-02 2.616478e-01 -2.527980e-02 9.996555e-01 7.058897e-03 -2.962356e+00 -2.845274e-02 -7.777784e-03 9.995649e-01 2.054411e+02
9.993963e-01 2.121349e-02 2.751605e-02 2.909627e-01 -2.142037e-02 9.997443e-01 7.245990e-03 -2.976037e+00 -2.735530e-02 -7.831019e-03 9.995951e-01 2.068723e+02
9.993889e-01 2.155073e-02 2.752140e-02 2.922104e-01 -2.172762e-02 9.997451e-01 6.144669e-03 -2.977283e+00 -2.738196e-02 -6.738888e-03 9.996023e-01 2.083126e+02
9.994187e-01 2.076930e-02 2.703295e-02 3.122282e-01 -2.093582e-02 9.997635e-01 5.891373e-03 -2.990967e+00 -2.690420e-02 -6.453906e-03 9.996172e-01 2.098153e+02
9.993881e-01 2.204513e-02 2.715634e-02 3.346554e-01 -2.222117e-02 9.997339e-01 6.197834e-03 -3.009453e+00 -2.701248e-02 -6.797487e-03 9.996120e-01 2.112864e+02
9.993384e-01 2.377225e-02 2.752598e-02 3.502626e-01 -2.397064e-02 9.996889e-01 6.900031e-03 -3.020607e+00 -2.735339e-02 -7.555281e-03 9.995973e-01 2.127414e+02
9.993549e-01 2.331035e-02 2.732050e-02 3.632838e-01 -2.348794e-02 9.997049e-01 6.197694e-03 -3.030194e+00 -2.716797e-02 -6.835398e-03 9.996075e-01 2.141609e+02
9.993660e-01 2.263354e-02 2.748127e-02 3.691905e-01 -2.279359e-02 9.997249e-01 5.524546e-03 -3.053693e+00 -2.734867e-02 -6.147441e-03 9.996070e-01 2.156006e+02
9.993795e-01 2.226544e-02 2.729415e-02 4.002519e-01 -2.241479e-02 9.997354e-01 5.178283e-03 -3.069570e+00 -2.717163e-02 -5.786862e-03 9.996141e-01 2.170739e+02
9.993756e-01 2.295511e-02 2.685857e-02 4.255630e-01 -2.310288e-02 9.997196e-01 5.204526e-03 -3.094818e+00 -2.673157e-02 -5.821787e-03 9.996257e-01 2.185668e+02
9.993519e-01 2.341732e-02 2.733929e-02 4.300144e-01 -2.356846e-02 9.997086e-01 5.219136e-03 -3.120888e+00 -2.720910e-02 -5.860099e-03 9.996126e-01 2.199933e+02
9.993747e-01 2.296777e-02 2.688396e-02 4.711895e-01 -2.311375e-02 9.997197e-01 5.131922e-03 -3.139774e+00 -2.675856e-02 -5.750102e-03 9.996254e-01 2.215034e+02
9.993369e-01 2.472982e-02 2.672524e-02 4.796848e-01 -2.485368e-02 9.996818e-01 4.312370e-03 -3.149029e+00 -2.661010e-02 -4.973731e-03 9.996335e-01 2.230083e+02
9.993635e-01 2.358576e-02 2.676390e-02 4.956801e-01 -2.374709e-02 9.997016e-01 5.726301e-03 -3.173678e+00 -2.662086e-02 -6.358221e-03 9.996254e-01 2.244688e+02
9.993511e-01 2.414929e-02 2.672288e-02 5.152321e-01 -2.431188e-02 9.996877e-01 5.776025e-03 -3.191448e+00 -2.657505e-02 -6.421961e-03 9.996262e-01 2.259595e+02
9.993678e-01 2.332906e-02 2.683005e-02 5.347319e-01 -2.349420e-02 9.997068e-01 5.856166e-03 -3.207075e+00 -2.668556e-02 -6.482814e-03 9.996229e-01 2.274590e+02
9.994077e-01 2.188573e-02 2.655742e-02 5.713088e-01 -2.204335e-02 9.997410e-01 5.656771e-03 -3.224208e+00 -2.642674e-02 -6.238835e-03 9.996313e-01 2.289757e+02
9.994211e-01 2.045880e-02 2.718321e-02 5.860597e-01 -2.063027e-02 9.997689e-01 6.042353e-03 -3.241590e+00 -2.705331e-02 -6.599653e-03 9.996122e-01 2.304919e+02
9.994183e-01 1.957208e-02 2.792921e-02 6.068471e-01 -1.977001e-02 9.997813e-01 6.828563e-03 -3.264561e+00 -2.778945e-02 -7.376751e-03 9.995866e-01 2.320205e+02
9.994103e-01 2.015304e-02 2.780225e-02 6.428849e-01 -2.035090e-02 9.997694e-01 6.852150e-03 -3.279442e+00 -2.765774e-02 -7.413910e-03 9.995900e-01 2.335432e+02
9.993880e-01 2.102137e-02 2.795906e-02 6.725953e-01 -2.120818e-02 9.997546e-01 6.401792e-03 -3.295376e+00 -2.781763e-02 -6.990835e-03 9.995885e-01 2.351035e+02
9.993969e-01 2.105432e-02 2.761558e-02 7.181907e-01 -2.123079e-02 9.997559e-01 6.112943e-03 -3.316591e+00 -2.748013e-02 -6.695557e-03 9.995999e-01 2.366349e+02
9.993497e-01 2.233866e-02 2.830464e-02 7.410721e-01 -2.252529e-02 9.997265e-01 6.292032e-03 -3.319682e+00 -2.815635e-02 -6.925511e-03 9.995795e-01 2.381660e+02
9.993297e-01 2.254986e-02 2.883692e-02 7.807553e-01 -2.280852e-02 9.997022e-01 8.672533e-03 -3.339278e+00 -2.863277e-02 -9.324448e-03 9.995465e-01 2.396899e+02
9.993356e-01 2.183994e-02 2.917916e-02 8.171624e-01 -2.211817e-02 9.997126e-01 9.246537e-03 -3.355452e+00 -2.896883e-02 -9.885782e-03 9.995314e-01 2.412635e+02
9.993117e-01 2.231139e-02 2.963612e-02 8.456319e-01 -2.255465e-02 9.997144e-01 7.899501e-03 -3.373260e+00 -2.945140e-02 -8.562497e-03 9.995295e-01 2.427449e+02
9.992850e-01 2.297954e-02 3.002243e-02 8.839595e-01 -2.319211e-02 9.997082e-01 6.751458e-03 -3.390764e+00 -2.985852e-02 -7.442915e-03 9.995264e-01 2.442415e+02
9.992533e-01 2.358846e-02 3.060231e-02 9.089700e-01 -2.381626e-02 9.996911e-01 7.100613e-03 -3.404143e+00 -3.042537e-02 -7.824143e-03 9.995064e-01 2.457474e+02
9.992510e-01 2.330352e-02 3.089202e-02 9.366422e-01 -2.356848e-02 9.996883e-01 8.240607e-03 -3.422202e+00 -3.069036e-02 -8.962512e-03 9.994888e-01 2.472555e+02
9.992948e-01 2.285846e-02 2.979088e-02 9.878559e-01 -2.315500e-02 9.996853e-01 9.647602e-03 -3.454021e+00 -2.956098e-02 -1.033061e-02 9.995096e-01 2.487585e+02
9.992889e-01 2.378204e-02 2.926155e-02 1.032873e+00 -2.406793e-02 9.996656e-01 9.457057e-03 -3.464337e+00 -2.902685e-02 -1.015460e-02 9.995270e-01 2.503091e+02
9.992454e-01 2.486064e-02 2.984165e-02 1.050569e+00 -2.516147e-02 9.996359e-01 9.748124e-03 -3.474673e+00 -2.958844e-02 -1.049163e-02 9.995071e-01 2.518585e+02
9.992103e-01 2.549339e-02 3.047664e-02 1.065302e+00 -2.580809e-02 9.996171e-01 9.977411e-03 -3.491683e+00 -3.021062e-02 -1.075608e-02 9.994857e-01 2.533896e+02
9.993342e-01 2.386976e-02 2.759373e-02 1.128325e+00 -2.412356e-02 9.996694e-01 8.901898e-03 -3.501901e+00 -2.737212e-02 -9.561630e-03 9.995796e-01 2.550643e+02
9.993615e-01 2.239855e-02 2.783888e-02 1.152312e+00 -2.265588e-02 9.997032e-01 8.962504e-03 -3.508518e+00 -2.762987e-02 -9.587495e-03 9.995722e-01 2.566057e+02
9.993886e-01 2.061087e-02 2.824141e-02 1.174592e+00 -2.087973e-02 9.997391e-01 9.258495e-03 -3.506669e+00 -2.804321e-02 -9.842507e-03 9.995583e-01 2.581476e+02
9.994395e-01 1.805363e-02 2.819139e-02 1.213951e+00 -1.834224e-02 9.997816e-01 1.001268e-02 -3.519072e+00 -2.800447e-02 -1.052416e-02 9.995524e-01 2.596911e+02
9.994568e-01 1.684529e-02 2.832717e-02 1.241542e+00 -1.711725e-02 9.998094e-01 9.385834e-03 -3.532563e+00 -2.816366e-02 -9.865619e-03 9.995546e-01 2.612311e+02
9.994881e-01 1.576754e-02 2.783807e-02 1.280749e+00 -1.600158e-02 9.998383e-01 8.204496e-03 -3.538575e+00 -2.770420e-02 -8.645750e-03 9.995788e-01 2.627554e+02
9.994990e-01 1.376722e-02 2.850052e-02 1.308090e+00 -1.405850e-02 9.998507e-01 1.004522e-02 -3.551696e+00 -2.835797e-02 -1.044087e-02 9.995433e-01 2.642840e+02
9.994935e-01 1.222004e-02 2.938207e-02 1.343354e+00 -1.257477e-02 9.998499e-01 1.191843e-02 -3.566071e+00 -2.923202e-02 -1.228187e-02 9.994972e-01 2.657670e+02
9.994933e-01 1.176860e-02 2.957467e-02 1.366517e+00 -1.208867e-02 9.998700e-01 1.066713e-02 -3.578805e+00 -2.944529e-02 -1.101924e-02 9.995056e-01 2.672868e+02
9.994873e-01 1.153280e-02 2.986742e-02 1.407300e+00 -1.182330e-02 9.998843e-01 9.568038e-03 -3.584146e+00 -2.975361e-02 -9.916265e-03 9.995081e-01 2.688478e+02
9.994605e-01 1.207587e-02 3.054335e-02 1.449096e+00 -1.236380e-02 9.998807e-01 9.255765e-03 -3.592081e+00 -3.042794e-02 -9.628404e-03 9.994906e-01 2.704135e+02
9.993851e-01 1.390350e-02 3.218796e-02 1.470920e+00 -1.420650e-02 9.998567e-01 9.203867e-03 -3.600129e+00 -3.205538e-02 -9.655486e-03 9.994395e-01 2.719627e+02
9.993172e-01 1.690640e-02 3.285378e-02 1.514933e+00 -1.719492e-02 9.998159e-01 8.519433e-03 -3.620826e+00 -3.270369e-02 -9.078533e-03 9.994239e-01 2.735214e+02
9.992576e-01 1.801981e-02 3.405197e-02 1.545270e+00 -1.832087e-02 9.997956e-01 8.549984e-03 -3.645451e+00 -3.389094e-02 -9.167498e-03 9.993835e-01 2.750815e+02
9.992334e-01 1.764975e-02 3.494458e-02 1.580925e+00 -1.794771e-02 9.998050e-01 8.231355e-03 -3.643621e+00 -3.479249e-02 -8.852220e-03 9.993554e-01 2.766820e+02
9.991999e-01 1.958627e-02 3.487116e-02 1.636735e+00 -1.987786e-02 9.997701e-01 8.035051e-03 -3.687526e+00 -3.470577e-02 -8.721786e-03 9.993595e-01 2.781490e+02
9.991820e-01 1.928392e-02 3.554357e-02 1.681275e+00 -1.955321e-02 9.997826e-01 7.244268e-03 -3.698644e+00 -3.539614e-02 -7.933334e-03 9.993418e-01 2.797342e+02
9.991816e-01 1.848915e-02 3.597622e-02 1.733141e+00 -1.877265e-02 9.997952e-01 7.558538e-03 -3.713314e+00 -3.582910e-02 -8.227721e-03 9.993241e-01 2.813039e+02
9.991875e-01 1.686646e-02 3.660497e-02 1.797265e+00 -1.720255e-02 9.998125e-01 8.885851e-03 -3.734000e+00 -3.644823e-02 -9.508329e-03 9.992903e-01 2.828205e+02
9.991799e-01 1.646348e-02 3.699291e-02 1.835789e+00 -1.681825e-02 9.998153e-01 9.299432e-03 -3.759812e+00 -3.683298e-02 -9.913962e-03 9.992723e-01 2.843633e+02
9.992005e-01 1.606042e-02 3.661223e-02 1.892811e+00 -1.631011e-02 9.998456e-01 6.531431e-03 -3.770174e+00 -3.650168e-02 -7.123359e-03 9.993082e-01 2.859089e+02
9.992201e-01 1.471331e-02 3.664140e-02 1.925219e+00 -1.488597e-02 9.998793e-01 4.443602e-03 -3.782282e+00 -3.657160e-02 -4.985579e-03 9.993186e-01 2.874083e+02
9.992398e-01 1.489266e-02 3.602791e-02 1.981974e+00 -1.506551e-02 9.998763e-01 4.531059e-03 -3.804106e+00 -3.595597e-02 -5.070393e-03 9.993405e-01 2.889642e+02
9.993146e-01 1.404653e-02 3.425008e-02 2.055060e+00 -1.421309e-02 9.998883e-01 4.624285e-03 -3.832102e+00 -3.418130e-02 -5.107915e-03 9.994026e-01 2.905372e+02
9.993332e-01 1.433564e-02 3.358069e-02 2.078667e+00 -1.449706e-02 9.998845e-01 4.568278e-03 -3.868731e+00 -3.351133e-02 -5.052053e-03 9.994256e-01 2.920345e+02
9.993570e-01 1.407604e-02 3.297710e-02 2.126005e+00 -1.422253e-02 9.998900e-01 4.211845e-03 -3.889323e+00 -3.291418e-02 -4.678154e-03 9.994472e-01 2.936730e+02
9.993646e-01 1.416683e-02 3.270683e-02 2.155624e+00 -1.431926e-02 9.998876e-01 4.430895e-03 -3.900216e+00 -3.264039e-02 -4.896417e-03 9.994552e-01 2.952873e+02
9.994064e-01 1.384899e-02 3.154409e-02 2.183827e+00 -1.400397e-02 9.998909e-01 4.697542e-03 -3.924997e+00 -3.147559e-02 -5.136495e-03 9.994913e-01 2.968075e+02
9.994392e-01 1.299932e-02 3.085918e-02 2.197526e+00 -1.321083e-02 9.998906e-01 6.660266e-03 -3.957197e+00 -3.076923e-02 -7.064207e-03 9.995015e-01 2.982655e+02
9.994192e-01 1.451382e-02 3.083263e-02 2.200304e+00 -1.478267e-02 9.998545e-01 8.509691e-03 -4.001004e+00 -3.070464e-02 -8.960537e-03 9.994884e-01 2.998477e+02
9.993847e-01 1.513960e-02 3.163932e-02 2.229400e+00 -1.541316e-02 9.998457e-01 8.420294e-03 -4.010601e+00 -3.150696e-02 -8.902774e-03 9.994639e-01 3.014476e+02
9.993514e-01 1.561732e-02 3.244731e-02 2.260316e+00 -1.588881e-02 9.998407e-01 8.126246e-03 -4.025064e+00 -3.231523e-02 -8.636524e-03 9.994404e-01 3.030535e+02
9.993736e-01 1.363054e-02 3.265998e-02 2.293319e+00 -1.389787e-02 9.998716e-01 7.972353e-03 -4.044084e+00 -3.254712e-02 -8.421264e-03 9.994347e-01 3.046426e+02
9.993761e-01 1.061002e-02 3.368780e-02 2.263628e+00 -1.087989e-02 9.999101e-01 7.837625e-03 -4.103601e+00 -3.360161e-02 -8.199255e-03 9.994017e-01 3.061673e+02
9.993366e-01 9.187426e-03 3.524092e-02 2.260122e+00 -9.397826e-03 9.999390e-01 5.809329e-03 -4.094852e+00 -3.518539e-02 -6.136664e-03 9.993619e-01 3.075416e+02
9.993492e-01 8.497431e-03 3.505569e-02 2.297228e+00 -8.676174e-03 9.999501e-01 4.949864e-03 -4.115391e+00 -3.501188e-02 -5.250792e-03 9.993731e-01 3.091445e+02
9.994286e-01 9.505955e-03 3.243623e-02 2.358581e+00 -9.631455e-03 9.999467e-01 3.715100e-03 -4.115720e+00 -3.239919e-02 -4.025386e-03 9.994669e-01 3.107842e+02
9.994836e-01 1.074508e-02 3.028102e-02 2.388808e+00 -1.087931e-02 9.999317e-01 4.271534e-03 -4.124941e+00 -3.023305e-02 -4.598765e-03 9.995323e-01 3.124400e+02
9.994755e-01 1.167639e-02 3.020489e-02 2.400339e+00 -1.192055e-02 9.998976e-01 7.916047e-03 -4.155354e+00 -3.010937e-02 -8.271954e-03 9.995124e-01 3.140698e+02
9.994695e-01 1.053706e-02 3.081657e-02 2.445335e+00 -1.087024e-02 9.998841e-01 1.066395e-02 -4.161368e+00 -3.070063e-02 -1.099327e-02 9.994681e-01 3.157291e+02
9.994648e-01 1.015730e-02 3.109557e-02 2.474390e+00 -1.050617e-02 9.998835e-01 1.107656e-02 -4.158354e+00 -3.097943e-02 -1.139732e-02 9.994550e-01 3.173637e+02
9.994674e-01 9.288128e-03 3.128301e-02 2.512064e+00 -9.601678e-03 9.999050e-01 9.887730e-03 -4.167481e+00 -3.118820e-02 -1.018283e-02 9.994617e-01 3.189738e+02
9.994515e-01 8.642731e-03 3.197029e-02 2.553735e+00 -8.957256e-03 9.999127e-01 9.707928e-03 -4.177155e+00 -3.188360e-02 -9.988968e-03 9.994417e-01 3.206300e+02
9.994459e-01 8.432105e-03 3.220089e-02 2.601640e+00 -8.757489e-03 9.999119e-01 9.977161e-03 -4.187232e+00 -3.211392e-02 -1.025363e-02 9.994316e-01 3.222984e+02
9.994173e-01 9.203812e-03 3.286909e-02 2.637428e+00 -9.531687e-03 9.999062e-01 9.832450e-03 -4.207820e+00 -3.277551e-02 -1.014002e-02 9.994113e-01 3.239612e+02
9.993820e-01 1.108066e-02 3.335892e-02 2.676219e+00 -1.137419e-02 9.998981e-01 8.622176e-03 -4.215112e+00 -3.325999e-02 -8.996278e-03 9.994062e-01 3.255855e+02
9.993387e-01 1.199193e-02 3.432582e-02 2.706852e+00 -1.227710e-02 9.998918e-01 8.109247e-03 -4.228589e+00 -3.422485e-02 -8.525306e-03 9.993778e-01 3.271672e+02
9.993268e-01 1.055861e-02 3.513351e-02 2.745760e+00 -1.092262e-02 9.998885e-01 1.018498e-02 -4.250951e+00 -3.502206e-02 -1.056187e-02 9.993307e-01 3.287583e+02
9.993169e-01 1.011189e-02 3.554520e-02 2.785679e+00 -1.050444e-02 9.998857e-01 1.087428e-02 -4.261142e+00 -3.543118e-02 -1.124024e-02 9.993089e-01 3.303922e+02
9.993298e-01 8.570495e-03 3.558786e-02 2.841095e+00 -8.935018e-03 9.999091e-01 1.009651e-02 -4.279693e+00 -3.549809e-02 -1.040772e-02 9.993156e-01 3.320361e+02
9.993059e-01 1.089764e-02 3.562154e-02 2.881101e+00 -1.124971e-02 9.998897e-01 9.697937e-03 -4.287064e+00 -3.551193e-02 -1.009194e-02 9.993183e-01 3.336667e+02
9.992481e-01 9.787610e-03 3.751455e-02 2.833583e+00 -1.010772e-02 9.999141e-01 8.352903e-03 -4.272943e+00 -3.742957e-02 -8.725809e-03 9.992612e-01 3.350875e+02
9.992543e-01 1.135271e-02 3.690553e-02 2.875176e+00 -1.158074e-02 9.999151e-01 5.970820e-03 -4.304578e+00 -3.683462e-02 -6.393761e-03 9.993009e-01 3.366689e+02
9.992576e-01 1.243469e-02 3.646446e-02 2.897231e+00 -1.266988e-02 9.999003e-01 6.225933e-03 -4.310725e+00 -3.638341e-02 -6.683312e-03 9.993156e-01 3.382849e+02
9.992825e-01 1.300422e-02 3.557032e-02 2.938159e+00 -1.336887e-02 9.998603e-01 1.003283e-02 -4.335325e+00 -3.543488e-02 -1.050116e-02 9.993168e-01 3.398999e+02
9.993215e-01 1.431024e-02 3.393828e-02 2.999457e+00 -1.474893e-02 9.998105e-01 1.271110e-02 -4.343739e+00 -3.374995e-02 -1.320303e-02 9.993431e-01 3.415917e+02
9.993388e-01 1.510681e-02 3.307220e-02 3.025552e+00 -1.548089e-02 9.998187e-01 1.108414e-02 -4.342863e+00 -3.289877e-02 -1.158880e-02 9.993915e-01 3.432115e+02
9.993992e-01 1.438825e-02 3.152910e-02 3.059855e+00 -1.470944e-02 9.998420e-01 9.978860e-03 -4.366190e+00 -3.138054e-02 -1.043664e-02 9.994530e-01 3.448193e+02
9.994705e-01 1.304503e-02 2.980887e-02 3.103866e+00 -1.339823e-02 9.998420e-01 1.167979e-02 -4.384837e+00 -2.965180e-02 -1.207299e-02 9.994874e-01 3.463865e+02
9.995311e-01 1.099234e-02 2.857792e-02 3.157527e+00 -1.135092e-02 9.998585e-01 1.241560e-02 -4.395282e+00 -2.843740e-02 -1.273416e-02 9.995145e-01 3.480240e+02
9.995554e-01 1.062701e-02 2.785773e-02 3.200988e+00 -1.095883e-02 9.998705e-01 1.178565e-02 -4.409188e+00 -2.772887e-02 -1.208570e-02 9.995424e-01 3.496328e+02
9.995724e-01 1.041782e-02 2.732156e-02 3.240854e+00 -1.071172e-02 9.998861e-01 1.063292e-02 -4.415899e+00 -2.720767e-02 -1.092103e-02 9.995701e-01 3.512317e+02
9.995878e-01 9.640588e-03 2.704300e-02 3.287909e+00 -9.931033e-03 9.998942e-01 1.062642e-02 -4.429198e+00 -2.693770e-02 -1.089061e-02 9.995778e-01 3.527850e+02
9.995750e-01 9.501945e-03 2.756155e-02 3.312931e+00 -9.789151e-03 9.998990e-01 1.030438e-02 -4.438742e+00 -2.746085e-02 -1.056980e-02 9.995670e-01 3.543910e+02
9.995729e-01 9.099430e-03 2.777070e-02 3.339386e+00 -9.376429e-03 9.999074e-01 9.860629e-03 -4.450140e+00 -2.767840e-02 -1.011681e-02 9.995657e-01 3.559901e+02
9.995620e-01 8.559711e-03 2.832872e-02 3.365021e+00 -8.834496e-03 9.999150e-01 9.588963e-03 -4.469345e+00 -2.824424e-02 -9.835034e-03 9.995527e-01 3.575465e+02
