1.000000e+00 0.000000e+00 0.000000e+00 0.000000e+00 0.000000e+00 1.000000e+00 0.000000e+00 0.000000e+00 0.000000e+00 0.000000e+00 1.000000e+00 0.000000e+00
9.999999e-01 -3.114360e-04 9.677705e-05 -7.872303e-03 3.113092e-04 9.999991e-01 1.308071e-03 -9.229861e-03 -9.718434e-05 -1.308041e-03 9.999992e-01 1.355480e+00
9.999996e-01 -8.643307e-04 -3.762124e-04 -1.321488e-02 8.647832e-04 9.999989e-01 1.204364e-03 -2.832084e-02 3.751710e-04 -1.204688e-03 9.999992e-01 2.715354e+00
9.999976e-01 -2.117041e-03 -5.241155e-04 -2.166405e-02 2.117137e-03 9.999977e-01 1.830658e-04 -4.462914e-02 5.237267e-04 -1.841750e-04 9.999998e-01 4.029902e+00
9.999966e-01 -2.578922e-03 -3.830454e-04 -3.120433e-02 2.578998e-03 9.999967e-01 1.991905e-04 -5.694610e-02 3.825304e-04 -2.001777e-04 9.999999e-01 5.329609e+00
9.999964e-01 -2.706728e-03 1.431327e-05 -4.688993e-02 2.706714e-03 9.999959e-01 9.617223e-04 -7.506383e-02 -1.691633e-05 -9.616801e-04 9.999995e-01 6.657754e+00
9.999911e-01 -4.188722e-03 5.306214e-04 -5.486669e-02 4.187563e-03 9.999889e-01 2.165200e-03 -9.452948e-02 -5.396849e-04 -2.162958e-03 9.999975e-01 8.003742e+00
9.999930e-01 -3.752332e-03 1.940142e-04 -6.194765e-02 3.751810e-03 9.999895e-01 2.623177e-03 -1.112737e-01 -2.038552e-04 -2.622430e-03 9.999965e-01 9.363291e+00
9.999967e-01 -2.527392e-03 -3.638132e-04 -7.276851e-02 2.527678e-03 9.999965e-01 7.870981e-04 -1.334359e-01 3.618226e-04 -7.880151e-04 9.999996e-01 1.066822e+01
9.999998e-01 2.777021e-04 -6.056989e-04 -7.055288e-02 -2.784953e-04 9.999991e-01 -1.309828e-03 -1.547236e-01 6.053346e-04 1.309996e-03 9.999990e-01 1.204636e+01
9.999931e-01 3.713155e-03 -5.961809e-05 -8.658352e-02 -3.713280e-03 9.999906e-01 -2.249994e-03 -1.782168e-01 5.126295e-05 2.250200e-03 9.999975e-01 1.340721e+01
9.999817e-01 6.032221e-03 -4.710766e-04 -8.382136e-02 -6.033384e-03 9.999787e-01 -2.506192e-03 -2.021066e-01 4.559486e-04 2.508988e-03 9.999967e-01 1.481349e+01
9.999748e-01 7.087414e-03 -1.536853e-04 -9.756813e-02 -7.087653e-03 9.999736e-01 -1.616248e-03 -2.249657e-01 1.422262e-04 1.617297e-03 9.999987e-01 1.617811e+01
9.999897e-01 4.531864e-03 2.329353e-04 -1.011166e-01 -4.532150e-03 9.999890e-01 1.244530e-03 -2.496750e-01 -2.272927e-04 -1.245573e-03 9.999992e-01 1.753723e+01
9.999999e-01 4.524099e-04 2.149733e-04 -1.170026e-01 -4.530722e-04 9.999951e-01 3.090640e-03 -2.694209e-01 -2.135741e-04 -3.090737e-03 9.999952e-01 1.887727e+01
9.999990e-01 -1.396484e-03 -2.252892e-04 -1.108499e-01 1.396602e-03 9.999989e-01 5.223618e-04 -2.866890e-01 2.245595e-04 -5.226759e-04 9.999998e-01 2.024801e+01
9.999976e-01 -2.204003e-03 -1.715174e-04 -1.181723e-01 2.203780e-03 9.999967e-01 -1.289479e-03 -3.152131e-01 1.743588e-04 1.289098e-03 9.999992e-01 2.162017e+01
9.999997e-01 7.627486e-04 -1.714372e-04 -1.189470e-01 -7.632765e-04 9.999949e-01 -3.100585e-03 -3.435585e-01 1.690713e-04 3.100715e-03 9.999952e-01 2.300410e+01
9.999951e-01 2.658689e-03 1.692767e-03 -1.624474e-01 -2.657518e-03 9.999962e-01 -6.938231e-04 -3.638942e-01 -1.694605e-03 6.893211e-04 9.999983e-01 2.444696e+01
9.999914e-01 3.385903e-03 2.424836e-03 -1.811821e-01 -3.392711e-03 9.999903e-01 2.808857e-03 -3.883427e-01 -2.415302e-03 -2.817059e-03 9.999931e-01 2.581670e+01
9.999939e-01 9.199692e-04 3.377248e-03 -1.958491e-01 -9.369026e-04 9.999870e-01 5.015819e-03 -4.058065e-01 -3.372589e-03 -5.018953e-03 9.999817e-01 2.720049e+01
9.999931e-01 -2.285254e-03 2.906317e-03 -1.886726e-01 2.277337e-03 9.999937e-01 2.724587e-03 -4.157301e-01 -2.912525e-03 -2.717950e-03 9.999921e-01 2.859673e+01
9.999947e-01 -1.952884e-03 2.601798e-03 -1.897464e-01 1.952324e-03 9.999981e-01 2.177333e-04 -4.241360e-01 -2.602219e-03 -2.126526e-04 9.999966e-01 2.995168e+01
9.999918e-01 -2.653515e-03 3.042143e-03 -1.627014e-01 2.660124e-03 9.999941e-01 -2.170365e-03 -4.494725e-01 -3.036366e-03 2.178439e-03 9.999930e-01 3.124734e+01
9.999933e-01 9.491839e-04 3.549818e-03 -1.700732e-01 -9.394669e-04 9.999958e-01 -2.737993e-03 -4.811198e-01 -3.552402e-03 2.734639e-03 9.999899e-01 3.262117e+01
9.999923e-01 1.597389e-03 3.584989e-03 -1.548720e-01 -1.580423e-03 9.999875e-01 -4.730208e-03 -5.110330e-01 -3.592501e-03 4.724505e-03 9.999824e-01 3.398298e+01
9.999884e-01 2.855829e-03 3.876464e-03 -1.713366e-01 -2.839811e-03 9.999874e-01 -4.131328e-03 -5.377076e-01 -3.888214e-03 4.120272e-03 9.999840e-01 3.537451e+01
9.999908e-01 2.376987e-03 3.569750e-03 -1.626257e-01 -2.367500e-03 9.999937e-01 -2.659586e-03 -5.762787e-01 -3.576050e-03 2.651111e-03 9.999901e-01 3.675206e+01
9.999888e-01 3.527402e-03 3.160321e-03 -1.663715e-01 -3.523286e-03 9.999930e-01 -1.306851e-03 -5.994316e-01 -3.164909e-03 1.295702e-03 9.999942e-01 3.818086e+01
9.999730e-01 6.446579e-03 3.521355e-03 -1.782535e-01 -6.442705e-03 9.999786e-01 -1.110470e-03 -6.191815e-01 -3.528439e-03 1.087753e-03 9.999932e-01 3.960475e+01
9.999518e-01 9.004400e-03 3.920696e-03 -1.869436e-01 -8.998086e-03 9.999582e-01 -1.625242e-03 -6.347929e-01 -3.935166e-03 1.589885e-03 9.999910e-01 4.101655e+01
9.999286e-01 1.128941e-02 3.917694e-03 -2.058151e-01 -1.128488e-02 9.999356e-01 -1.176250e-03 -6.574847e-01 -3.930721e-03 1.131955e-03 9.999917e-01 4.240031e+01
9.999123e-01 1.266790e-02 3.853530e-03 -2.070396e-01 -1.266388e-02 9.999192e-01 -1.065148e-03 -6.809834e-01 -3.866712e-03 1.016254e-03 9.999920e-01 4.383479e+01
9.999285e-01 1.129515e-02 3.921607e-03 -2.312367e-01 -1.129087e-02 9.999356e-01 -1.110866e-03 -7.058384e-01 -3.933902e-03 1.066509e-03 9.999917e-01 4.520238e+01
9.999409e-01 1.031274e-02 3.440005e-03 -2.684799e-01 -1.031006e-02 9.999465e-01 -7.950133e-04 -7.492802e-01 -3.448020e-03 7.594996e-04 9.999937e-01 4.651012e+01
9.999405e-01 1.044350e-02 3.155522e-03 -3.060529e-01 -1.043958e-02 9.999447e-01 -1.257004e-03 -7.480120e-01 -3.168475e-03 1.223987e-03 9.999942e-01 4.784530e+01
9.999501e-01 9.790868e-03 2.014707e-03 -2.843676e-01 -9.791717e-03 9.999520e-01 4.115783e-04 -7.637160e-01 -2.010580e-03 -4.312852e-04 9.999979e-01 4.927552e+01
9.999462e-01 1.030649e-02 1.177991e-03 -3.023182e-01 -1.030624e-02 9.999469e-01 -2.114410e-04 -7.737758e-01 -1.180108e-03 1.992889e-04 9.999993e-01 5.067484e+01
9.999416e-01 1.080915e-02 1.824691e-04 -3.184413e-01 -1.080912e-02 9.999416e-01 -1.687683e-04 -7.928259e-01 -1.842827e-04 1.667861e-04 9.999999e-01 5.207945e+01
9.999426e-01 1.067143e-02 -9.598237e-04 -3.333153e-01 -1.067031e-02 9.999424e-01 1.158635e-03 -8.259153e-01 9.721327e-04 -1.148326e-03 9.999989e-01 5.354457e+01
9.999557e-01 9.249859e-03 -1.745709e-03 -3.397262e-01 -9.246279e-03 9.999552e-01 2.047377e-03 -8.475286e-01 1.764569e-03 -2.031145e-03 9.999964e-01 5.497982e+01
9.999691e-01 7.617632e-03 -1.971599e-03 -3.531235e-01 -7.612916e-03 9.999682e-01 2.388813e-03 -8.762151e-01 1.989734e-03 -2.373730e-03 9.999952e-01 5.641198e+01
9.999824e-01 5.483094e-03 -2.249687e-03 -3.671983e-01 -5.478909e-03 9.999833e-01 1.862340e-03 -8.983291e-01 2.259861e-03 -1.849981e-03 9.999957e-01 5.784665e+01
9.999877e-01 4.464138e-03 -2.150892e-03 -3.794510e-01 -4.459251e-03 9.999875e-01 2.271540e-03 -9.187315e-01 2.161006e-03 -2.261921e-03 9.999951e-01 5.929089e+01
9.999920e-01 3.879911e-03 -1.035852e-03 -4.161127e-01 -3.876725e-03 9.999878e-01 3.060438e-03 -9.380891e-01 1.047713e-03 -3.056397e-03 9.999948e-01 6.068250e+01
9.999955e-01 2.990664e-03 -2.501350e-04 -4.266165e-01 -2.989704e-03 9.999885e-01 3.752864e-03 -9.598243e-01 2.613557e-04 -3.752099e-03 9.999929e-01 6.209120e+01
9.999994e-01 1.045531e-03 2.027175e-04 -4.262948e-01 -1.046253e-03 9.999930e-01 3.591851e-03 -9.898928e-01 -1.989607e-04 -3.592061e-03 9.999935e-01 6.349995e+01
9.999980e-01 -1.747500e-03 9.119726e-04 -4.671122e-01 1.745284e-03 9.999955e-01 2.424576e-03 -9.873472e-01 -9.162055e-04 -2.422980e-03 9.999967e-01 6.498985e+01
9.999982e-01 -8.131643e-04 1.710881e-03 -4.815519e-01 8.095466e-04 9.999974e-01 2.114182e-03 -1.009038e+00 -1.712596e-03 -2.112793e-03 9.999963e-01 6.642132e+01
9.999933e-01 5.730043e-04 3.629319e-03 -5.289426e-01 -5.788359e-04 9.999986e-01 1.605950e-03 -1.017919e+00 -3.628393e-03 -1.608040e-03 9.999921e-01 6.783958e+01
9.999828e-01 4.197982e-03 4.091312e-03 -5.400737e-01 -4.208309e-03 9.999880e-01 2.518642e-03 -1.022457e+00 -4.080690e-03 -2.535816e-03 9.999884e-01 6.916364e+01
9.999701e-01 5.738018e-03 5.182708e-03 -6.009265e-01 -5.763522e-03 9.999713e-01 4.919555e-03 -1.080168e+00 -5.154331e-03 -4.949279e-03 9.999745e-01 7.049525e+01
9.999273e-01 1.038437e-02 6.127530e-03 -6.217787e-01 -1.041625e-02 9.999323e-01 5.192365e-03 -1.092539e+00 -6.073196e-03 -5.255813e-03 9.999678e-01 7.188236e+01
9.998832e-01 1.376252e-02 6.648561e-03 -6.255491e-01 -1.379266e-02 9.998947e-01 4.509706e-03 -1.088546e+00 -6.585795e-03 -4.600880e-03 9.999678e-01 7.326290e+01
9.998142e-01 1.765052e-02 7.750219e-03 -6.575319e-01 -1.768381e-02 9.998346e-01 4.247764e-03 -1.133491e+00 -7.673962e-03 -4.384028e-03 9.999610e-01 7.465909e+01
9.997681e-01 1.942967e-02 9.283116e-03 -6.775070e-01 -1.946871e-02 9.998019e-01 4.133251e-03 -1.152067e+00 -9.200970e-03 -4.313023e-03 9.999484e-01 7.603686e+01
9.997532e-01 2.003854e-02 9.595200e-03 -6.764071e-01 -2.007744e-02 9.997905e-01 3.974402e-03 -1.152669e+00 -9.513550e-03 -4.166068e-03 9.999461e-01 7.743594e+01
9.997850e-01 1.852300e-02 9.319439e-03 -6.640885e-01 -1.856396e-02 9.998183e-01 4.327854e-03 -1.190149e+00 -9.237581e-03 -4.499929e-03 9.999472e-01 7.884681e+01
9.998117e-01 1.692850e-02 9.482743e-03 -6.617758e-01 -1.696530e-02 9.998488e-01 3.813911e-03 -1.220894e+00 -9.416746e-03 -3.974071e-03 9.999478e-01 8.018901e+01
9.998234e-01 1.641373e-02 9.154817e-03 -6.622276e-01 -1.645156e-02 9.998564e-01 4.072730e-03 -1.250893e+00 -9.086654e-03 -4.222622e-03 9.999498e-01 8.159552e+01
9.998257e-01 1.619442e-02 9.291349e-03 -6.782688e-01 -1.622986e-02 9.998612e-01 3.751726e-03 -1.243435e+00 -9.229303e-03 -3.901869e-03 9.999498e-01 8.297023e+01
9.998394e-01 1.589640e-02 8.272022e-03 -6.559826e-01 -1.592671e-02 9.998667e-01 3.610973e-03 -1.273431e+00 -8.213517e-03 -3.742139e-03 9.999593e-01 8.431976e+01
9.998481e-01 1.542728e-02 8.107354e-03 -6.885521e-01 -1.545222e-02 9.998760e-01 3.023017e-03 -1.252999e+00 -8.059711e-03 -3.147834e-03 9.999626e-01 8.573634e+01
9.998628e-01 1.477553e-02 7.492315e-03 -6.920455e-01 -1.480714e-02 9.998816e-01 4.180702e-03 -1.281734e+00 -7.429656e-03 -4.291069e-03 9.999632e-01 8.711127e+01
9.999008e-01 1.243690e-02 6.619697e-03 -6.953499e-01 -1.247326e-02 9.999072e-01 5.479550e-03 -1.308671e+00 -6.550934e-03 -5.561575e-03 9.999631e-01 8.849571e+01
9.999353e-01 9.967318e-03 5.480692e-03 -7.170974e-01 -9.998010e-03 9.999343e-01 5.601473e-03 -1.316183e+00 -5.424501e-03 -5.655907e-03 9.999693e-01 8.988344e+01
9.999539e-01 8.520577e-03 4.434120e-03 -6.935982e-01 -8.547310e-03 9.999452e-01 6.045130e-03 -1.356231e+00 -4.382369e-03 -6.082750e-03 9.999719e-01 9.127676e+01
9.999684e-01 6.913777e-03 3.924902e-03 -6.915783e-01 -6.936305e-03 9.999593e-01 5.755717e-03 -1.380331e+00 -3.884948e-03 -5.782760e-03 9.999757e-01 9.267368e+01
9.999786e-01 5.698616e-03 3.218174e-03 -6.739459e-01 -5.715058e-03 9.999706e-01 5.123277e-03 -1.391629e+00 -3.188884e-03 -5.141559e-03 9.999817e-01 9.408898e+01
9.999769e-01 6.348793e-03 2.417463e-03 -6.640217e-01 -6.358539e-03 9.999716e-01 4.045494e-03 -1.400817e+00 -2.391710e-03 -4.060772e-03 9.999889e-01 9.551862e+01
9.999726e-01 6.679414e-03 3.196848e-03 -6.984303e-01 -6.689350e-03 9.999728e-01 3.107280e-03 -1.408569e+00 -3.176006e-03 -3.128579e-03 9.999900e-01 9.680477e+01
9.999622e-01 7.591651e-03 4.239424e-03 -8.008420e-01 -7.610756e-03 9.999609e-01 4.508773e-03 -1.498153e+00 -4.205029e-03 -4.540868e-03 9.999809e-01 9.809009e+01
9.999539e-01 8.540551e-03 4.394280e-03 -7.976205e-01 -8.563847e-03 9.999492e-01 5.310253e-03 -1.531290e+00 -4.348705e-03 -5.347640e-03 9.999762e-01 9.942797e+01
9.999500e-01 8.760504e-03 4.817556e-03 -8.196821e-01 -8.793657e-03 9.999375e-01 6.904057e-03 -1.554189e+00 -4.756771e-03 -6.946076e-03 9.999645e-01 1.007883e+02
9.999459e-01 9.123889e-03 4.987821e-03 -8.317508e-01 -9.165019e-03 9.999236e-01 8.286389e-03 -1.566134e+00 -4.911836e-03 -8.331654e-03 9.999532e-01 1.021052e+02
9.999459e-01 8.950923e-03 5.300212e-03 -8.448519e-01 -8.985315e-03 9.999385e-01 6.501036e-03 -1.574585e+00 -5.241695e-03 -6.548309e-03 9.999648e-01 1.034858e+02
9.999409e-01 9.272682e-03 5.676257e-03 -8.518677e-01 -9.296468e-03 9.999481e-01 4.178534e-03 -1.594942e+00 -5.637216e-03 -4.231056e-03 9.999751e-01 1.048184e+02
9.999509e-01 8.322378e-03 5.365782e-03 -8.543152e-01 -8.337832e-03 9.999611e-01 2.864293e-03 -1.610302e+00 -5.341736e-03 -2.908892e-03 9.999815e-01 1.061533e+02
9.999697e-01 5.985497e-03 4.979449e-03 -8.403404e-01 -6.006074e-03 9.999734e-01 4.127543e-03 -1.626548e+00 -4.954611e-03 -4.157325e-03 9.999791e-01 1.074680e+02
9.999816e-01 2.623752e-03 5.463197e-03 -8.234911e-01 -2.658367e-03 9.999764e-01 6.338528e-03 -1.641856e+00 -5.446437e-03 -6.352935e-03 9.999650e-01 1.087680e+02
9.999762e-01 1.965188e-03 6.621069e-03 -8.226034e-01 -2.006824e-03 9.999782e-01 6.287622e-03 -1.646912e+00 -6.608568e-03 -6.300759e-03 9.999583e-01 1.101222e+02
9.999726e-01 7.616174e-04 7.355582e-03 -8.197452e-01 -8.005103e-04 9.999857e-01 5.286046e-03 -1.676958e+00 -7.351451e-03 -5.291790e-03 9.999590e-01 1.114185e+02
9.999515e-01 3.579602e-03 9.178781e-03 -8.399665e-01 -3.606845e-03 9.999892e-01 2.953190e-03 -1.702997e+00 -9.168110e-03 -2.986153e-03 9.999535e-01 1.126998e+02
9.999284e-01 5.843805e-03 1.043833e-02 -8.389328e-01 -5.851808e-03 9.999826e-01 7.364237e-04 -1.721719e+00 -1.043384e-02 -7.974541e-04 9.999452e-01 1.140401e+02
9.998868e-01 9.165858e-03 1.193277e-02 -8.360550e-01 -9.176005e-03 9.999576e-01 7.959151e-04 -1.744372e+00 -1.192496e-02 -9.053202e-04 9.999285e-01 1.153381e+02
9.998437e-01 1.039005e-02 1.430229e-02 -8.655560e-01 -1.042943e-02 9.999420e-01 2.681418e-03 -1.760552e+00 -1.427360e-02 -2.830164e-03 9.998941e-01 1.165607e+02
9.998214e-01 1.054353e-02 1.568444e-02 -8.662249e-01 -1.062120e-02 9.999317e-01 4.876871e-03 -1.774105e+00 -1.563195e-02 -5.042588e-03 9.998651e-01 1.178727e+02
9.998177e-01 9.914866e-03 1.631575e-02 -8.444653e-01 -1.000318e-02 9.999357e-01 5.339990e-03 -1.794042e+00 -1.626175e-02 -5.502226e-03 9.998527e-01 1.192209e+02
9.997993e-01 1.034986e-02 1.715356e-02 -8.225517e-01 -1.043009e-02 9.999350e-01 4.594398e-03 -1.805682e+00 -1.710490e-02 -4.772389e-03 9.998423e-01 1.205611e+02
9.997663e-01 1.207921e-02 1.792619e-02 -8.028172e-01 -1.216274e-02 9.999157e-01 4.558156e-03 -1.836059e+00 -1.786961e-02 -4.775122e-03 9.998289e-01 1.219423e+02
9.997141e-01 1.456117e-02 1.896331e-02 -7.878570e-01 -1.464015e-02 9.998847e-01 4.032517e-03 -1.858654e+00 -1.890240e-02 -4.308990e-03 9.998121e-01 1.232965e+02
9.996490e-01 1.427976e-02 2.231621e-02 -8.025788e-01 -1.439612e-02 9.998835e-01 5.061931e-03 -1.907623e+00 -2.224133e-02 -5.381421e-03 9.997382e-01 1.245979e+02
9.996171e-01 1.541987e-02 2.297525e-02 -7.760774e-01 -1.552452e-02 9.998699e-01 4.383535e-03 -1.927373e+00 -2.290467e-02 -4.738536e-03 9.997264e-01 1.259504e+02
9.996055e-01 1.504362e-02 2.371691e-02 -7.509226e-01 -1.515302e-02 9.998753e-01 4.439879e-03 -1.955310e+00 -2.364716e-02 -4.797510e-03 9.997088e-01 1.273281e+02
9.995932e-01 1.428757e-02 2.468321e-02 -7.198427e-01 -1.442404e-02 9.998816e-01 5.359981e-03 -1.968682e+00 -2.460370e-02 -5.713832e-03 9.996809e-01 1.286625e+02
9.995847e-01 1.294126e-02 2.574612e-02 -7.053741e-01 -1.311710e-02 9.998917e-01 6.672734e-03 -1.999515e+00 -2.565698e-02 -7.007677e-03 9.996462e-01 1.299959e+02
9.995879e-01 1.159239e-02 2.626084e-02 -6.813958e-01 -1.178530e-02 9.999046e-01 7.202982e-03 -2.011128e+00 -2.617484e-02 -7.509506e-03 9.996292e-01 1.313281e+02
9.995993e-01 9.788770e-03 2.655796e-02 -6.626595e-01 -9.986162e-03 9.999234e-01 7.310067e-03 -2.026372e+00 -2.648437e-02 -7.572350e-03 9.996206e-01 1.326986e+02
9.996100e-01 8.225840e-03 2.668540e-02 -6.462362e-01 -8.446506e-03 9.999310e-01 8.167033e-03 -2.043550e+00 -2.661638e-02 -8.389247e-03 9.996105e-01 1.340329e+02
9.996285e-01 7.366800e-03 2.624093e-02 -6.268246e-01 -7.572671e-03 9.999412e-01 7.754717e-03 -2.061463e+00 -2.618226e-02 -7.950551e-03 9.996256e-01 1.353504e+02
9.996582e-01 6.278702e-03 2.537759e-02 -6.038501e-01 -6.475998e-03 9.999494e-01 7.699742e-03 -2.073982e+00 -2.532796e-02 -7.861456e-03 9.996483e-01 1.367105e+02
9.996957e-01 4.888880e-03 2.417909e-02 -5.772147e-01 -5.100641e-03 9.999491e-01 8.704107e-03 -2.089028e+00 -2.413530e-02 -8.824788e-03 9.996697e-01 1.380286e+02
9.997228e-01 3.217423e-03 2.332436e-02 -5.632302e-01 -3.430499e-03 9.999527e-01 9.101096e-03 -2.114675e+00 -2.329398e-02 -9.178587e-03 9.996865e-01 1.393957e+02
9.997767e-01 2.472202e-03 2.098655e-02 -5.124418e-01 -2.665209e-03 9.999543e-01 9.173740e-03 -2.127490e+00 -2.096291e-02 -9.227624e-03 9.997377e-01 1.407724e+02
9.997905e-01 2.365347e-03 2.033240e-02 -5.065965e-01 -2.545650e-03 9.999576e-01 8.846468e-03 -2.146403e+00 -2.031062e-02 -8.896373e-03 9.997541e-01 1.421153e+02
9.998177e-01 1.844717e-03 1.900255e-02 -4.824624e-01 -2.007426e-03 9.999614e-01 8.546987e-03 -2.156519e+00 -1.898605e-02 -8.583575e-03 9.997829e-01 1.435018e+02
9.998316e-01 -3.998802e-04 1.834556e-02 -4.776610e-01 2.935934e-04 9.999831e-01 5.795922e-03 -2.161001e+00 -1.834757e-02 -5.789560e-03 9.998149e-01 1.448560e+02
9.998260e-01 -5.214611e-03 1.790991e-02 -4.860265e-01 5.121681e-03 9.999732e-01 5.230679e-03 -2.167056e+00 -1.793670e-02 -5.138041e-03 9.998259e-01 1.461804e+02
9.997658e-01 -1.260376e-02 1.759624e-02 -4.715059e-01 1.247053e-02 9.998929e-01 7.660591e-03 -2.182850e+00 -1.769090e-02 -7.439361e-03 9.998158e-01 1.475238e+02
9.996897e-01 -1.926702e-02 1.578704e-02 -4.440342e-01 1.912714e-02 9.997769e-01 8.963896e-03 -2.183779e+00 -1.595623e-02 -8.659154e-03 9.998352e-01 1.488711e+02
9.996488e-01 -2.140239e-02 1.562528e-02 -4.647711e-01 2.132042e-02 9.997581e-01 5.393750e-03 -2.188856e+00 -1.573694e-02 -5.058718e-03 9.998634e-01 1.501465e+02
9.996523e-01 -2.091051e-02 1.606388e-02 -4.562050e-01 2.087122e-02 9.997787e-01 2.609613e-03 -2.211230e+00 -1.611489e-02 -2.273433e-03 9.998676e-01 1.515293e+02
9.997136e-01 -1.680285e-02 1.703965e-02 -4.326805e-01 1.678815e-02 9.998586e-01 1.005440e-03 -2.268978e+00 -1.705413e-02 -7.190874e-04 9.998543e-01 1.527431e+02
9.996961e-01 -1.684208e-02 1.800010e-02 -4.216402e-01 1.682878e-02 9.998580e-01 8.899053e-04 -2.288779e+00 -1.801253e-02 -5.867152e-04 9.998376e-01 1.540920e+02
9.996144e-01 -2.041536e-02 1.882369e-02 -4.212118e-01 2.033203e-02 9.997827e-01 4.607475e-03 -2.309144e+00 -1.891366e-02 -4.222974e-03 9.998122e-01 1.554166e+02
9.994839e-01 -2.542320e-02 1.963373e-02 -4.101106e-01 2.528468e-02 9.996538e-01 7.271404e-03 -2.320920e+00 -1.981180e-02 -6.771219e-03 9.997808e-01 1.567556e+02
9.993610e-01 -2.973888e-02 1.983041e-02 -4.002611e-01 2.957216e-02 9.995252e-01 8.648009e-03 -2.334749e+00 -2.007818e-02 -8.056054e-03 9.997659e-01 1.581021e+02
9.993231e-01 -3.063257e-02 2.036963e-02 -3.850800e-01 3.047664e-02 9.995041e-01 7.921899e-03 -2.322914e+00 -2.060219e-02 -7.295739e-03 9.997611e-01 1.594337e+02
9.993431e-01 -2.881389e-02 2.198156e-02 -3.854417e-01 2.862346e-02 9.995504e-01 8.929349e-03 -2.337036e+00 -2.222897e-02 -8.294296e-03 9.997185e-01 1.607759e+02
9.994294e-01 -2.485387e-02 2.287136e-02 -3.524722e-01 2.468909e-02 9.996673e-01 7.458956e-03 -2.326000e+00 -2.304914e-02 -6.890027e-03 9.997106e-01 1.621023e+02
9.994943e-01 -2.096225e-02 2.391325e-02 -3.524188e-01 2.083338e-02 9.997671e-01 5.625662e-03 -2.358490e+00 -2.402561e-02 -5.124623e-03 9.996982e-01 1.635332e+02
9.995373e-01 -1.778294e-02 2.467392e-02 -3.172140e-01 1.766443e-02 9.998314e-01 5.012664e-03 -2.375575e+00 -2.475890e-02 -4.574494e-03 9.996830e-01 1.648333e+02
9.995470e-01 -1.643705e-02 2.521182e-02 -2.954743e-01 1.627666e-02 9.998460e-01 6.553985e-03 -2.392203e+00 -2.531566e-02 -6.140652e-03 9.996607e-01 1.662079e+02
9.995716e-01 -1.460996e-02 2.536328e-02 -2.839519e-01 1.445684e-02 9.998762e-01 6.209859e-03 -2.406719e+00 -2.545086e-02 -5.840525e-03 9.996590e-01 1.675767e+02
9.995904e-01 -1.262172e-02 2.568543e-02 -2.844741e-01 1.253736e-02 9.999155e-01 3.442445e-03 -2.399756e+00 -2.572671e-02 -3.119007e-03 9.996641e-01 1.688514e+02
9.996554e-01 -8.797373e-03 2.473010e-02 -2.497993e-01 8.769399e-03 9.999608e-01 1.239403e-03 -2.458835e+00 -2.474004e-02 -1.022107e-03 9.996934e-01 1.702747e+02
9.996802e-01 -3.300296e-03 2.507031e-02 -2.425517e-01 3.301110e-03 9.999946e-01 8.931207e-06 -2.484403e+00 -2.507021e-02 7.383151e-05 9.996857e-01 1.716603e+02
9.996840e-01 1.380684e-03 2.509838e-02 -2.188975e-01 -1.412520e-03 9.999982e-01 1.250771e-03 -2.506460e+00 -2.509661e-02 -1.285828e-03 9.996842e-01 1.730392e+02
9.996583e-01 4.646243e-03 2.572163e-02 -1.870254e-01 -4.733050e-03 9.999833e-01 3.315011e-03 -2.538844e+00 -2.570580e-02 -3.435620e-03 9.996637e-01 1.744401e+02
9.996516e-01 6.106313e-03 2.568034e-02 -1.635589e-01 -6.250777e-03 9.999651e-01 5.548982e-03 -2.559090e+00 -2.564556e-02 -5.707571e-03 9.996548e-01 1.758139e+02
9.996694e-01 3.221617e-03 2.551002e-02 -1.449613e-01 -3.388556e-03 9.999731e-01 6.503559e-03 -2.573067e+00 -2.548839e-02 -6.587851e-03 9.996534e-01 1.771950e+02
9.997193e-01 9.102077e-04 2.367495e-02 -1.029794e-01 -1.072256e-03 9.999761e-01 6.832912e-03 -2.597511e+00 -2.366817e-02 -6.856379e-03 9.996964e-01 1.785749e+02
9.997669e-01 9.663947e-04 2.156630e-02 -7.716504e-02 -1.024910e-03 9.999958e-01 2.702374e-03 -2.616683e+00 -2.156360e-02 -2.723848e-03 9.997638e-01 1.799484e+02
9.997863e-01 9.640104e-05 2.067469e-02 -9.907421e-02 -8.414403e-05 9.999998e-01 -5.937200e-04 -2.673761e+00 -2.067474e-02 5.918535e-04 9.997861e-01 1.812523e+02
9.997862e-01 4.844014e-03 2.010219e-02 -8.193180e-02 -4.817910e-03 9.999875e-01 -1.346791e-03 -2.693857e+00 -2.010846e-02 1.249653e-03 9.997970e-01 1.826396e+02
9.997624e-01 8.526862e-03 2.006429e-02 -7.258914e-02 -8.520300e-03 9.999636e-01 -4.124949e-04 -2.714446e+00 -2.006707e-02 2.414432e-04 9.997986e-01 1.840221e+02
9.997345e-01 1.014404e-02 2.068743e-02 -7.272295e-02 -1.021425e-02 9.999424e-01 3.291446e-03 -2.739257e+00 -2.065285e-02 -3.501879e-03 9.997806e-01 1.854712e+02
9.997193e-01 1.101893e-02 2.097610e-02 -5.555752e-02 -1.113119e-02 9.999243e-01 5.242271e-03 -2.757388e+00 -2.091674e-02 -5.474288e-03 9.997662e-01 1.868774e+02
9.997281e-01 1.049332e-02 2.082008e-02 -2.881375e-02 -1.062387e-02 9.999245e-01 6.169496e-03 -2.775469e+00 -2.075377e-02 -6.389008e-03 9.997642e-01 1.883442e+02
9.997340e-01 9.409123e-03 2.105682e-02 -1.279035e-02 -9.546755e-03 9.999337e-01 6.445264e-03 -2.780246e+00 -2.099478e-02 -6.644574e-03 9.997575e-01 1.898008e+02
9.997474e-01 6.157436e-03 2.161684e-02 -4.434770e-03 -6.314645e-03 9.999540e-01 7.211797e-03 -2.796733e+00 -2.157144e-02 -7.346477e-03 9.997403e-01 1.912408e+02
9.997445e-01 3.702619e-03 2.229953e-02 -1.453085e-02 -3.865589e-03 9.999661e-01 7.269584e-03 -2.809812e+00 -2.227186e-02 -7.353927e-03 9.997249e-01 1.926259e+02
9.997275e-01 -2.408460e-04 2.334027e-02 -1.521348e-02 3.846673e-05 9.999624e-01 8.670882e-03 -2.825767e+00 -2.334148e-02 -8.667622e-03 9.996900e-01 1.940419e+02
9.997028e-01 -4.105436e-03 2.403203e-02 -1.500916e-02 3.862465e-03 9.999411e-01 1.014799e-02 -2.827057e+00 -2.407227e-02 -1.005215e-02 9.996597e-01 1.954708e+02
9.996785e-01 -6.574653e-03 2.448810e-02 1.983756e-02 6.334096e-03 9.999310e-01 9.888105e-03 -2.835651e+00 -2.455142e-02 -9.729817e-03 9.996512e-01 1.969256e+02
9.996942e-01 -3.986603e-03 2.440531e-02 5.022239e-02 3.859085e-03 9.999787e-01 5.269875e-03 -2.845129e+00 -2.442580e-02 -5.174081e-03 9.996883e-01 1.983680e+02
9.996818e-01 3.578829e-03 2.497122e-02 7.177591e-02 -3.575727e-03 9.999936e-01 -1.688633e-04 -2.838839e+00 -2.497167e-02 7.951930e-05 9.996881e-01 1.997738e+02
9.995590e-01 1.307150e-02 2.666344e-02 8.372115e-02 -1.308191e-02 9.999144e-01 2.161717e-04 -2.884544e+00 -2.665834e-02 -5.648853e-04 9.996445e-01 2.012359e+02
9.993813e-01 2.121546e-02 2.805295e-02 9.242520e-02 -2.133618e-02 9.997643e-01 4.010888e-03 -2.906615e+00 -2.796124e-02 -4.606949e-03 9.995984e-01 2.026777e+02
9.993277e-01 2.234452e-02 2.906860e-02 1.093477e-01 -2.252316e-02 9.997293e-01 5.832655e-03 -2.915957e+00 -2.893041e-02 -6.483450e-03 9.995604e-01 2.041119e+02
9.993707e-01 2.041359e-02 2.900836e-02 1.249490e-01 -2.060871e-02 9.997668e-01 6.443372e-03 -2.932146e+00 -2.887006e-02 -7.037142e-03 9.995584e-01 2.055569e+02
9.994820e-01 1.701191e-02 2.732030e-02 1.686845e-01 -1.718854e-02 9.998327e-01 6.243042e-03 -2.940526e+00 -2.720952e-02 -6.709404e-03 9.996073e-01 2.070032e+02
9.995061e-01 1.653069e-02 2.672754e-02 1.792049e-01 -1.666977e-02 9.998486e-01 4.988951e-03 -2.942604e+00 -2.664103e-02 -5.432029e-03 9.996303e-01 2.084425e+02
9.995154e-01 1.589082e-02 2.676526e-02 1.978426e-01 -1.603148e-02 9.998587e-01 5.048962e-03 -2.965915e+00 -2.668125e-02 -5.475603e-03 9.996290e-01 2.099588e+02
9.994916e-01 1.733287e-02 2.676102e-02 2.277388e-01 -1.747854e-02 9.998336e-01 5.219217e-03 -2.983379e+00 -2.666610e-02 -5.684307e-03 9.996282e-01 2.114572e+02
9.994602e-01 1.879908e-02 2.694449e-02 2.482166e-01 -1.897106e-02 9.998012e-01 6.141457e-03 -3.000232e+00 -2.682368e-02 -6.649307e-03 9.996181e-01 2.129124e+02
9.994744e-01 1.838251e-02 2.670184e-02 2.689499e-01 -1.853653e-02 9.998129e-01 5.532012e-03 -3.012239e+00 -2.659515e-02 -6.024064e-03 9.996281e-01 2.143577e+02
9.994676e-01 1.807939e-02 2.716151e-02 2.709424e-01 -1.820962e-02 9.998238e-01 4.555218e-03 -3.027033e+00 -2.707437e-02 -5.047394e-03 9.996207e-01 2.158255e+02
9.995577e-01 1.550637e-02 2.537562e-02 3.947873e-01 -1.566858e-02 9.998580e-01 6.206237e-03 -3.095548e+00 -2.527578e-02 -6.601092e-03 9.996587e-01 2.172792e+02
9.995612e-01 1.587912e-02 2.500588e-02 4.186635e-01 -1.604248e-02 9.998512e-01 6.345635e-03 -3.120660e+00 -2.490140e-02 -6.744007e-03 9.996672e-01 2.187691e+02
9.995372e-01 1.659067e-02 2.549642e-02 4.217867e-01 -1.675314e-02 9.998406e-01 6.171830e-03 -3.139336e+00 -2.538996e-02 -6.596120e-03 9.996558e-01 2.202493e+02
9.995458e-01 1.608787e-02 2.548389e-02 4.363385e-01 -1.623894e-02 9.998517e-01 5.732249e-03 -3.141003e+00 -2.538789e-02 -6.143477e-03 9.996588e-01 2.217418e+02
9.995240e-01 1.762029e-02 2.532386e-02 4.431044e-01 -1.775754e-02 9.998288e-01 5.205237e-03 -3.160869e+00 -2.522781e-02 -5.652449e-03 9.996657e-01 2.232696e+02
9.995586e-01 1.658083e-02 2.465309e-02 4.705495e-01 -1.672139e-02 9.998450e-01 5.506416e-03 -3.176583e+00 -2.455797e-02 -5.916220e-03 9.996809e-01 2.247793e+02
9.995555e-01 1.744618e-02 2.417522e-02 5.215715e-01 -1.758371e-02 9.998303e-01 5.487869e-03 -3.200706e+00 -2.407537e-02 -5.910520e-03 9.996927e-01 2.263611e+02
9.995619e-01 1.708602e-02 2.416844e-02 5.491434e-01 -1.722720e-02 9.998357e-01 5.645660e-03 -3.220503e+00 -2.406800e-02 -6.059541e-03 9.996920e-01 2.278631e+02
9.995867e-01 1.546091e-02 2.423516e-02 5.773681e-01 -1.560031e-02 9.998628e-01 5.573342e-03 -3.238937e+00 -2.414566e-02 -5.949114e-03 9.996908e-01 2.293786e+02
9.995893e-01 1.458184e-02 2.466803e-02 6.027439e-01 -1.472887e-02 9.998748e-01 5.789246e-03 -3.257153e+00 -2.458052e-02 -6.150201e-03 9.996789e-01 2.308893e+02
9.996014e-01 1.316137e-02 2.497613e-02 6.258592e-01 -1.333922e-02 9.998868e-01 6.967728e-03 -3.279667e+00 -2.488160e-02 -7.298113e-03 9.996638e-01 2.323585e+02
9.995915e-01 1.356720e-02 2.515386e-02 6.542761e-01 -1.374687e-02 9.998811e-01 6.983682e-03 -3.292133e+00 -2.505612e-02 -7.326616e-03 9.996592e-01 2.338933e+02
9.995721e-01 1.454794e-02 2.537615e-02 6.734418e-01 -1.471863e-02 9.998702e-01 6.552653e-03 -3.307677e+00 -2.527753e-02 -6.923351e-03 9.996565e-01 2.354367e+02
9.995773e-01 1.420135e-02 2.536989e-02 7.011964e-01 -1.436742e-02 9.998764e-01 6.375669e-03 -3.335559e+00 -2.527621e-02 -6.737474e-03 9.996578e-01 2.369837e+02
9.995394e-01 1.546282e-02 2.611232e-02 7.200567e-01 -1.564083e-02 9.998557e-01 6.626553e-03 -3.337207e+00 -2.600609e-02 -7.031919e-03 9.996371e-01 2.385189e+02
9.995077e-01 1.592463e-02 2.703119e-02 7.446153e-01 -1.616762e-02 9.998306e-01 8.794619e-03 -3.355505e+00 -2.688656e-02 -9.227320e-03 9.995959e-01 2.400601e+02
9.995006e-01 1.550222e-02 2.753637e-02 7.751307e-01 -1.576976e-02 9.998302e-01 9.525639e-03 -3.376013e+00 -2.738403e-02 -9.955124e-03 9.995754e-01 2.416294e+02
9.994718e-01 1.602904e-02 2.826914e-02 8.002596e-01 -1.626707e-02 9.998340e-01 8.210369e-03 -3.392269e+00 -2.813284e-02 -8.665890e-03 9.995666e-01 2.431126e+02
9.994569e-01 1.668573e-02 2.841505e-02 8.442795e-01 -1.688912e-02 9.998333e-01 6.933062e-03 -3.406615e+00 -2.829464e-02 -7.409202e-03 9.995722e-01 2.446165e+02
9.994316e-01 1.725452e-02 2.896040e-02 8.663951e-01 -1.747843e-02 9.998192e-01 7.496371e-03 -3.422853e+00 -2.882581e-02 -7.998292e-03 9.995524e-01 2.461343e+02
9.994394e-01 1.702127e-02 2.882932e-02 9.102787e-01 -1.726555e-02 9.998170e-01 8.245487e-03 -3.428055e+00 -2.868369e-02 -8.738618e-03 9.995503e-01 2.476961e+02
9.994643e-01 1.637279e-02 2.833804e-02 9.374179e-01 -1.666217e-02 9.998111e-01 1.000586e-02 -3.465059e+00 -2.816886e-02 -1.047267e-02 9.995483e-01 2.491595e+02
9.995943e-01 1.389092e-02 2.486555e-02 1.011925e+00 -1.413185e-02 9.998546e-01 9.540086e-03 -3.483094e+00 -2.472941e-02 -9.887611e-03 9.996453e-01 2.508148e+02
9.995692e-01 1.489996e-02 2.528791e-02 1.028632e+00 -1.516265e-02 9.998327e-01 1.022830e-02 -3.504667e+00 -2.513128e-02 -1.060732e-02 9.996279e-01 2.523577e+02
9.995493e-01 1.587364e-02 2.548066e-02 1.055178e+00 -1.614000e-02 9.998169e-01 1.028228e-02 -3.518819e+00 -2.531277e-02 -1.068890e-02 9.996224e-01 2.539018e+02
9.995340e-01 1.623227e-02 2.585075e-02 1.076505e+00 -1.650245e-02 9.998111e-01 1.027245e-02 -3.523015e+00 -2.567912e-02 -1.069426e-02 9.996130e-01 2.554502e+02
9.995478e-01 1.509353e-02 2.600705e-02 1.110603e+00 -1.536693e-02 9.998284e-01 1.034496e-02 -3.531203e+00 -2.584644e-02 -1.073993e-02 9.996082e-01 2.570078e+02
9.995619e-01 1.358629e-02 2.629380e-02 1.139758e+00 -1.387798e-02 9.998438e-01 1.094307e-02 -3.536997e+00 -2.614102e-02 -1.130318e-02 9.995943e-01 2.585620e+02
9.995969e-01 1.103743e-02 2.615865e-02 1.189885e+00 -1.134276e-02 9.998689e-01 1.155251e-02 -3.546730e+00 -2.602771e-02 -1.184457e-02 9.995911e-01 2.601100e+02
9.996145e-01 9.986756e-03 2.590632e-02 1.225361e+00 -1.027432e-02 9.998868e-01 1.099080e-02 -3.559752e+00 -2.579363e-02 -1.125273e-02 9.996039e-01 2.616630e+02
9.996347e-01 9.221393e-03 2.540674e-02 1.268276e+00 -9.472018e-03 9.999075e-01 9.761889e-03 -3.563643e+00 -2.531438e-02 -9.998975e-03 9.996296e-01 2.631709e+02
9.996433e-01 6.546300e-03 2.589144e-02 1.292208e+00 -6.848238e-03 9.999094e-01 1.159027e-02 -3.569267e+00 -2.581322e-02 -1.176345e-02 9.995975e-01 2.647153e+02
9.996352e-01 4.522566e-03 2.662849e-02 1.325807e+00 -4.885677e-03 9.998958e-01 1.358695e-02 -3.583239e+00 -2.656426e-02 -1.371209e-02 9.995531e-01 2.661991e+02
9.996397e-01 3.778518e-03 2.657518e-02 1.356113e+00 -4.104276e-03 9.999170e-01 1.221414e-02 -3.583688e+00 -2.652682e-02 -1.231881e-02 9.995722e-01 2.677623e+02
9.996181e-01 3.354597e-03 2.742868e-02 1.359280e+00 -3.667950e-03 9.999285e-01 1.138196e-02 -3.589157e+00 -2.738853e-02 -1.147822e-02 9.995590e-01 2.692701e+02
9.995878e-01 4.711485e-03 2.831969e-02 1.392537e+00 -5.019842e-03 9.999288e-01 1.082723e-02 -3.596533e+00 -2.826666e-02 -1.096493e-02 9.995403e-01 2.708282e+02
9.995412e-01 7.167875e-03 2.942634e-02 1.431862e+00 -7.485622e-03 9.999147e-01 1.070211e-02 -3.610535e+00 -2.934712e-02 -1.091747e-02 9.995096e-01 2.723820e+02
9.994809e-01 1.195999e-02 2.991449e-02 1.476268e+00 -1.227364e-02 9.998714e-01 1.032338e-02 -3.657263e+00 -2.978718e-02 -1.068518e-02 9.994991e-01 2.739345e+02
9.994715e-01 9.432553e-03 3.110827e-02 1.453974e+00 -9.785293e-03 9.998893e-01 1.120641e-02 -3.654938e+00 -3.099912e-02 -1.150489e-02 9.994532e-01 2.754597e+02
9.994242e-01 1.046960e-02 3.227559e-02 1.482852e+00 -1.082015e-02 9.998841e-01 1.070547e-02 -3.656919e+00 -3.215977e-02 -1.104853e-02 9.994217e-01 2.769869e+02
9.993976e-01 1.056638e-02 3.305559e-02 1.516630e+00 -1.091143e-02 9.998876e-01 1.027536e-02 -3.668832e+00 -3.294330e-02 -1.062985e-02 9.994007e-01 2.785215e+02
9.993568e-01 1.113984e-02 3.408708e-02 1.571075e+00 -1.146761e-02 9.998897e-01 9.435315e-03 -3.684725e+00 -3.397821e-02 -9.820144e-03 9.993743e-01 2.800464e+02
9.993327e-01 1.069940e-02 3.492349e-02 1.589776e+00 -1.104425e-02 9.998920e-01 9.696657e-03 -3.699290e+00 -3.481597e-02 -1.007589e-02 9.993429e-01 2.816473e+02
9.993098e-01 9.783565e-03 3.583505e-02 1.634641e+00 -1.017993e-02 9.998888e-01 1.089520e-02 -3.719011e+00 -3.572448e-02 -1.125248e-02 9.992983e-01 2.831727e+02
9.992990e-01 9.353163e-03 3.624753e-02 1.668907e+00 -9.756777e-03 9.998922e-01 1.097410e-02 -3.725978e+00 -3.614097e-02 -1.132007e-02 9.992826e-01 2.847258e+02
9.992893e-01 9.302603e-03 3.653014e-02 1.699990e+00 -9.627503e-03 9.999155e-01 8.728227e-03 -3.746433e+00 -3.644586e-02 -9.073717e-03 9.992945e-01 2.861587e+02
9.993023e-01 7.376655e-03 3.661263e-02 1.736655e+00 -7.623596e-03 9.999491e-01 6.609666e-03 -3.756736e+00 -3.656201e-02 -6.884174e-03 9.993077e-01 2.876000e+02
9.993184e-01 8.018344e-03 3.603296e-02 1.794469e+00 -8.260275e-03 9.999443e-01 6.570311e-03 -3.774056e+00 -3.597827e-02 -6.863475e-03 9.993290e-01 2.891712e+02
9.993751e-01 6.818176e-03 3.468360e-02 1.851094e+00 -7.052081e-03 9.999532e-01 6.626105e-03 -3.792067e+00 -3.463679e-02 -6.866556e-03 9.993764e-01 2.907516e+02
9.994090e-01 6.334743e-03 3.378535e-02 1.868466e+00 -6.544808e-03 9.999599e-01 6.110678e-03 -3.800383e+00 -3.374529e-02 -6.328186e-03 9.994105e-01 2.923689e+02
9.994233e-01 6.839283e-03 3.326151e-02 1.914012e+00 -7.027682e-03 9.999599e-01 5.550561e-03 -3.812009e+00 -3.322222e-02 -5.781111e-03 9.994313e-01 2.939702e+02
9.994414e-01 6.863866e-03 3.270624e-02 1.954623e+00 -7.067564e-03 9.999563e-01 6.116563e-03 -3.832391e+00 -3.266283e-02 -6.344300e-03 9.994463e-01 2.955788e+02
9.994830e-01 6.045729e-03 3.157833e-02 1.994898e+00 -6.252875e-03 9.999595e-01 6.465118e-03 -3.851748e+00 -3.153797e-02 -6.659231e-03 9.994804e-01 2.970492e+02
9.995171e-01 5.932657e-03 3.049981e-02 2.034605e+00 -6.175729e-03 9.999499e-01 7.881614e-03 -3.875108e+00 -3.045152e-02 -8.066168e-03 9.995037e-01 2.986023e+02
9.995148e-01 7.764986e-03 3.016470e-02 2.061340e+00 -8.041877e-03 9.999266e-01 9.068864e-03 -3.881469e+00 -3.009207e-02 -9.307045e-03 9.995038e-01 3.002092e+02
9.994708e-01 8.171678e-03 3.148651e-02 2.056761e+00 -8.466844e-03 9.999213e-01 9.252465e-03 -3.893102e+00 -3.140843e-02 -9.514160e-03 9.994614e-01 3.017998e+02
9.994656e-01 8.460021e-03 3.157297e-02 2.115605e+00 -8.743373e-03 9.999226e-01 8.847266e-03 -3.898963e+00 -3.149568e-02 -9.118593e-03 9.994623e-01 3.034099e+02
9.994569e-01 6.931914e-03 3.221384e-02 2.145229e+00 -7.214213e-03 9.999365e-01 8.655348e-03 -3.930752e+00 -3.215180e-02 -8.883045e-03 9.994435e-01 3.048164e+02
9.994537e-01 5.089465e-03 3.265448e-02 2.169673e+00 -5.345357e-03 9.999557e-01 7.753840e-03 -3.947608e+00 -3.261357e-02 -7.924154e-03 9.994366e-01 3.064229e+02
9.994296e-01 3.687307e-03 3.356807e-02 2.190773e+00 -3.883575e-03 9.999757e-01 5.783524e-03 -3.956127e+00 -3.354593e-02 -5.910589e-03 9.994197e-01 3.080314e+02
9.994340e-01 4.361238e-03 3.335704e-02 2.237792e+00 -4.492300e-03 9.999825e-01 3.855095e-03 -3.930242e+00 -3.333964e-02 -4.002763e-03 9.994361e-01 3.095955e+02
9.995059e-01 5.092528e-03 3.101646e-02 2.267341e+00 -5.181827e-03 9.999827e-01 2.799371e-03 -3.944043e+00 -3.100167e-02 -2.958709e-03 9.995149e-01 3.112309e+02
9.995626e-01 6.277184e-03 2.889875e-02 2.298603e+00 -6.375801e-03 9.999741e-01 3.321607e-03 -3.960068e+00 -2.887715e-02 -3.504407e-03 9.995768e-01 3.128498e+02
9.995700e-01 6.996370e-03 2.847573e-02 2.331442e+00 -7.199673e-03 9.999493e-01 7.043262e-03 -3.992486e+00 -2.842501e-02 -7.245250e-03 9.995697e-01 3.144824e+02
9.995633e-01 5.293750e-03 2.907228e-02 2.365812e+00 -5.596237e-03 9.999310e-01 1.033317e-02 -4.011380e+00 -2.901558e-02 -1.049136e-02 9.995239e-01 3.161021e+02
9.995697e-01 4.742804e-03 2.894796e-02 2.401768e+00 -5.061924e-03 9.999271e-01 1.096061e-02 -4.009960e+00 -2.889387e-02 -1.110243e-02 9.995208e-01 3.176552e+02
9.995579e-01 4.237069e-03 2.942894e-02 2.436271e+00 -4.518527e-03 9.999446e-01 9.504060e-03 -4.014927e+00 -2.938704e-02 -9.632834e-03 9.995217e-01 3.193147e+02
9.995413e-01 3.424273e-03 3.009244e-02 2.454551e+00 -3.712694e-03 9.999477e-01 9.533838e-03 -4.025530e+00 -3.005822e-02 -9.641188e-03 9.995016e-01 3.209184e+02
9.995075e-01 3.033628e-03 3.123445e-02 2.465055e+00 -3.345898e-03 9.999449e-01 9.950208e-03 -4.039924e+00 -3.120255e-02 -1.004982e-02 9.994625e-01 3.225040e+02
9.994756e-01 3.350514e-03 3.220677e-02 2.492235e+00 -3.673561e-03 9.999435e-01 9.976463e-03 -4.057913e+00 -3.217153e-02 -1.008955e-02 9.994314e-01 3.241357e+02
9.994567e-01 4.961096e-03 3.258380e-02 2.520522e+00 -5.256074e-03 9.999459e-01 8.973488e-03 -4.069980e+00 -3.253752e-02 -9.139875e-03 9.994287e-01 3.257551e+02
9.994166e-01 5.630382e-03 3.368409e-02 2.544504e+00 -5.916849e-03 9.999471e-01 8.410876e-03 -4.089589e+00 -3.363495e-02 -8.605273e-03 9.993972e-01 3.273891e+02
9.993864e-01 4.732240e-03 3.470614e-02 2.584640e+00 -5.083107e-03 9.999368e-01 1.002840e-02 -4.095333e+00 -3.465649e-02 -1.019866e-02 9.993473e-01 3.290351e+02
9.993990e-01 3.623306e-03 3.447540e-02 2.639702e+00 -4.005996e-03 9.999310e-01 1.103778e-02 -4.118175e+00 -3.443303e-02 -1.116925e-02 9.993446e-01 3.306595e+02
9.993942e-01 1.960350e-03 3.474755e-02 2.687740e+00 -2.322434e-03 9.999434e-01 1.038313e-02 -4.134694e+00 -3.472523e-02 -1.045754e-02 9.993422e-01 3.322327e+02
9.993435e-01 1.351076e-03 3.620508e-02 2.723467e+00 -1.740741e-03 9.999409e-01 1.073335e-02 -4.124448e+00 -3.618843e-02 -1.078933e-02 9.992867e-01 3.336515e+02
9.993388e-01 2.945394e-03 3.623951e-02 2.756812e+00 -3.269163e-03 9.999552e-01 8.878146e-03 -4.139849e+00 -3.621174e-02 -8.990749e-03 9.993037e-01 3.352535e+02
9.993572e-01 4.512800e-03 3.556414e-02 2.809202e+00 -4.753573e-03 9.999663e-01 6.688470e-03 -4.178447e+00 -3.553276e-02 -6.853228e-03 9.993450e-01 3.368238e+02
9.993947e-01 5.737166e-03 3.431376e-02 2.876235e+00 -5.976395e-03 9.999585e-01 6.873288e-03 -4.182273e+00 -3.427291e-02 -7.074200e-03 9.993875e-01 3.384373e+02
9.994078e-01 6.713411e-03 3.374972e-02 2.912537e+00 -7.081409e-03 9.999167e-01 1.079605e-02 -4.212624e+00 -3.367443e-02 -1.102865e-02 9.993720e-01 3.400326e+02
9.994206e-01 8.238282e-03 3.302342e-02 2.945349e+00 -8.691748e-03 9.998696e-01 1.361169e-02 -4.225604e+00 -3.290698e-02 -1.389083e-02 9.993619e-01 3.416670e+02
9.994572e-01 8.668844e-03 3.178099e-02 2.979632e+00 -9.057163e-03 9.998859e-01 1.209508e-02 -4.223113e+00 -3.167251e-02 -1.237637e-02 9.994217e-01 3.433027e+02
9.995139e-01 7.840308e-03 3.017544e-02 3.018700e+00 -8.161729e-03 9.999111e-01 1.054335e-02 -4.231391e+00 -3.009009e-02 -1.078451e-02 9.994890e-01 3.448811e+02
9.995650e-01 6.715219e-03 2.871867e-02 3.051142e+00 -7.058603e-03 9.999046e-01 1.187221e-02 -4.239711e+00 -2.863620e-02 -1.206976e-02 9.995170e-01 3.464986e+02
9.996242e-01 4.570046e-03 2.702957e-02 3.115799e+00 -4.911271e-03 9.999089e-01 1.257124e-02 -4.253866e+00 -2.696965e-02 -1.269926e-02 9.995556e-01 3.480961e+02
9.996213e-01 4.784328e-03 2.709804e-02 3.137070e+00 -5.104050e-03 9.999180e-01 1.174183e-02 -4.266313e+00 -2.703965e-02 -1.187569e-02 9.995638e-01 3.497458e+02
9.996610e-01 3.593217e-03 2.578550e-02 3.197925e+00 -3.871059e-03 9.999349e-01 1.073331e-02 -4.269019e+00 -2.574525e-02 -1.082949e-02 9.996099e-01 3.512622e+02
9.996439e-01 3.787124e-03 2.641268e-02 3.216440e+00 -4.059913e-03 9.999389e-01 1.028196e-02 -4.273849e+00 -2.637213e-02 -1.038553e-02 9.995983e-01 3.528805e+02
9.996462e-01 3.352247e-03 2.638622e-02 3.247559e+00 -3.621711e-03 9.999417e-01 1.017116e-02 -4.287710e+00 -2.635058e-02 -1.026312e-02 9.996001e-01 3.544799e+02
9.996289e-01 3.141326e-03 2.705850e-02 3.264107e+00 -3.401521e-03 9.999484e-01 9.575350e-03 -4.298634e+00 -2.702702e-02 -9.663837e-03 9.995880e-01 3.560750e+02
9.996110e-01 3.276129e-03 2.769847e-02 3.285298e+00 -3.522979e-03 9.999545e-01 8.867946e-03 -4.311429e+00 -2.766816e-02 -8.962077e-03 9.995770e-01 3.576817e+02
