1.000000e+00 0.000000e+00 0.000000e+00 0.000000e+00 0.000000e+00 1.000000e+00 0.000000e+00 0.000000e+00 0.000000e+00 0.000000e+00 1.000000e+00 0.000000e+00
9.999978e-01 -1.439478e-03 -1.527046e-03 -4.747592e-03 1.438008e-03 9.999985e-01 -9.634863e-04 -1.029122e-02 1.528430e-03 9.612883e-04 9.999984e-01 5.817353e-01
9.999943e-01 -2.121772e-03 -2.623181e-03 -1.574503e-02 2.115463e-03 9.999949e-01 -2.405758e-03 -2.139531e-02 2.628272e-03 2.400195e-03 9.999937e-01 1.152674e+00
9.999867e-01 -2.543264e-03 -4.485038e-03 -2.209258e-02 2.527087e-03 9.999903e-01 -3.608789e-03 -3.755131e-02 4.494173e-03 3.597406e-03 9.999834e-01 1.714863e+00
9.999682e-01 -4.666571e-03 -6.472457e-03 -2.379045e-02 4.631813e-03 9.999748e-01 -5.374754e-03 -4.663831e-02 6.497376e-03 5.344604e-03 9.999646e-01 2.268942e+00
9.999436e-01 -6.776143e-03 -8.178508e-03 -2.975837e-02 6.715112e-03 9.999496e-01 -7.466888e-03 -5.988627e-02 8.228692e-03 7.411547e-03 9.999387e-01 2.837705e+00
9.999214e-01 -8.190138e-03 -9.492262e-03 -3.778870e-02 8.111729e-03 9.999329e-01 -8.269595e-03 -6.651697e-02 9.559355e-03 8.191947e-03 9.999207e-01 3.408476e+00
9.999059e-01 -8.480653e-03 -1.078202e-02 -5.445385e-02 8.399514e-03 9.999362e-01 -7.548613e-03 -8.064464e-02 1.084535e-02 7.457338e-03 9.999134e-01 3.988266e+00
9.998892e-01 -8.614227e-03 -1.213817e-02 -5.380108e-02 8.520058e-03 9.999334e-01 -7.788542e-03 -1.015121e-01 1.220446e-02 7.684262e-03 9.998960e-01 4.558944e+00
9.998816e-01 -7.886322e-03 -1.320923e-02 -5.890191e-02 7.750818e-03 9.999171e-01 -1.027830e-02 -1.247064e-01 1.328919e-02 1.017470e-02 9.998599e-01 5.136703e+00
9.998761e-01 -6.237104e-03 -1.445603e-02 -8.278868e-02 6.032509e-03 9.998816e-01 -1.415354e-02 -1.381602e-01 1.454260e-02 1.406458e-02 9.997953e-01 5.759520e+00
9.998639e-01 -5.608980e-03 -1.551559e-02 -1.153888e-01 5.326045e-03 9.998199e-01 -1.821714e-02 -1.409737e-01 1.561497e-02 1.813203e-02 9.997137e-01 6.409070e+00
9.998568e-01 -3.513333e-03 -1.655230e-02 -1.350600e-01 3.211124e-03 9.998283e-01 -1.824915e-02 -1.541091e-01 1.661357e-02 1.819338e-02 9.996964e-01 7.036863e+00
9.998453e-01 -9.688641e-04 -1.756268e-02 -1.584508e-01 7.680031e-04 9.999343e-01 -1.143995e-02 -1.660935e-01 1.757261e-02 1.142469e-02 9.997803e-01 7.700463e+00
9.998327e-01 1.651553e-05 -1.828832e-02 -1.691895e-01 -3.196000e-05 9.999996e-01 -8.442073e-04 -1.801337e-01 1.828830e-02 8.446506e-04 9.998324e-01 8.360087e+00
9.998117e-01 8.441955e-04 -1.938738e-02 -1.836685e-01 -7.309556e-04 9.999827e-01 5.847250e-03 -1.940460e-01 1.939198e-02 -5.831978e-03 9.997950e-01 9.036735e+00
9.997851e-01 2.890292e-03 -2.053008e-02 -2.095248e-01 -2.788154e-03 9.999836e-01 5.001910e-03 -2.129827e-01 2.054420e-02 -4.943594e-03 9.997767e-01 9.718993e+00
9.997444e-01 5.662333e-03 -2.188863e-02 -2.157474e-01 -5.709004e-03 9.999816e-01 -2.070297e-03 -2.246784e-01 2.187650e-02 2.194730e-03 9.997582e-01 1.040285e+01
9.997302e-01 5.367066e-03 -2.260066e-02 -2.420142e-01 -5.554069e-03 9.999508e-01 -8.219583e-03 -2.250589e-01 2.255543e-02 8.342891e-03 9.997108e-01 1.112061e+01
9.997121e-01 3.337809e-03 -2.376142e-02 -2.613493e-01 -3.494272e-03 9.999725e-01 -6.546269e-03 -2.314780e-01 2.373892e-02 6.627413e-03 9.996962e-01 1.185926e+01
9.997030e-01 2.628546e-03 -2.422587e-02 -2.846143e-01 -2.563758e-03 9.999930e-01 2.705015e-03 -2.404050e-01 2.423282e-02 -2.642103e-03 9.997029e-01 1.263551e+01
9.996983e-01 2.230886e-03 -2.445803e-02 -3.117875e-01 -1.982499e-03 9.999462e-01 1.017518e-02 -2.479085e-01 2.447942e-02 -1.012363e-02 9.996490e-01 1.342011e+01
9.996853e-01 1.268467e-03 -2.505097e-02 -3.351207e-01 -9.445008e-04 9.999158e-01 1.293990e-02 -2.568580e-01 2.506527e-02 -1.291216e-02 9.996024e-01 1.420521e+01
9.996864e-01 -3.647605e-04 -2.503966e-02 -3.625207e-01 6.635934e-04 9.999287e-01 1.192711e-02 -2.580425e-01 2.503353e-02 -1.193998e-02 9.996153e-01 1.500341e+01
9.996954e-01 -8.129529e-04 -2.466521e-02 -3.843434e-01 1.040023e-03 9.999572e-01 9.194661e-03 -2.551275e-01 2.465668e-02 -9.217513e-03 9.996535e-01 1.583462e+01
9.997097e-01 2.247505e-03 -2.398953e-02 -4.159423e-01 -2.108653e-03 9.999809e-01 5.811751e-03 -2.590144e-01 2.400214e-02 -5.759478e-03 9.996953e-01 1.668368e+01
9.997357e-01 -1.004443e-03 -2.297080e-02 -4.369586e-01 1.012463e-03 9.999994e-01 3.374867e-04 -2.665089e-01 2.297045e-02 -3.606546e-04 9.997361e-01 1.752675e+01
9.997446e-01 -3.881143e-03 -2.226475e-02 -4.631278e-01 3.753189e-03 9.999762e-01 -5.785883e-03 -2.791440e-01 2.228668e-02 5.700842e-03 9.997354e-01 1.838914e+01
9.997718e-01 -3.137942e-03 -2.112858e-02 -4.981454e-01 2.904744e-03 9.999346e-01 -1.105874e-02 -2.933767e-01 2.116190e-02 1.099484e-02 9.997156e-01 1.929805e+01
9.997680e-01 -1.511520e-03 -2.148649e-02 -4.989347e-01 1.262861e-03 9.999321e-01 -1.158168e-02 -3.170045e-01 2.150253e-02 1.155186e-02 9.997020e-01 2.016453e+01
9.997679e-01 -1.425444e-03 -2.149622e-02 -5.476181e-01 1.188658e-03 9.999385e-01 -1.102396e-02 -3.364893e-01 2.151061e-02 1.099585e-02 9.997082e-01 2.113276e+01
9.997635e-01 2.531381e-04 -2.174370e-02 -5.719574e-01 -5.270296e-04 9.999206e-01 -1.259156e-02 -3.566134e-01 2.173878e-02 1.260004e-02 9.996843e-01 2.207720e+01
9.997490e-01 2.073978e-03 -2.230817e-02 -5.764620e-01 -2.399609e-03 9.998908e-01 -1.458009e-02 -3.775547e-01 2.227550e-02 1.462996e-02 9.996448e-01 2.299414e+01
9.997246e-01 6.038907e-03 -2.267496e-02 -6.002713e-01 -6.384766e-03 9.998639e-01 -1.521165e-02 -4.049942e-01 2.258001e-02 1.535223e-02 9.996272e-01 2.396098e+01
9.997203e-01 7.676509e-03 -2.236680e-02 -6.445217e-01 -8.018538e-03 9.998516e-01 -1.524251e-02 -4.331086e-01 2.224647e-02 1.541760e-02 9.996336e-01 2.493724e+01
9.997302e-01 5.684121e-03 -2.252020e-02 -6.878526e-01 -6.033355e-03 9.998621e-01 -1.547012e-02 -4.469832e-01 2.242916e-02 1.560182e-02 9.996267e-01 2.600809e+01
9.997311e-01 5.878971e-03 -2.242910e-02 -7.199536e-01 -6.222432e-03 9.998640e-01 -1.527425e-02 -4.761559e-01 2.233626e-02 1.540971e-02 9.996318e-01 2.700354e+01
9.997136e-01 6.698315e-03 -2.297518e-02 -7.514005e-01 -7.024922e-03 9.998750e-01 -1.416457e-02 -5.038517e-01 2.287743e-02 1.432191e-02 9.996357e-01 2.800917e+01
9.997058e-01 7.601087e-03 -2.303503e-02 -7.921110e-01 -7.881898e-03 9.998955e-01 -1.212444e-02 -5.347301e-01 2.294046e-02 1.230243e-02 9.996611e-01 2.902952e+01
9.996964e-01 8.507967e-03 -2.312208e-02 -8.225113e-01 -8.760129e-03 9.999030e-01 -1.082637e-02 -5.656701e-01 2.302773e-02 1.102563e-02 9.996740e-01 3.001013e+01
9.996920e-01 8.176406e-03 -2.343428e-02 -8.449962e-01 -8.461213e-03 9.998912e-01 -1.208015e-02 -5.863151e-01 2.333295e-02 1.227471e-02 9.996524e-01 3.102102e+01
9.996701e-01 9.592370e-03 -2.382321e-02 -8.741994e-01 -9.906049e-03 9.998654e-01 -1.308402e-02 -6.135668e-01 2.369450e-02 1.331570e-02 9.996306e-01 3.206908e+01
9.996649e-01 8.936253e-03 -2.429349e-02 -9.060775e-01 -9.230735e-03 9.998850e-01 -1.203682e-02 -6.429025e-01 2.418314e-02 1.225703e-02 9.996324e-01 3.311079e+01
9.996596e-01 8.270013e-03 -2.474454e-02 -9.404837e-01 -8.505889e-03 9.999192e-01 -9.442439e-03 -6.684284e-01 2.466445e-02 9.649700e-03 9.996492e-01 3.416383e+01
9.996598e-01 8.809654e-03 -2.454703e-02 -9.915050e-01 -8.952927e-03 9.999435e-01 -5.732909e-03 -6.997727e-01 2.449513e-02 5.950727e-03 9.996822e-01 3.523347e+01
9.996409e-01 9.077733e-03 -2.521385e-02 -1.024418e+00 -9.165905e-03 9.999523e-01 -3.383619e-03 -7.230259e-01 2.518193e-02 3.613511e-03 9.996763e-01 3.628891e+01
9.996313e-01 8.780492e-03 -2.569338e-02 -1.055631e+00 -8.856388e-03 9.999567e-01 -2.841563e-03 -7.451421e-01 2.566732e-02 3.068066e-03 9.996659e-01 3.733879e+01
9.996246e-01 8.262201e-03 -2.612431e-02 -1.102054e+00 -8.379554e-03 9.999553e-01 -4.385808e-03 -7.649555e-01 2.608691e-02 4.603072e-03 9.996491e-01 3.842627e+01
9.995986e-01 8.479520e-03 -2.703281e-02 -1.133457e+00 -8.609713e-03 9.999519e-01 -4.703361e-03 -7.867065e-01 2.699162e-02 4.934218e-03 9.996235e-01 3.950291e+01
9.995826e-01 8.581335e-03 -2.758676e-02 -1.174032e+00 -8.680696e-03 9.999563e-01 -3.484009e-03 -8.101419e-01 2.755566e-02 3.722027e-03 9.996133e-01 4.059327e+01
9.995727e-01 8.483181e-03 -2.797277e-02 -1.221806e+00 -8.523654e-03 9.999628e-01 -1.327968e-03 -8.336027e-01 2.796046e-02 1.565830e-03 9.996078e-01 4.168528e+01
9.995680e-01 8.864985e-03 -2.802125e-02 -1.271151e+00 -8.839851e-03 9.999604e-01 1.020706e-03 -8.508258e-01 2.802919e-02 -7.725612e-04 9.996068e-01 4.277140e+01
9.995395e-01 1.046371e-02 -2.848359e-02 -1.318918e+00 -1.044154e-02 9.999450e-01 9.268497e-04 -8.694035e-01 2.849172e-02 -6.290103e-04 9.995939e-01 4.384585e+01
9.995232e-01 1.185350e-02 -2.851043e-02 -1.364620e+00 -1.194080e-02 9.999245e-01 -2.893800e-03 -8.916210e-01 2.847398e-02 3.232858e-03 9.995893e-01 4.492231e+01
9.995079e-01 1.316699e-02 -2.847173e-02 -1.400277e+00 -1.336719e-02 9.998872e-01 -6.852477e-03 -9.134343e-01 2.837829e-02 7.229692e-03 9.995711e-01 4.600750e+01
9.994979e-01 1.355917e-02 -2.863775e-02 -1.431020e+00 -1.377418e-02 9.998783e-01 -7.323851e-03 -9.352788e-01 2.853496e-02 7.714635e-03 9.995630e-01 4.710249e+01
9.994669e-01 1.594570e-02 -2.848962e-02 -1.405595e+00 -1.607599e-02 9.998613e-01 -4.350225e-03 -9.802003e-01 2.841630e-02 4.805905e-03 9.995846e-01 4.820483e+01
9.994591e-01 1.663761e-02 -2.836732e-02 -1.447631e+00 -1.671375e-02 9.998573e-01 -2.449151e-03 -1.002739e+00 2.832253e-02 2.921950e-03 9.995946e-01 4.930398e+01
9.994842e-01 1.502640e-02 -2.838365e-02 -1.484502e+00 -1.506231e-02 9.998860e-01 -1.051683e-03 -1.027058e+00 2.836461e-02 1.478664e-03 9.995965e-01 5.040402e+01
9.994837e-01 1.528696e-02 -2.825967e-02 -1.519233e+00 -1.534691e-02 9.998804e-01 -1.905808e-03 -1.053195e+00 2.822716e-02 2.338522e-03 9.995988e-01 5.150424e+01
9.995069e-01 1.527307e-02 -2.743554e-02 -1.579752e+00 -1.537686e-02 9.998754e-01 -3.575992e-03 -1.082287e+00 2.737750e-02 3.996101e-03 9.996172e-01 5.261066e+01
9.995076e-01 1.519538e-02 -2.745317e-02 -1.603846e+00 -1.536108e-02 9.998650e-01 -5.834921e-03 -1.103027e+00 2.736080e-02 6.253758e-03 9.996061e-01 5.369361e+01
9.995289e-01 1.424731e-02 -2.718408e-02 -1.642796e+00 -1.447838e-02 9.998605e-01 -8.322423e-03 -1.130014e+00 2.706172e-02 8.712084e-03 9.995958e-01 5.479450e+01
9.995510e-01 1.290386e-02 -2.704264e-02 -1.681770e+00 -1.321352e-02 9.998488e-01 -1.130375e-02 -1.167901e+00 2.689269e-02 1.165600e-02 9.995704e-01 5.588633e+01
9.995756e-01 1.123008e-02 -2.687781e-02 -1.709933e+00 -1.158633e-02 9.998466e-01 -1.313566e-02 -1.199417e+00 2.672618e-02 1.344150e-02 9.995524e-01 5.698342e+01
9.995963e-01 9.356083e-03 -2.682757e-02 -1.731279e+00 -9.649695e-03 9.998947e-01 -1.083592e-02 -1.230891e+00 2.672337e-02 1.109043e-02 9.995813e-01 5.808465e+01
9.996185e-01 7.843511e-03 -2.648452e-02 -1.773172e+00 -7.974186e-03 9.999565e-01 -4.831992e-03 -1.260477e+00 2.644547e-02 5.041340e-03 9.996375e-01 5.919100e+01
9.996346e-01 7.348412e-03 -2.601082e-02 -1.805930e+00 -7.320839e-03 9.999725e-01 1.155167e-03 -1.286102e+00 2.601859e-02 -9.643239e-04 9.996610e-01 6.026891e+01
9.996606e-01 5.267525e-03 -2.551275e-02 -1.851246e+00 -5.223610e-03 9.999847e-01 1.787659e-03 -1.303728e+00 2.552178e-02 -1.653784e-03 9.996729e-01 6.136530e+01
9.996712e-01 2.076162e-03 -2.555570e-02 -1.875948e+00 -2.102427e-03 9.999973e-01 -1.000937e-03 -1.323941e+00 2.555355e-02 1.054337e-03 9.996729e-01 6.245739e+01
9.996735e-01 9.573589e-04 -2.553402e-02 -1.916686e+00 -1.069944e-03 9.999897e-01 -4.395907e-03 -1.342053e+00 2.552955e-02 4.421792e-03 9.996643e-01 6.357108e+01
9.996784e-01 3.149838e-03 -2.516223e-02 -1.960386e+00 -3.356287e-03 9.999610e-01 -8.166727e-03 -1.378964e+00 2.513552e-02 8.248552e-03 9.996500e-01 6.465534e+01
9.996758e-01 3.845193e-03 -2.516874e-02 -1.994967e+00 -4.166811e-03 9.999102e-01 -1.273852e-02 -1.402987e+00 2.511750e-02 1.283926e-02 9.996021e-01 6.574815e+01
9.996696e-01 7.177541e-03 -2.468419e-02 -2.023432e+00 -7.502439e-03 9.998861e-01 -1.309491e-02 -1.438754e+00 2.458739e-02 1.327578e-02 9.996095e-01 6.680028e+01
9.996492e-01 9.151027e-03 -2.485665e-02 -2.009109e+00 -9.395233e-03 9.999086e-01 -9.725677e-03 -1.461161e+00 2.476537e-02 9.955798e-03 9.996437e-01 6.796046e+01
9.996442e-01 1.072135e-02 -2.442496e-02 -2.053143e+00 -1.090705e-02 9.999125e-01 -7.482450e-03 -1.493403e+00 2.434261e-02 7.746192e-03 9.996737e-01 6.906738e+01
9.996439e-01 1.025431e-02 -2.463567e-02 -2.078504e+00 -1.042152e-02 9.999235e-01 -6.668583e-03 -1.522923e+00 2.456540e-02 6.922950e-03 9.996743e-01 7.016027e+01
9.996626e-01 8.718958e-03 -2.446662e-02 -2.113036e+00 -8.860628e-03 9.999446e-01 -5.687928e-03 -1.551256e+00 2.441567e-02 5.902798e-03 9.996845e-01 7.126369e+01
9.996715e-01 7.645467e-03 -2.446113e-02 -2.159328e+00 -7.755516e-03 9.999602e-01 -4.407210e-03 -1.572954e+00 2.442646e-02 4.595472e-03 9.996911e-01 7.236233e+01
9.996641e-01 6.527341e-03 -2.508331e-02 -2.180151e+00 -6.587971e-03 9.999756e-01 -2.335287e-03 -1.596562e+00 2.506746e-02 2.499751e-03 9.996827e-01 7.345982e+01
9.996507e-01 5.464824e-03 -2.585915e-02 -2.218701e+00 -5.474993e-03 9.999850e-01 -3.224437e-04 -1.627670e+00 2.585700e-02 4.639097e-04 9.996656e-01 7.456390e+01
9.996445e-01 4.828324e-03 -2.621962e-02 -2.264669e+00 -4.873458e-03 9.999868e-01 -1.657736e-03 -1.651700e+00 2.621127e-02 1.784927e-03 9.996548e-01 7.566625e+01
9.996341e-01 5.161677e-03 -2.655114e-02 -2.308514e+00 -5.309126e-03 9.999709e-01 -5.485926e-03 -1.677371e+00 2.652205e-02 5.624882e-03 9.996324e-01 7.676392e+01
9.996153e-01 5.493223e-03 -2.718847e-02 -2.347825e+00 -5.698317e-03 9.999558e-01 -7.471692e-03 -1.703140e+00 2.714622e-02 7.623745e-03 9.996024e-01 7.784594e+01
9.995750e-01 7.458615e-03 -2.818371e-02 -2.380762e+00 -7.625814e-03 9.999539e-01 -5.829647e-03 -1.728809e+00 2.813893e-02 6.042093e-03 9.995857e-01 7.894280e+01
9.995522e-01 8.680231e-03 -2.863589e-02 -2.421199e+00 -8.728124e-03 9.999607e-01 -1.547923e-03 -1.751316e+00 2.862133e-02 1.797167e-03 9.995887e-01 8.004163e+01
9.995306e-01 9.957040e-03 -2.897529e-02 -2.467083e+00 -9.891257e-03 9.999481e-01 2.412746e-03 -1.773722e+00 2.899781e-02 -2.125011e-03 9.995772e-01 8.110821e+01
9.995216e-01 1.093714e-02 -2.893217e-02 -2.521582e+00 -1.084128e-02 9.999352e-01 3.468077e-03 -1.807936e+00 2.896823e-02 -3.152756e-03 9.995754e-01 8.215945e+01
9.994982e-01 1.098395e-02 -2.970774e-02 -2.555010e+00 -1.094481e-02 9.999390e-01 1.479857e-03 -1.826086e+00 2.972218e-02 -1.153969e-03 9.995576e-01 8.323247e+01
9.994853e-01 1.118024e-02 -3.006849e-02 -2.601310e+00 -1.116166e-02 9.999374e-01 7.857073e-04 -1.849132e+00 3.007539e-02 -4.496888e-04 9.995475e-01 8.431139e+01
9.994825e-01 1.012520e-02 -3.053223e-02 -2.647158e+00 -1.011549e-02 9.999487e-01 4.725778e-04 -1.869796e+00 3.053545e-02 -1.634847e-04 9.995337e-01 8.538087e+01
9.994633e-01 8.775748e-03 -3.156081e-02 -2.676127e+00 -8.752065e-03 9.999613e-01 8.884748e-04 -1.892964e+00 3.156739e-02 -6.117757e-04 9.995015e-01 8.642928e+01
9.994657e-01 7.314449e-03 -3.185662e-02 -2.724869e+00 -7.239759e-03 9.999708e-01 2.459267e-03 -1.913917e+00 3.187368e-02 -2.227318e-03 9.994894e-01 8.746676e+01
9.994479e-01 7.448600e-03 -3.237830e-02 -2.761090e+00 -7.286746e-03 9.999604e-01 5.113960e-03 -1.932434e+00 3.241511e-02 -4.875204e-03 9.994626e-01 8.847639e+01
9.994138e-01 6.782627e-03 -3.355534e-02 -2.796383e+00 -6.594230e-03 9.999619e-01 5.721988e-03 -1.947018e+00 3.359287e-02 -5.497362e-03 9.994205e-01 8.945998e+01
9.993530e-01 5.861420e-03 -3.548521e-02 -2.836695e+00 -5.649044e-03 9.999655e-01 6.082200e-03 -1.965301e+00 3.551963e-02 -5.877808e-03 9.993517e-01 9.043509e+01
9.992318e-01 4.745319e-03 -3.890153e-02 -2.887988e+00 -4.539858e-03 9.999753e-01 5.368206e-03 -1.985273e+00 3.892604e-02 -5.187475e-03 9.992287e-01 9.135691e+01
9.990330e-01 3.368894e-03 -4.383721e-02 -2.892966e+00 -3.193642e-03 9.999866e-01 4.067217e-03 -1.997917e+00 4.385033e-02 -3.923284e-03 9.990304e-01 9.232688e+01
9.988990e-01 3.360106e-03 -4.679257e-02 -2.942278e+00 -3.165753e-03 9.999861e-01 4.226981e-03 -2.013046e+00 4.680613e-02 -4.074194e-03 9.988957e-01 9.322463e+01
9.987362e-01 4.151186e-03 -5.008809e-02 -2.994114e+00 -3.892798e-03 9.999786e-01 5.255111e-03 -2.029489e+00 5.010884e-02 -5.053487e-03 9.987310e-01 9.409446e+01
9.986057e-01 5.296452e-03 -5.252292e-02 -3.070517e+00 -4.960081e-03 9.999664e-01 6.532555e-03 -2.053164e+00 5.255575e-02 -6.262929e-03 9.985983e-01 9.494739e+01
9.984238e-01 6.579561e-03 -5.573722e-02 -3.119143e+00 -6.136971e-03 9.999483e-01 8.108098e-03 -2.068357e+00 5.578769e-02 -7.753260e-03 9.984125e-01 9.577711e+01
9.982815e-01 7.803590e-03 -5.807923e-02 -3.183805e+00 -7.296294e-03 9.999334e-01 8.941500e-03 -2.080949e+00 5.814514e-02 -8.502371e-03 9.982719e-01 9.657428e+01
9.981294e-01 1.026994e-02 -6.026860e-02 -3.246026e+00 -9.718995e-03 9.999083e-01 9.427455e-03 -2.097796e+00 6.035990e-02 -8.824070e-03 9.981377e-01 9.734686e+01
9.979387e-01 1.192526e-02 -6.305643e-02 -3.301274e+00 -1.142945e-02 9.999009e-01 8.217759e-03 -2.110425e+00 6.314819e-02 -7.480120e-03 9.979761e-01 9.808528e+01
9.977762e-01 1.309201e-02 -6.535436e-02 -3.368569e+00 -1.281759e-02 9.999072e-01 4.616586e-03 -2.128242e+00 6.540874e-02 -3.768634e-03 9.978514e-01 9.879277e+01
9.975548e-01 1.553045e-02 -6.814164e-02 -3.417199e+00 -1.550263e-02 9.998794e-01 9.370788e-04 -2.143460e+00 6.814797e-02 1.215870e-04 9.976752e-01 9.947305e+01
9.973904e-01 1.746690e-02 -7.005266e-02 -3.473149e+00 -1.762015e-02 9.998435e-01 -1.570331e-03 -2.157815e+00 7.001427e-02 2.800571e-03 9.975421e-01 1.001178e+02
9.972844e-01 1.944201e-02 -7.103467e-02 -3.524313e+00 -1.967653e-02 9.998030e-01 -2.603172e-03 -2.172085e+00 7.097007e-02 3.993819e-03 9.974704e-01 1.007384e+02
9.972923e-01 2.176132e-02 -7.024648e-02 -3.576589e+00 -2.196157e-02 9.997566e-01 -2.079507e-03 -2.190597e+00 7.018413e-02 3.616599e-03 9.975275e-01 1.013392e+02
9.974000e-01 2.514202e-02 -6.753665e-02 -3.618385e+00 -2.523656e-02 9.996814e-01 -5.470125e-04 -2.203706e+00 6.750138e-02 2.249983e-03 9.977167e-01 1.018829e+02
9.976964e-01 2.788238e-02 -6.184220e-02 -3.661949e+00 -2.788060e-02 9.996108e-01 8.918992e-04 -2.220045e+00 6.184301e-02 8.343531e-04 9.980856e-01 1.024573e+02
9.981081e-01 2.790045e-02 -5.478725e-02 -3.689800e+00 -2.777849e-02 9.996096e-01 2.986534e-03 -2.234930e+00 5.484919e-02 -1.458977e-03 9.984936e-01 1.029389e+02
9.985914e-01 2.810165e-02 -4.500677e-02 -3.709221e+00 -2.788746e-02 9.995966e-01 5.379922e-03 -2.243143e+00 4.513980e-02 -4.117219e-03 9.989722e-01 1.034473e+02
9.990615e-01 2.766007e-02 -3.333295e-02 -3.720879e+00 -2.746121e-02 9.996023e-01 6.408847e-03 -2.252472e+00 3.349696e-02 -5.487469e-03 9.994237e-01 1.039306e+02
9.994407e-01 2.689935e-02 -1.986717e-02 -3.721534e+00 -2.676947e-02 9.996186e-01 6.774714e-03 -2.267552e+00 2.004183e-02 -6.239092e-03 9.997797e-01 1.043892e+02
9.996331e-01 2.665938e-02 -4.797741e-03 -3.716388e+00 -2.663014e-02 9.996270e-01 6.060170e-03 -2.280098e+00 4.957512e-03 -5.930182e-03 9.999701e-01 1.048284e+02
9.995869e-01 2.550820e-02 1.324096e-02 -3.699281e+00 -2.554924e-02 9.996693e-01 2.939442e-03 -2.290093e+00 -1.316160e-02 -3.276524e-03 9.999080e-01 1.052483e+02
9.990965e-01 2.466969e-02 3.460640e-02 -3.673299e+00 -2.463423e-02 9.996955e-01 -1.450718e-03 -2.304273e+00 -3.463165e-02 5.969059e-04 9.994000e-01 1.056606e+02
9.980252e-01 2.238776e-02 5.868997e-02 -3.625794e+00 -2.206299e-02 9.997375e-01 -6.175904e-03 -2.317442e+00 -5.881283e-02 4.868831e-03 9.982572e-01 1.060803e+02
9.961147e-01 2.014998e-02 8.572970e-02 -3.566045e+00 -1.944568e-02 9.997700e-01 -9.042601e-03 -2.326957e+00 -8.589219e-02 7.340395e-03 9.962774e-01 1.064854e+02
9.931757e-01 1.721574e-02 1.153496e-01 -3.492144e+00 -1.615889e-02 9.998185e-01 -1.009099e-02 -2.342826e+00 -1.155024e-01 8.158207e-03 9.932737e-01 1.068819e+02
9.888833e-01 1.499378e-02 1.479363e-01 -3.416821e+00 -1.336147e-02 9.998385e-01 -1.202150e-02 -2.353448e+00 -1.480926e-01 9.911216e-03 9.889238e-01 1.072528e+02
9.828749e-01 1.291099e-02 1.838215e-01 -3.318226e+00 -1.055345e-02 9.998491e-01 -1.379772e-02 -2.364301e+00 -1.839719e-01 1.162148e-02 9.828628e-01 1.076252e+02
9.748647e-01 9.710395e-03 2.225859e-01 -3.206801e+00 -6.733188e-03 9.998775e-01 -1.413053e-02 -2.380509e+00 -2.226958e-01 1.227665e-02 9.748107e-01 1.079963e+02
9.648442e-01 7.214210e-03 2.627234e-01 -3.078410e+00 -3.413839e-03 9.998829e-01 -1.491889e-02 -2.396078e+00 -2.628003e-01 1.349751e-02 9.647558e-01 1.083523e+02
9.523418e-01 8.737653e-03 3.049078e-01 -2.951597e+00 -3.958630e-03 9.998595e-01 -1.628839e-02 -2.404502e+00 -3.050073e-01 1.430509e-02 9.522426e-01 1.086856e+02
9.369878e-01 1.065536e-02 3.491995e-01 -2.806753e+00 -5.158389e-03 9.998478e-01 -1.666780e-02 -2.421123e+00 -3.493240e-01 1.381622e-02 9.369001e-01 1.090108e+02
9.189247e-01 1.024460e-02 3.942999e-01 -2.646217e+00 -4.651523e-03 9.998746e-01 -1.513801e-02 -2.436143e+00 -3.944055e-01 1.207660e-02 9.188572e-01 1.093311e+02
8.984038e-01 9.196450e-03 4.390740e-01 -2.476486e+00 -3.414503e-03 9.998968e-01 -1.395641e-02 -2.447100e+00 -4.391570e-01 1.103928e-02 8.983425e-01 1.096141e+02
8.751026e-01 8.089147e-03 4.838698e-01 -2.277157e+00 -9.994097e-04 9.998884e-01 -1.490826e-02 -2.453954e+00 -4.839364e-01 1.256267e-02 8.750130e-01 1.099073e+02
8.494909e-01 8.997592e-03 5.275264e-01 -2.069588e+00 2.723986e-04 9.998469e-01 -1.749223e-02 -2.464090e+00 -5.276031e-01 1.500319e-02 8.493585e-01 1.101893e+02
8.213692e-01 1.129380e-02 5.702851e-01 -1.852515e+00 7.406223e-04 9.997820e-01 -2.086616e-02 -2.479175e+00 -5.703964e-01 1.756118e-02 8.211818e-01 1.104591e+02
7.900995e-01 1.607338e-02 6.127678e-01 -1.619301e+00 -9.330360e-04 9.996865e-01 -2.501951e-02 -2.496638e+00 -6.129779e-01 1.919617e-02 7.898669e-01 1.107256e+02
7.567033e-01 2.235157e-02 6.533762e-01 -1.357602e+00 -4.323625e-03 9.995646e-01 -2.918708e-02 -2.505595e+00 -6.537442e-01 1.926100e-02 7.564705e-01 1.109651e+02
7.192807e-01 2.726041e-02 6.941845e-01 -1.077350e+00 -5.633455e-03 9.994258e-01 -3.341003e-02 -2.502800e+00 -6.946967e-01 2.012053e-02 7.190213e-01 1.112162e+02
6.800721e-01 2.708781e-02 7.326447e-01 -7.457717e-01 -4.343914e-03 9.994485e-01 -3.292004e-02 -2.549127e+00 -7.331324e-01 1.920546e-02 6.798147e-01 1.114791e+02
6.391217e-01 2.418119e-02 7.687255e-01 -4.564635e-01 -3.005994e-04 9.995134e-01 -3.119098e-02 -2.569124e+00 -7.691056e-01 1.970375e-02 6.388179e-01 1.116621e+02
5.948852e-01 2.237966e-02 8.034990e-01 -1.247178e-01 1.209320e-03 9.995863e-01 -2.873657e-02 -2.576185e+00 -8.038098e-01 1.806665e-02 5.946121e-01 1.118636e+02
5.483567e-01 2.114587e-02 8.359772e-01 1.947127e-01 1.292661e-03 9.996576e-01 -2.613405e-02 -2.587349e+00 -8.362436e-01 1.541141e-02 5.481415e-01 1.120378e+02
5.002140e-01 1.862551e-02 8.657014e-01 5.346375e-01 3.513076e-03 9.997168e-01 -2.353874e-02 -2.595351e+00 -8.658947e-01 1.481568e-02 5.000070e-01 1.121958e+02
4.491959e-01 1.483805e-02 8.933101e-01 9.078031e-01 5.330999e-03 9.997998e-01 -1.928753e-02 -2.615874e+00 -8.934174e-01 1.342611e-02 4.490268e-01 1.123424e+02
3.976714e-01 1.490265e-02 9.174069e-01 1.239836e+00 3.335640e-03 9.998380e-01 -1.768759e-02 -2.622008e+00 -9.175218e-01 1.009399e-02 3.975573e-01 1.124516e+02
3.464901e-01 1.966774e-02 9.378474e-01 1.621131e+00 -6.999852e-04 9.997853e-01 -2.070804e-02 -2.642545e+00 -9.380534e-01 6.518650e-03 3.464295e-01 1.125631e+02
2.957294e-01 2.494300e-02 9.549460e-01 1.995175e+00 -1.396726e-03 9.996693e-01 -2.567862e-02 -2.650037e+00 -9.552707e-01 6.260125e-03 2.956665e-01 1.126554e+02
2.489543e-01 2.706666e-02 9.681370e-01 2.432192e+00 -1.392833e-04 9.996104e-01 -2.791076e-02 -2.664988e+00 -9.685152e-01 6.813658e-03 2.488611e-01 1.127401e+02
2.077226e-01 2.656078e-02 9.778271e-01 2.827856e+00 7.350569e-03 9.995607e-01 -2.871263e-02 -2.680827e+00 -9.781601e-01 1.315185e-02 2.074361e-01 1.127822e+02
1.727162e-01 2.638016e-02 9.846183e-01 3.280890e+00 1.511068e-02 9.994527e-01 -2.942824e-02 -2.695524e+00 -9.848557e-01 1.996098e-02 1.722230e-01 1.128248e+02
1.421710e-01 2.778496e-02 9.894521e-01 3.773261e+00 2.013684e-02 9.993179e-01 -3.095540e-02 -2.704690e+00 -9.896373e-01 2.432540e-02 1.415146e-01 1.128769e+02
1.136883e-01 2.624648e-02 9.931697e-01 4.257520e+00 1.764890e-02 9.994399e-01 -2.843245e-02 -2.724677e+00 -9.933597e-01 2.076079e-02 1.131614e-01 1.129306e+02
8.827572e-02 2.276119e-02 9.958360e-01 4.767421e+00 1.148504e-02 9.996492e-01 -2.386644e-02 -2.740379e+00 -9.960299e-01 1.354405e-02 8.798334e-02 1.129739e+02
6.420279e-02 1.874905e-02 9.977607e-01 5.282948e+00 6.906124e-03 9.997912e-01 -1.923160e-02 -2.756239e+00 -9.979130e-01 8.125382e-03 6.405991e-02 1.130061e+02
4.186621e-02 1.624716e-02 9.989911e-01 5.821827e+00 1.071640e-02 9.998029e-01 -1.670947e-02 -2.777862e+00 -9.990658e-01 1.140515e-02 4.168385e-02 1.130079e+02
2.180651e-02 1.693541e-02 9.996188e-01 6.373545e+00 1.907436e-02 9.996675e-01 -1.735234e-02 -2.795821e+00 -9.995803e-01 1.944548e-02 2.147623e-02 1.129986e+02
4.443813e-03 1.925332e-02 9.998047e-01 6.940166e+00 2.357739e-02 9.995347e-01 -1.935291e-02 -2.820936e+00 -9.997121e-01 2.365879e-02 3.987802e-03 1.129844e+02
-9.961045e-03 2.462873e-02 9.996470e-01 7.536808e+00 2.420091e-02 9.994097e-01 -2.438173e-02 -2.833497e+00 -9.996575e-01 2.394950e-02 -1.055120e-02 1.129703e+02
-2.107392e-02 2.941996e-02 9.993449e-01 8.165231e+00 2.192566e-02 9.993402e-01 -2.895746e-02 -2.840079e+00 -9.995375e-01 2.130105e-02 -2.170507e-02 1.129671e+02
-2.737645e-02 2.893471e-02 9.992064e-01 8.805335e+00 2.719623e-02 9.992325e-01 -2.819034e-02 -2.869755e+00 -9.992552e-01 2.640289e-02 -2.814235e-02 1.129309e+02
-2.991633e-02 2.572071e-02 9.992214e-01 9.447366e+00 3.303206e-02 9.991483e-01 -2.472986e-02 -2.891912e+00 -9.990065e-01 3.226651e-02 -3.074046e-02 1.128961e+02
-2.955057e-02 2.392088e-02 9.992770e-01 1.010429e+01 3.419847e-02 9.991525e-01 -2.290658e-02 -2.921421e+00 -9.989781e-01 3.349684e-02 -3.034358e-02 1.128763e+02
-2.772266e-02 2.352504e-02 9.993388e-01 1.081469e+01 3.301837e-02 9.991990e-01 -2.260578e-02 -2.947543e+00 -9.990702e-01 3.236984e-02 -2.847722e-02 1.128740e+02
-2.648131e-02 2.387732e-02 9.993641e-01 1.151539e+01 2.969715e-02 9.992923e-01 -2.308868e-02 -2.967328e+00 -9.992081e-01 2.906684e-02 -2.717165e-02 1.128744e+02
-2.520397e-02 2.492706e-02 9.993715e-01 1.217866e+01 2.811365e-02 9.993113e-01 -2.421653e-02 -2.993818e+00 -9.992869e-01 2.748563e-02 -2.588740e-02 1.128521e+02
-2.424330e-02 2.592625e-02 9.993699e-01 1.291942e+01 2.893052e-02 9.992632e-01 -2.522167e-02 -3.010147e+00 -9.992874e-01 2.830083e-02 -2.497550e-02 1.128432e+02
-2.350258e-02 2.531624e-02 9.994032e-01 1.371946e+01 2.896309e-02 9.992769e-01 -2.463193e-02 -3.047801e+00 -9.993041e-01 2.836689e-02 -2.421883e-02 1.128260e+02
-2.242069e-02 2.401379e-02 9.994602e-01 1.452567e+01 2.812183e-02 9.993311e-01 -2.337983e-02 -3.070440e+00 -9.993531e-01 2.758245e-02 -2.308100e-02 1.127981e+02
-2.194893e-02 2.248877e-02 9.995061e-01 1.532587e+01 2.885780e-02 9.993446e-01 -2.185142e-02 -3.103728e+00 -9.993425e-01 2.836394e-02 -2.258353e-02 1.127847e+02
-2.207534e-02 2.063160e-02 9.995434e-01 1.617101e+01 3.005986e-02 9.993487e-01 -1.996369e-02 -3.126061e+00 -9.993043e-01 2.960543e-02 -2.268114e-02 1.127453e+02
-2.300355e-02 1.881630e-02 9.995583e-01 1.696253e+01 2.746549e-02 9.994574e-01 -1.818231e-02 -3.154261e+00 -9.993581e-01 2.703510e-02 -2.350787e-02 1.127291e+02
-2.454708e-02 1.779121e-02 9.995403e-01 1.777548e+01 2.657908e-02 9.994998e-01 -1.713775e-02 -3.178942e+00 -9.993453e-01 2.614618e-02 -2.500767e-02 1.127211e+02
-2.486964e-02 1.521647e-02 9.995749e-01 1.860427e+01 2.930394e-02 9.994656e-01 -1.448572e-02 -3.204031e+00 -9.992611e-01 2.893123e-02 -2.530225e-02 1.126832e+02
-2.615003e-02 1.366884e-02 9.995646e-01 1.941743e+01 3.055976e-02 9.994501e-01 -1.286778e-02 -3.225052e+00 -9.991908e-01 3.020996e-02 -2.655337e-02 1.126588e+02
-2.816730e-02 1.265357e-02 9.995231e-01 2.024513e+01 2.798654e-02 9.995379e-01 -1.186507e-02 -3.252024e+00 -9.992114e-01 2.763899e-02 -2.850841e-02 1.126516e+02
-2.855604e-02 1.755024e-02 9.994381e-01 2.107077e+01 2.561969e-02 9.995303e-01 -1.681985e-02 -3.276265e+00 -9.992638e-01 2.512498e-02 -2.899226e-02 1.126189e+02
-2.937577e-02 2.207018e-02 9.993247e-01 2.190320e+01 2.688787e-02 9.994119e-01 -2.128172e-02 -3.304435e+00 -9.992067e-01 2.624455e-02 -2.995192e-02 1.125949e+02
-3.045847e-02 2.358843e-02 9.992577e-01 2.275571e+01 2.683060e-02 9.993805e-01 -2.277351e-02 -3.335095e+00 -9.991758e-01 2.611704e-02 -3.107249e-02 1.125710e+02
-3.199808e-02 2.151481e-02 9.992563e-01 2.361322e+01 2.332268e-02 9.995121e-01 -2.077348e-02 -3.361013e+00 -9.992158e-01 2.264062e-02 -3.248425e-02 1.125556e+02
-3.361613e-02 1.729631e-02 9.992852e-01 2.452047e+01 2.062861e-02 9.996492e-01 -1.660867e-02 -3.396905e+00 -9.992219e-01 2.005554e-02 -3.396114e-02 1.125589e+02
-3.360724e-02 1.203692e-02 9.993626e-01 2.537480e+01 1.860204e-02 9.997618e-01 -1.141617e-02 -3.423624e+00 -9.992620e-01 1.820652e-02 -3.382315e-02 1.125315e+02
-3.445462e-02 6.414627e-03 9.993857e-01 2.623097e+01 1.453405e-02 9.998769e-01 -5.916707e-03 -3.445969e+00 -9.993006e-01 1.432126e-02 -3.454361e-02 1.125231e+02
-3.406656e-02 5.071002e-03 9.994067e-01 2.706215e+01 1.196834e-02 9.999175e-01 -4.665631e-03 -3.469094e+00 -9.993479e-01 1.180229e-02 -3.412444e-02 1.125000e+02
-3.287352e-02 1.218412e-02 9.993852e-01 2.791044e+01 1.565826e-02 9.998093e-01 -1.167423e-02 -3.496771e+00 -9.993368e-01 1.526487e-02 -3.305803e-02 1.124714e+02
-3.172746e-02 2.324728e-02 9.992262e-01 2.872910e+01 1.789992e-02 9.995824e-01 -2.268721e-02 -3.522656e+00 -9.993362e-01 1.716626e-02 -3.213034e-02 1.124429e+02
-3.130346e-02 2.880373e-02 9.990948e-01 2.956881e+01 1.943181e-02 9.994133e-01 -2.820408e-02 -3.544922e+00 -9.993210e-01 1.853133e-02 -3.184480e-02 1.124242e+02
-2.959282e-02 2.334390e-02 9.992894e-01 3.040768e+01 2.146962e-02 9.995115e-01 -2.271329e-02 -3.577729e+00 -9.993314e-01 2.078222e-02 -3.007955e-02 1.123893e+02
-2.847763e-02 1.542635e-02 9.994754e-01 3.121616e+01 2.489863e-02 9.995816e-01 -1.471857e-02 -3.608515e+00 -9.992843e-01 2.446641e-02 -2.884981e-02 1.123622e+02
-2.747087e-02 1.078312e-02 9.995645e-01 3.216701e+01 2.473038e-02 9.996431e-01 -1.010431e-02 -3.658787e+00 -9.993166e-01 2.444203e-02 -2.772774e-02 1.122543e+02
-2.820227e-02 1.131404e-02 9.995382e-01 3.296073e+01 2.313394e-02 9.996755e-01 -1.066286e-02 -3.687885e+00 -9.993345e-01 2.282254e-02 -2.845486e-02 1.122480e+02
-2.861417e-02 1.157575e-02 9.995235e-01 3.374565e+01 1.988962e-02 9.997416e-01 -1.100888e-02 -3.722131e+00 -9.993926e-01 1.956513e-02 -2.883701e-02 1.122273e+02
-3.022308e-02 1.168598e-02 9.994749e-01 3.446913e+01 1.853177e-02 9.997663e-01 -1.112901e-02 -3.745791e+00 -9.993713e-01 1.818568e-02 -3.043258e-02 1.122030e+02
-3.198123e-02 1.160596e-02 9.994211e-01 3.535444e+01 1.825621e-02 9.997725e-01 -1.102585e-02 -3.771564e+00 -9.993217e-01 1.789302e-02 -3.218584e-02 1.121680e+02
-3.421243e-02 1.168651e-02 9.993463e-01 3.615028e+01 1.671202e-02 9.997985e-01 -1.111967e-02 -3.798619e+00 -9.992748e-01 1.632066e-02 -3.440084e-02 1.121509e+02
-3.663575e-02 1.232840e-02 9.992526e-01 3.698817e+01 1.518109e-02 9.998154e-01 -1.177875e-02 -3.820050e+00 -9.992134e-01 1.473822e-02 -3.681615e-02 1.121345e+02
-3.808836e-02 1.158332e-02 9.992073e-01 3.781892e+01 1.439083e-02 9.998355e-01 -1.104204e-02 -3.840887e+00 -9.991707e-01 1.395885e-02 -3.824879e-02 1.121008e+02
-4.027804e-02 1.041457e-02 9.991342e-01 3.859612e+01 1.511055e-02 9.998377e-01 -9.812750e-03 -3.867307e+00 -9.990742e-01 1.470223e-02 -4.042887e-02 1.120700e+02
-4.230203e-02 1.050742e-02 9.990496e-01 3.942061e+01 1.507687e-02 9.998376e-01 -9.877317e-03 -3.888946e+00 -9.989911e-01 1.464471e-02 -4.245358e-02 1.120480e+02
-4.411795e-02 1.148860e-02 9.989603e-01 4.013740e+01 1.447019e-02 9.998363e-01 -1.085961e-02 -3.914319e+00 -9.989215e-01 1.397604e-02 -4.427697e-02 1.120133e+02
-4.523517e-02 1.170609e-02 9.989078e-01 4.095917e+01 1.474355e-02 9.998302e-01 -1.104924e-02 -3.938987e+00 -9.988676e-01 1.422763e-02 -4.540008e-02 1.119842e+02
-4.619875e-02 1.020575e-02 9.988801e-01 4.173721e+01 1.594585e-02 9.998279e-01 -9.477928e-03 -3.969522e+00 -9.988050e-01 1.549012e-02 -4.635355e-02 1.119447e+02
-4.796995e-02 9.504251e-03 9.988036e-01 4.250599e+01 1.628170e-02 9.998293e-01 -8.732045e-03 -3.994260e+00 -9.987161e-01 1.584334e-02 -4.811651e-02 1.119122e+02
-4.921313e-02 9.271251e-03 9.987453e-01 4.326434e+01 1.530129e-02 9.998466e-01 -8.527504e-03 -4.013731e+00 -9.986711e-01 1.486242e-02 -4.934743e-02 1.118781e+02
-5.010306e-02 8.339027e-03 9.987093e-01 4.403769e+01 1.367453e-02 9.998772e-01 -7.662757e-03 -4.034547e+00 -9.986504e-01 1.327295e-02 -5.021093e-02 1.118422e+02
-5.106313e-02 7.204186e-03 9.986694e-01 4.478198e+01 1.249317e-02 9.999003e-01 -6.574275e-03 -4.056251e+00 -9.986173e-01 1.214085e-02 -5.114805e-02 1.118116e+02
-5.149543e-02 6.952119e-03 9.986491e-01 4.551371e+01 1.302041e-02 9.998955e-01 -6.289397e-03 -4.080036e+00 -9.985883e-01 1.267894e-02 -5.158057e-02 1.117737e+02
-5.192332e-02 9.653408e-03 9.986044e-01 4.623070e+01 1.321197e-02 9.998724e-01 -8.978697e-03 -4.098314e+00 -9.985636e-01 1.272733e-02 -5.204423e-02 1.117423e+02
-5.170740e-02 1.239994e-02 9.985853e-01 4.691865e+01 1.379106e-02 9.998364e-01 -1.170137e-02 -4.122412e+00 -9.985670e-01 1.316651e-02 -5.186995e-02 1.117083e+02
-5.164247e-02 1.338222e-02 9.985760e-01 4.757905e+01 1.070712e-02 9.998602e-01 -1.284570e-02 -4.157218e+00 -9.986082e-01 1.002849e-02 -5.177853e-02 1.116704e+02
-5.186178e-02 1.379374e-02 9.985590e-01 4.827647e+01 1.080475e-02 9.998538e-01 -1.325047e-02 -4.191496e+00 -9.985958e-01 1.010199e-02 -5.200324e-02 1.116392e+02
-5.146206e-02 1.368344e-02 9.985812e-01 4.896265e+01 1.287292e-02 9.998322e-01 -1.303718e-02 -4.215436e+00 -9.985920e-01 1.218373e-02 -5.162957e-02 1.115972e+02
-5.137722e-02 1.263251e-02 9.985994e-01 4.964921e+01 1.321922e-02 9.998410e-01 -1.196810e-02 -4.249034e+00 -9.985918e-01 1.258582e-02 -5.153605e-02 1.115554e+02
-5.174490e-02 1.245970e-02 9.985826e-01 5.039585e+01 1.048811e-02 9.998738e-01 -1.193233e-02 -4.297341e+00 -9.986053e-01 9.855809e-03 -5.186905e-02 1.115257e+02
-5.082794e-02 1.230202e-02 9.986317e-01 5.108283e+01 7.850142e-03 9.998981e-01 -1.191807e-02 -4.326200e+00 -9.986766e-01 7.233629e-03 -5.091934e-02 1.114880e+02
-5.096720e-02 1.136188e-02 9.986357e-01 5.175027e+01 1.048019e-02 9.998863e-01 -1.084123e-02 -4.339756e+00 -9.986454e-01 9.913341e-03 -5.108048e-02 1.114582e+02
-5.200496e-02 1.058236e-02 9.985908e-01 5.242472e+01 1.029264e-02 9.998964e-01 -1.006017e-02 -4.365623e+00 -9.985938e-01 9.754959e-03 -5.210849e-02 1.114272e+02
-5.501874e-02 1.037512e-02 9.984314e-01 5.308152e+01 7.202208e-03 9.999241e-01 -9.993757e-03 -4.377563e+00 -9.984593e-01 6.641067e-03 -5.508929e-02 1.113872e+02
-6.026708e-02 9.462667e-03 9.981374e-01 5.370069e+01 4.132893e-03 9.999489e-01 -9.230297e-03 -4.399847e+00 -9.981737e-01 3.568912e-03 -6.030311e-02 1.113587e+02
-6.606721e-02 1.317806e-02 9.977282e-01 5.444242e+01 6.290230e-03 9.998984e-01 -1.279020e-02 -4.427993e+00 -9.977953e-01 5.430927e-03 -6.614339e-02 1.113090e+02
-7.296076e-02 1.595744e-02 9.972072e-01 5.515443e+01 9.039202e-03 9.998415e-01 -1.533824e-02 -4.454183e+00 -9.972938e-01 7.894867e-03 -7.309344e-02 1.112626e+02
-7.931853e-02 1.757246e-02 9.966944e-01 5.581497e+01 9.049189e-03 9.998161e-01 -1.690735e-02 -4.470454e+00 -9.968082e-01 7.678210e-03 -7.946296e-02 1.111913e+02
-8.572743e-02 1.693674e-02 9.961746e-01 5.649207e+01 4.734200e-03 9.998512e-01 -1.659183e-02 -4.489534e+00 -9.963074e-01 3.293715e-03 -8.579485e-02 1.111443e+02
-9.102502e-02 1.552946e-02 9.957275e-01 5.717161e+01 4.356115e-03 9.998751e-01 -1.519593e-02 -4.514912e+00 -9.958391e-01 2.954293e-03 -9.108130e-02 1.110835e+02
-9.598491e-02 1.690261e-02 9.952393e-01 5.787256e+01 2.896140e-03 9.998563e-01 -1.670171e-02 -4.526114e+00 -9.953786e-01 1.279240e-03 -9.602007e-02 1.110315e+02
-9.999672e-02 1.573426e-02 9.948633e-01 5.857421e+01 1.245207e-04 9.998751e-01 -1.580101e-02 -4.552070e+00 -9.949878e-01 -1.456168e-03 -9.998619e-02 1.109647e+02
-1.025030e-01 1.225294e-02 9.946572e-01 5.929364e+01 2.629394e-04 9.999244e-01 -1.229072e-02 -4.575223e+00 -9.947327e-01 -9.983010e-04 -1.024984e-01 1.108909e+02
-1.045942e-01 9.654673e-03 9.944681e-01 5.998294e+01 3.003137e-03 9.999514e-01 -9.392048e-03 -4.593376e+00 -9.945105e-01 2.004170e-03 -1.046181e-01 1.108220e+02
-1.056248e-01 6.643749e-03 9.943839e-01 6.069193e+01 2.444392e-03 9.999764e-01 -6.421468e-03 -4.614246e+00 -9.944031e-01 1.752398e-03 -1.056385e-01 1.107484e+02
-1.070942e-01 6.513553e-03 9.942275e-01 6.141134e+01 2.065330e-03 9.999778e-01 -6.328756e-03 -4.627837e+00 -9.942467e-01 1.375635e-03 -1.071053e-01 1.106802e+02
-1.075456e-01 1.006270e-02 9.941492e-01 6.215052e+01 3.594525e-03 9.999462e-01 -9.732528e-03 -4.643410e+00 -9.941937e-01 2.526803e-03 -1.075760e-01 1.106054e+02
-1.074891e-01 1.404847e-02 9.941070e-01 6.286973e+01 9.150238e-03 9.998718e-01 -1.314055e-02 -4.662876e+00 -9.941642e-01 7.683849e-03 -1.076039e-01 1.105235e+02
-1.080320e-01 1.899240e-02 9.939660e-01 6.363177e+01 1.724973e-02 9.997028e-01 -1.722718e-02 -4.686710e+00 -9.939978e-01 1.528456e-02 -1.083275e-01 1.104226e+02
-1.092878e-01 2.018442e-02 9.938052e-01 6.434255e+01 1.723752e-02 9.996819e-01 -1.840819e-02 -4.704756e+00 -9.938607e-01 1.511895e-02 -1.096010e-01 1.103631e+02
-1.094897e-01 1.764547e-02 9.938313e-01 6.508672e+01 1.450719e-02 9.997643e-01 -1.615257e-02 -4.732259e+00 -9.938821e-01 1.264916e-02 -1.097199e-01 1.102892e+02
-1.101362e-01 1.268131e-02 9.938356e-01 6.581119e+01 1.460344e-02 9.998313e-01 -1.113947e-02 -4.758227e+00 -9.938092e-01 1.328656e-02 -1.103028e-01 1.102326e+02
-1.092277e-01 1.077560e-02 9.939584e-01 6.666982e+01 1.704331e-02 9.998146e-01 -8.966174e-03 -4.783506e+00 -9.938706e-01 1.596099e-02 -1.093911e-01 1.101169e+02
-1.110017e-01 9.298051e-03 9.937767e-01 6.743886e+01 1.682584e-02 9.998305e-01 -7.475298e-03 -4.824999e+00 -9.936778e-01 1.589136e-02 -1.111393e-01 1.099963e+02
-1.132908e-01 9.589872e-03 9.935156e-01 6.813379e+01 1.316422e-02 9.998801e-01 -8.150186e-03 -4.854273e+00 -9.934747e-01 1.215552e-02 -1.134035e-01 1.099330e+02
-1.151505e-01 9.837951e-03 9.932993e-01 6.885943e+01 1.219849e-02 9.998896e-01 -8.489083e-03 -4.888931e+00 -9.932731e-01 1.113923e-02 -1.152578e-01 1.098418e+02
-1.171887e-01 1.000236e-02 9.930593e-01 6.955753e+01 1.247742e-02 9.998852e-01 -8.598677e-03 -4.905960e+00 -9.930313e-01 1.138315e-02 -1.173000e-01 1.097604e+02
-1.188005e-01 1.031850e-02 9.928645e-01 7.030858e+01 1.394814e-02 9.998647e-01 -8.722293e-03 -4.930136e+00 -9.928202e-01 1.281240e-02 -1.189283e-01 1.096627e+02
-1.205038e-01 9.666452e-03 9.926658e-01 7.104105e+01 1.368509e-02 9.998738e-01 -8.075353e-03 -4.951049e+00 -9.926186e-01 1.261161e-02 -1.206209e-01 1.095717e+02
-1.226538e-01 1.046209e-02 9.923944e-01 7.183611e+01 1.157488e-02 9.998915e-01 -9.110548e-03 -4.962828e+00 -9.923820e-01 1.036940e-02 -1.227616e-01 1.095018e+02
-1.235416e-01 1.106881e-02 9.922777e-01 7.262745e+01 1.139286e-02 9.998877e-01 -9.735252e-03 -5.004001e+00 -9.922740e-01 1.010217e-02 -1.236539e-01 1.093966e+02
-1.243568e-01 1.144046e-02 9.921716e-01 7.339152e+01 1.050800e-02 9.998927e-01 -1.021244e-02 -5.030815e+00 -9.921819e-01 9.155748e-03 -1.244637e-01 1.093124e+02
-1.257897e-01 1.157591e-02 9.919894e-01 7.412515e+01 1.084467e-02 9.998882e-01 -1.029292e-02 -5.055887e+00 -9.919977e-01 9.463053e-03 -1.259012e-01 1.092247e+02
-1.263819e-01 9.760361e-03 9.919336e-01 7.490266e+01 1.025009e-02 9.999111e-01 -8.532897e-03 -5.075182e+00 -9.919287e-01 9.089005e-03 -1.264707e-01 1.091232e+02
-1.282518e-01 8.192175e-03 9.917078e-01 7.569675e+01 7.817199e-03 9.999432e-01 -7.249252e-03 -5.076446e+00 -9.917108e-01 6.822647e-03 -1.283086e-01 1.090483e+02
-1.294437e-01 6.787607e-03 9.915636e-01 7.648167e+01 7.624922e-03 9.999538e-01 -5.849646e-03 -5.069393e+00 -9.915575e-01 6.803395e-03 -1.294895e-01 1.089416e+02
-1.317176e-01 5.775279e-03 9.912705e-01 7.727705e+01 8.231657e-03 9.999549e-01 -4.732073e-03 -5.095715e+00 -9.912531e-01 7.536500e-03 -1.317592e-01 1.088432e+02
