1.000000e+00 0.000000e+00 0.000000e+00 0.000000e+00 0.000000e+00 1.000000e+00 0.000000e+00 0.000000e+00 0.000000e+00 0.000000e+00 1.000000e+00 0.000000e+00
9.999979e-01 -1.432543e-03 -1.508860e-03 -5.027998e-03 1.431112e-03 9.999985e-01 -9.487490e-04 -1.052830e-02 1.510217e-03 9.465876e-04 9.999984e-01 5.816923e-01
9.999944e-01 -2.112902e-03 -2.604082e-03 -1.603753e-02 2.106612e-03 9.999949e-01 -2.415946e-03 -2.125265e-02 2.609173e-03 2.410446e-03 9.999937e-01 1.152733e+00
9.999868e-01 -2.536795e-03 -4.469965e-03 -2.248372e-02 2.520699e-03 9.999903e-01 -3.602962e-03 -3.765189e-02 4.479061e-03 3.591647e-03 9.999835e-01 1.714758e+00
9.999685e-01 -4.649535e-03 -6.429153e-03 -2.450008e-02 4.615096e-03 9.999750e-01 -5.361063e-03 -4.687318e-02 6.453918e-03 5.331223e-03 9.999650e-01 2.268665e+00
9.999441e-01 -6.754713e-03 -8.134836e-03 -3.047233e-02 6.693896e-03 9.999496e-01 -7.480157e-03 -5.970936e-02 8.184953e-03 7.425285e-03 9.999389e-01 2.837595e+00
9.999214e-01 -8.185262e-03 -9.492758e-03 -3.769110e-02 8.106889e-03 9.999330e-01 -8.265278e-03 -6.653643e-02 9.559775e-03 8.187672e-03 9.999208e-01 3.408432e+00
9.999062e-01 -8.472061e-03 -1.075690e-02 -5.495111e-02 8.391340e-03 9.999365e-01 -7.527151e-03 -8.084730e-02 1.081999e-02 7.436180e-03 9.999138e-01 3.988055e+00
9.998894e-01 -8.608766e-03 -1.213101e-02 -5.386550e-02 8.514634e-03 9.999334e-01 -7.789977e-03 -1.013977e-01 1.219726e-02 7.685824e-03 9.998960e-01 4.558985e+00
9.998808e-01 -7.906424e-03 -1.326066e-02 -5.747574e-02 7.771167e-03 9.999176e-01 -1.022062e-02 -1.252320e-01 1.334038e-02 1.011635e-02 9.998598e-01 5.136054e+00
9.998758e-01 -6.240656e-03 -1.446878e-02 -8.270691e-02 6.036896e-03 9.998826e-01 -1.408390e-02 -1.386853e-01 1.455497e-02 1.399481e-02 9.997962e-01 5.758850e+00
9.998708e-01 -4.625289e-03 -1.539138e-02 -1.072796e-01 4.348983e-03 9.998296e-01 -1.793733e-02 -1.526429e-01 1.547172e-02 1.786807e-02 9.997206e-01 6.381645e+00
9.998603e-01 -2.989692e-03 -1.644198e-02 -1.283637e-01 2.691826e-03 9.998324e-01 -1.810855e-02 -1.602254e-01 1.649337e-02 1.806176e-02 9.997008e-01 7.010521e+00
9.998502e-01 -6.566331e-04 -1.729562e-02 -1.634867e-01 4.610454e-04 9.999359e-01 -1.131007e-02 -1.705228e-01 1.730194e-02 1.130040e-02 9.997864e-01 7.684248e+00
9.998389e-01 4.623059e-04 -1.794225e-02 -1.787896e-01 -4.746374e-04 9.999996e-01 -6.830364e-04 -1.869894e-01 1.794193e-02 6.914425e-04 9.998388e-01 8.356740e+00
9.998162e-01 1.454224e-03 -1.911655e-02 -1.914267e-01 -1.340993e-03 9.999815e-01 5.934678e-03 -2.007838e-01 1.912482e-02 -5.907952e-03 9.997997e-01 9.031310e+00
9.997877e-01 3.205364e-03 -2.035137e-02 -2.134383e-01 -3.099680e-03 9.999816e-01 5.222362e-03 -2.179902e-01 2.036774e-02 -5.158171e-03 9.997792e-01 9.698966e+00
9.997405e-01 6.225457e-03 -2.191463e-02 -2.134582e-01 -6.263961e-03 9.999790e-01 -1.688767e-03 -2.349556e-01 2.190365e-02 1.825601e-03 9.997584e-01 1.038478e+01
9.997270e-01 6.035310e-03 -2.257047e-02 -2.457476e-01 -6.213977e-03 9.999499e-01 -7.854184e-03 -2.337335e-01 2.252194e-02 7.992293e-03 9.997144e-01 1.110669e+01
9.997114e-01 3.990938e-03 -2.368909e-02 -2.596760e-01 -4.138443e-03 9.999723e-01 -6.180906e-03 -2.386050e-01 2.366377e-02 6.277158e-03 9.997002e-01 1.182976e+01
9.996982e-01 3.518583e-03 -2.431433e-02 -2.761616e-01 -3.444854e-03 9.999893e-01 3.073574e-03 -2.497769e-01 2.432488e-02 -2.988887e-03 9.996997e-01 1.259981e+01
9.996874e-01 2.627627e-03 -2.486547e-02 -2.923966e-01 -2.366702e-03 9.999419e-01 1.051709e-02 -2.538839e-01 2.489166e-02 -1.045496e-02 9.996355e-01 1.336686e+01
9.996813e-01 1.635809e-03 -2.519266e-02 -3.260912e-01 -1.302694e-03 9.999116e-01 1.323345e-02 -2.632653e-01 2.521208e-02 -1.319641e-02 9.995950e-01 1.414684e+01
9.996750e-01 -3.400120e-04 -2.549034e-02 -3.491460e-01 6.506168e-04 9.999256e-01 1.217789e-02 -2.618231e-01 2.548431e-02 -1.219052e-02 9.996009e-01 1.495935e+01
9.996861e-01 -5.498871e-04 -2.504598e-02 -3.720213e-01 7.872802e-04 9.999549e-01 9.469418e-03 -2.597536e-01 2.503964e-02 -9.486164e-03 9.996415e-01 1.579056e+01
9.996995e-01 2.279580e-03 -2.440892e-02 -3.941566e-01 -2.129112e-03 9.999786e-01 6.188698e-03 -2.626557e-01 2.442250e-02 -6.134869e-03 9.996829e-01 1.661980e+01
9.997242e-01 -1.809141e-03 -2.341508e-02 -4.220002e-01 1.823874e-03 9.999982e-01 6.078556e-04 -2.661263e-01 2.341394e-02 -6.503941e-04 9.997256e-01 1.747598e+01
9.997299e-01 -4.041586e-03 -2.288621e-02 -4.455516e-01 3.917349e-03 9.999774e-01 -5.470704e-03 -2.819432e-01 2.290780e-02 5.379573e-03 9.997231e-01 1.834522e+01
9.997667e-01 -2.785280e-03 -2.141875e-02 -4.820953e-01 2.550958e-03 9.999367e-01 -1.095957e-02 -2.949157e-01 2.144792e-02 1.090237e-02 9.997105e-01 1.924331e+01
9.997705e-01 -1.386546e-03 -2.137607e-02 -5.081840e-01 1.137060e-03 9.999312e-01 -1.167901e-02 -3.147460e-01 2.139080e-02 1.165202e-02 9.997033e-01 2.015680e+01
9.997603e-01 -1.385304e-03 -2.185236e-02 -5.281363e-01 1.142416e-03 9.999375e-01 -1.112352e-02 -3.366605e-01 2.186641e-02 1.109589e-02 9.996994e-01 2.107519e+01
9.997362e-01 -1.590304e-04 -2.296776e-02 -5.193793e-01 -1.285118e-04 9.999216e-01 -1.251737e-02 -3.542641e-01 2.296795e-02 1.251702e-02 9.996579e-01 2.197398e+01
9.997209e-01 2.717060e-03 -2.346835e-02 -5.227930e-01 -3.055496e-03 9.998917e-01 -1.439717e-02 -3.881187e-01 2.342669e-02 1.446486e-02 9.996209e-01 2.289384e+01
9.997247e-01 3.573094e-03 -2.319096e-02 -6.117827e-01 -3.923324e-03 9.998787e-01 -1.507413e-02 -4.020436e-01 2.313428e-02 1.516097e-02 9.996174e-01 2.396451e+01
9.997109e-01 4.769491e-03 -2.356426e-02 -6.354259e-01 -5.121082e-03 9.998761e-01 -1.488277e-02 -4.358550e-01 2.349036e-02 1.499914e-02 9.996116e-01 2.494314e+01
9.996992e-01 5.662585e-03 -2.386462e-02 -6.682419e-01 -6.023611e-03 9.998681e-01 -1.508348e-02 -4.625808e-01 2.377606e-02 1.522269e-02 9.996014e-01 2.592713e+01
9.997090e-01 6.423731e-03 -2.325223e-02 -7.190490e-01 -6.773258e-03 9.998648e-01 -1.498454e-02 -4.888601e-01 2.315283e-02 1.513767e-02 9.996173e-01 2.690695e+01
9.996995e-01 6.915558e-03 -2.351829e-02 -7.551636e-01 -7.240588e-03 9.998791e-01 -1.376335e-02 -5.197256e-01 2.342026e-02 1.392950e-02 9.996287e-01 2.790940e+01
9.996822e-01 7.467607e-03 -2.407818e-02 -7.809341e-01 -7.757289e-03 9.998984e-01 -1.196002e-02 -5.422482e-01 2.398642e-02 1.214300e-02 9.996386e-01 2.893723e+01
9.996728e-01 8.034737e-03 -2.428495e-02 -8.135738e-01 -8.286772e-03 9.999127e-01 -1.029549e-02 -5.815033e-01 2.420011e-02 1.049337e-02 9.996521e-01 2.996070e+01
9.996721e-01 7.630858e-03 -2.444168e-02 -8.512500e-01 -7.911389e-03 9.999037e-01 -1.140150e-02 -6.091880e-01 2.435232e-02 1.159113e-02 9.996362e-01 3.099354e+01
9.996466e-01 8.745320e-03 -2.510258e-02 -8.723251e-01 -9.060754e-03 9.998811e-01 -1.247963e-02 -6.348880e-01 2.499045e-02 1.270267e-02 9.996070e-01 3.201437e+01
9.996449e-01 8.317414e-03 -2.531789e-02 -9.056082e-01 -8.610859e-03 9.998968e-01 -1.150354e-02 -6.630207e-01 2.521959e-02 1.171746e-02 9.996133e-01 3.304377e+01
9.996371e-01 7.717193e-03 -2.580972e-02 -9.388931e-01 -7.944928e-03 9.999303e-01 -8.732744e-03 -6.903908e-01 2.574053e-02 8.934631e-03 9.996287e-01 3.409689e+01
9.996265e-01 8.005371e-03 -2.613129e-02 -9.768986e-01 -8.144651e-03 9.999532e-01 -5.227917e-03 -7.137129e-01 2.608821e-02 5.438794e-03 9.996449e-01 3.516866e+01
9.996160e-01 8.087020e-03 -2.650528e-02 -1.017608e+00 -8.160803e-03 9.999631e-01 -2.676685e-03 -7.429692e-01 2.648265e-02 2.891961e-03 9.996451e-01 3.622952e+01
9.996081e-01 8.097917e-03 -2.679668e-02 -1.054308e+00 -8.160638e-03 9.999642e-01 -2.232104e-03 -7.638760e-01 2.677765e-02 2.449907e-03 9.996384e-01 3.731782e+01
9.995893e-01 8.120686e-03 -2.748158e-02 -1.087759e+00 -8.224401e-03 9.999595e-01 -3.663067e-03 -7.845090e-01 2.745072e-02 3.887582e-03 9.996156e-01 3.839609e+01
9.995757e-01 8.288210e-03 -2.792408e-02 -1.132899e+00 -8.404603e-03 9.999565e-01 -4.053401e-03 -8.063466e-01 2.788927e-02 4.286372e-03 9.996018e-01 3.950418e+01
9.995587e-01 8.180248e-03 -2.855441e-02 -1.165679e+00 -8.266602e-03 9.999616e-01 -2.907446e-03 -8.275792e-01 2.852953e-02 3.142211e-03 9.995880e-01 4.057741e+01
9.995403e-01 8.411980e-03 -2.912780e-02 -1.206061e+00 -8.444035e-03 9.999639e-01 -9.776576e-04 -8.490691e-01 2.911852e-02 1.223164e-03 9.995752e-01 4.167023e+01
9.995262e-01 8.328686e-03 -2.963033e-02 -1.249996e+00 -8.285061e-03 9.999644e-01 1.594766e-03 -8.705274e-01 2.964256e-02 -1.348522e-03 9.995596e-01 4.275563e+01
9.995026e-01 9.719118e-03 -3.000198e-02 -1.294643e+00 -9.682096e-03 9.999522e-01 1.379059e-03 -8.900051e-01 3.001395e-02 -1.087891e-03 9.995489e-01 4.384984e+01
9.994796e-01 1.105017e-02 -3.030599e-02 -1.342317e+00 -1.112721e-02 9.999353e-01 -2.374843e-03 -9.137961e-01 3.027779e-02 2.710828e-03 9.995378e-01 4.493441e+01
9.994744e-01 1.286268e-02 -2.975623e-02 -1.324027e+00 -1.305926e-02 9.998941e-01 -6.421635e-03 -9.376047e-01 2.967048e-02 6.806854e-03 9.995366e-01 4.601271e+01
9.994782e-01 1.304129e-02 -2.955108e-02 -1.368065e+00 -1.325362e-02 9.998876e-01 -7.000776e-03 -9.561886e-01 2.945646e-02 7.388781e-03 9.995388e-01 4.709441e+01
9.994751e-01 1.350232e-02 -2.944849e-02 -1.404803e+00 -1.362666e-02 9.998990e-01 -4.025705e-03 -9.866766e-01 2.939116e-02 4.424877e-03 9.995582e-01 4.819524e+01
9.994565e-01 1.502307e-02 -2.934489e-02 -1.450467e+00 -1.508475e-02 9.998844e-01 -1.881495e-03 -1.018813e+00 2.931323e-02 2.323132e-03 9.995676e-01 4.931587e+01
9.994795e-01 1.309337e-02 -2.948538e-02 -1.484692e+00 -1.311732e-02 9.999138e-01 -6.190838e-04 -1.035503e+00 2.947473e-02 1.005531e-03 9.995650e-01 5.040417e+01
9.994793e-01 1.366875e-02 -2.922872e-02 -1.521995e+00 -1.371456e-02 9.999050e-01 -1.367391e-03 -1.063047e+00 2.920725e-02 1.767538e-03 9.995718e-01 5.149739e+01
9.994870e-01 1.359538e-02 -2.899626e-02 -1.562957e+00 -1.369535e-02 9.999009e-01 -3.251745e-03 -1.088097e+00 2.894918e-02 3.647191e-03 9.995742e-01 5.261317e+01
9.994990e-01 1.346641e-02 -2.864418e-02 -1.605977e+00 -1.362686e-02 9.998925e-01 -5.413801e-03 -1.110762e+00 2.856820e-02 5.801419e-03 9.995750e-01 5.371787e+01
9.995150e-01 1.261509e-02 -2.847181e-02 -1.642544e+00 -1.283986e-02 9.998877e-01 -7.725361e-03 -1.143198e+00 2.837115e-02 8.087188e-03 9.995648e-01 5.480578e+01
9.995285e-01 1.151507e-02 -2.846440e-02 -1.682330e+00 -1.183121e-02 9.998699e-01 -1.096299e-02 -1.176841e+00 2.833446e-02 1.129459e-02 9.995347e-01 5.591890e+01
9.995461e-01 9.770936e-03 -2.849819e-02 -1.710412e+00 -1.013315e-02 9.998693e-01 -1.259339e-02 -1.210183e+00 2.837142e-02 1.287645e-02 9.995145e-01 5.701657e+01
9.995579e-01 8.590451e-03 -2.846490e-02 -1.741078e+00 -8.880660e-03 9.999097e-01 -1.008464e-02 -1.242861e+00 2.837570e-02 1.033296e-02 9.995439e-01 5.811155e+01
9.995886e-01 6.948786e-03 -2.782613e-02 -1.789685e+00 -7.068423e-03 9.999662e-01 -4.203360e-03 -1.274209e+00 2.779598e-02 4.398318e-03 9.996039e-01 5.923944e+01
9.996051e-01 5.951113e-03 -2.746212e-02 -1.828223e+00 -5.914052e-03 9.999815e-01 1.430525e-03 -1.290888e+00 2.747013e-02 -1.267548e-03 9.996218e-01 6.034528e+01
9.996176e-01 4.149377e-03 -2.733946e-02 -1.857552e+00 -4.085785e-03 9.999888e-01 2.381452e-03 -1.316163e+00 2.734903e-02 -2.268838e-03 9.996234e-01 6.142456e+01
9.996253e-01 1.264055e-03 -2.734258e-02 -1.887540e+00 -1.276611e-03 9.999991e-01 -4.417328e-04 -1.338913e+00 2.734200e-02 4.764731e-04 9.996260e-01 6.252953e+01
9.996284e-01 -7.253643e-04 -2.725033e-02 -1.930243e+00 6.301395e-04 9.999937e-01 -3.502870e-03 -1.363711e+00 2.725270e-02 3.484396e-03 9.996225e-01 6.364200e+01
9.996189e-01 2.343464e-04 -2.760454e-02 -1.924967e+00 -4.503767e-04 9.999693e-01 -7.819943e-03 -1.388032e+00 2.760186e-02 7.829395e-03 9.995883e-01 6.478523e+01
9.996154e-01 5.878686e-04 -2.772387e-02 -1.954775e+00 -9.336005e-04 9.999219e-01 -1.245926e-02 -1.410114e+00 2.771438e-02 1.248035e-02 9.995379e-01 6.587964e+01
9.996247e-01 3.437429e-03 -2.717736e-02 -2.000145e+00 -3.788667e-03 9.999098e-01 -1.288297e-02 -1.443432e+00 2.713063e-02 1.298110e-02 9.995476e-01 6.697882e+01
9.996330e-01 7.501280e-03 -2.603347e-02 -2.039248e+00 -7.744285e-03 9.999273e-01 -9.246105e-03 -1.471969e+00 2.596222e-02 9.444322e-03 9.996183e-01 6.809127e+01
9.996185e-01 8.846808e-03 -2.616485e-02 -2.061031e+00 -9.039433e-03 9.999328e-01 -7.252872e-03 -1.494725e+00 2.609893e-02 7.486620e-03 9.996313e-01 6.918847e+01
9.996150e-01 8.466819e-03 -2.642271e-02 -2.099863e+00 -8.638890e-03 9.999422e-01 -6.404883e-03 -1.530628e+00 2.636695e-02 6.630680e-03 9.996303e-01 7.032281e+01
9.996273e-01 7.057611e-03 -2.637139e-02 -2.129162e+00 -7.210824e-03 9.999576e-01 -5.719252e-03 -1.552300e+00 2.632991e-02 5.907280e-03 9.996359e-01 7.141979e+01
9.996214e-01 6.427289e-03 -2.675310e-02 -2.163314e+00 -6.541835e-03 9.999698e-01 -4.196284e-03 -1.583841e+00 2.672532e-02 4.369710e-03 9.996333e-01 7.252365e+01
9.996233e-01 4.840585e-03 -2.701530e-02 -2.190663e+00 -4.898914e-03 9.999858e-01 -2.093324e-03 -1.606910e+00 2.700479e-02 2.224881e-03 9.996328e-01 7.360851e+01
9.996194e-01 4.223434e-03 -2.726150e-02 -2.248383e+00 -4.229466e-03 9.999911e-01 -1.635993e-04 -1.640527e+00 2.726057e-02 2.788386e-04 9.996283e-01 7.470279e+01
9.995868e-01 3.697508e-03 -2.850659e-02 -2.265390e+00 -3.745688e-03 9.999917e-01 -1.636918e-03 -1.658690e+00 2.850030e-02 1.743019e-03 9.995922e-01 7.580853e+01
9.995777e-01 3.950442e-03 -2.878999e-02 -2.304327e+00 -4.107174e-03 9.999771e-01 -5.386862e-03 -1.683419e+00 2.876805e-02 5.502832e-03 9.995710e-01 7.690391e+01
9.995512e-01 4.329748e-03 -2.964023e-02 -2.336894e+00 -4.542804e-03 9.999643e-01 -7.124491e-03 -1.720591e+00 2.960833e-02 7.255944e-03 9.995353e-01 7.800519e+01
9.995362e-01 5.871301e-03 -2.988179e-02 -2.401404e+00 -6.030262e-03 9.999681e-01 -5.232343e-03 -1.751294e+00 2.985012e-02 5.410111e-03 9.995397e-01 7.905955e+01
9.995120e-01 7.211132e-03 -3.039427e-02 -2.442285e+00 -7.241935e-03 9.999734e-01 -9.034598e-04 -1.775445e+00 3.038695e-02 1.123132e-03 9.995376e-01 8.014070e+01
9.994905e-01 8.363432e-03 -3.080171e-02 -2.487254e+00 -8.272043e-03 9.999610e-01 3.093217e-03 -1.794333e+00 3.082637e-02 -2.836848e-03 9.995207e-01 8.124178e+01
9.994736e-01 9.171400e-03 -3.111921e-02 -2.532328e+00 -9.059742e-03 9.999520e-01 3.727178e-03 -1.811517e+00 3.115190e-02 -3.443284e-03 9.995087e-01 8.231337e+01
9.994389e-01 9.070562e-03 -3.224432e-02 -2.558578e+00 -9.019848e-03 9.999579e-01 1.717928e-03 -1.830767e+00 3.225855e-02 -1.426126e-03 9.994785e-01 8.339542e+01
9.994306e-01 9.021148e-03 -3.251239e-02 -2.604927e+00 -8.989710e-03 9.999590e-01 1.113011e-03 -1.854018e+00 3.252110e-02 -8.201005e-04 9.994707e-01 8.446285e+01
9.994206e-01 8.497160e-03 -3.295716e-02 -2.647313e+00 -8.481635e-03 9.999638e-01 6.108627e-04 -1.867994e+00 3.296116e-02 -3.309782e-04 9.994566e-01 8.551685e+01
9.994007e-01 7.225711e-03 -3.385457e-02 -2.685346e+00 -7.190533e-03 9.999735e-01 1.160737e-03 -1.896963e+00 3.386205e-02 -9.166088e-04 9.994261e-01 8.656487e+01
9.993995e-01 5.866746e-03 -3.415096e-02 -2.731497e+00 -5.783091e-03 9.999800e-01 2.547831e-03 -1.915259e+00 3.416523e-02 -2.348802e-03 9.994134e-01 8.761456e+01
9.993758e-01 5.760117e-03 -3.485617e-02 -2.769604e+00 -5.577852e-03 9.999703e-01 5.324046e-03 -1.936769e+00 3.488581e-02 -5.126300e-03 9.993781e-01 8.863589e+01
9.993196e-01 5.141268e-03 -3.652263e-02 -2.786219e+00 -4.925309e-03 9.999698e-01 6.000527e-03 -1.949077e+00 3.655238e-02 -5.816559e-03 9.993148e-01 8.959447e+01
9.992694e-01 2.041664e-03 -3.816376e-02 -2.863066e+00 -1.818963e-03 9.999811e-01 5.869238e-03 -1.955927e+00 3.817503e-02 -5.795531e-03 9.992543e-01 9.065652e+01
9.991478e-01 1.383259e-03 -4.125309e-02 -2.912354e+00 -1.178732e-03 9.999869e-01 4.981764e-03 -1.974700e+00 4.125944e-02 -4.928892e-03 9.991363e-01 9.160091e+01
9.990023e-01 1.353384e-03 -4.463794e-02 -2.958884e+00 -1.177633e-03 9.999915e-01 3.963300e-03 -1.989361e+00 4.464292e-02 -3.906778e-03 9.989954e-01 9.252117e+01
9.988676e-01 1.031200e-03 -4.756434e-02 -3.012393e+00 -8.281968e-04 9.999905e-01 4.287486e-03 -2.004563e+00 4.756831e-02 -4.243238e-03 9.988590e-01 9.340727e+01
9.986985e-01 2.078251e-03 -5.096140e-02 -3.060900e+00 -1.800458e-03 9.999833e-01 5.496339e-03 -2.023494e+00 5.097197e-02 -5.397431e-03 9.986855e-01 9.425175e+01
9.985638e-01 3.343961e-03 -5.347060e-02 -3.126022e+00 -2.989327e-03 9.999730e-01 6.710921e-03 -2.043187e+00 5.349160e-02 -6.541442e-03 9.985469e-01 9.510268e+01
9.983724e-01 3.858165e-03 -5.690132e-02 -3.168084e+00 -3.387606e-03 9.999593e-01 8.363884e-03 -2.059643e+00 5.693127e-02 -8.157511e-03 9.983448e-01 9.591603e+01
9.982345e-01 5.624459e-03 -5.912857e-02 -3.237345e+00 -5.094603e-03 9.999455e-01 9.108027e-03 -2.071887e+00 5.917658e-02 -8.790710e-03 9.982088e-01 9.671904e+01
9.980760e-01 7.762597e-03 -6.151449e-02 -3.298156e+00 -7.186657e-03 9.999283e-01 9.578404e-03 -2.086524e+00 6.158444e-02 -9.117892e-03 9.980602e-01 9.747913e+01
9.978779e-01 9.236510e-03 -6.445473e-02 -3.351798e+00 -8.721811e-03 9.999278e-01 8.262252e-03 -2.098839e+00 6.452639e-02 -7.682558e-03 9.978864e-01 9.821699e+01
9.976881e-01 1.048238e-02 -6.714565e-02 -3.408269e+00 -1.018911e-02 9.999370e-01 4.708605e-03 -2.117679e+00 6.719078e-02 -4.013565e-03 9.977321e-01 9.892041e+01
9.975047e-01 1.333022e-02 -6.933033e-02 -3.473134e+00 -1.328293e-02 9.999111e-01 1.142973e-03 -2.134405e+00 6.933940e-02 -2.192110e-04 9.975931e-01 9.960207e+01
9.973458e-01 1.512537e-02 -7.122213e-02 -3.530777e+00 -1.526165e-02 9.998826e-01 -1.369655e-03 -2.149954e+00 7.119305e-02 2.452987e-03 9.974595e-01 1.002572e+02
9.972575e-01 1.705553e-02 -7.201853e-02 -3.587442e+00 -1.727067e-02 9.998481e-01 -2.365651e-03 -2.165755e+00 7.196724e-02 3.602971e-03 9.974005e-01 1.008802e+02
9.972724e-01 1.922852e-02 -7.126074e-02 -3.636222e+00 -1.943277e-02 9.998088e-01 -2.173907e-03 -2.175784e+00 7.120532e-02 3.552770e-03 9.974554e-01 1.014660e+02
9.973838e-01 2.300682e-02 -6.852925e-02 -3.678035e+00 -2.309055e-02 9.997333e-01 -4.297866e-04 -2.195787e+00 6.850109e-02 2.011040e-03 9.976490e-01 1.020294e+02
9.977137e-01 2.540229e-02 -6.262700e-02 -3.730397e+00 -2.539314e-02 9.996771e-01 9.421525e-04 -2.208767e+00 6.263071e-02 6.502977e-04 9.980366e-01 1.025831e+02
9.981164e-01 2.609321e-02 -5.552246e-02 -3.753605e+00 -2.597244e-02 9.996585e-01 2.895612e-03 -2.220865e+00 5.557905e-02 -1.448104e-03 9.984533e-01 1.031070e+02
9.986091e-01 2.589249e-02 -4.592944e-02 -3.774861e+00 -2.566004e-02 9.996548e-01 5.643589e-03 -2.236547e+00 4.605971e-02 -4.457189e-03 9.989287e-01 1.036183e+02
9.990850e-01 2.594195e-02 -3.400275e-02 -3.785566e+00 -2.573367e-02 9.996474e-01 6.548880e-03 -2.243510e+00 3.416065e-02 -5.667872e-03 9.994003e-01 1.041025e+02
9.994746e-01 2.498138e-02 -2.065070e-02 -3.786932e+00 -2.484609e-02 9.996683e-01 6.781986e-03 -2.255774e+00 2.081327e-02 -6.265334e-03 9.997637e-01 1.045567e+02
9.996773e-01 2.474508e-02 -5.745602e-03 -3.776256e+00 -2.470949e-02 9.996756e-01 6.183770e-03 -2.269641e+00 5.896756e-03 -6.039804e-03 9.999644e-01 1.050006e+02
9.996433e-01 2.363378e-02 1.243441e-02 -3.762195e+00 -2.367236e-02 9.997154e-01 2.964135e-03 -2.277496e+00 -1.236082e-02 -3.257429e-03 9.999183e-01 1.054236e+02
9.991745e-01 2.294928e-02 3.351969e-02 -3.731895e+00 -2.291568e-02 9.997364e-01 -1.386337e-03 -2.289950e+00 -3.354267e-02 6.170657e-04 9.994371e-01 1.058348e+02
9.981380e-01 2.050819e-02 5.744475e-02 -3.682681e+00 -2.018455e-02 9.997770e-01 -6.208529e-03 -2.302466e+00 -5.755926e-02 5.037473e-03 9.983294e-01 1.062550e+02
9.962189e-01 1.830699e-02 8.492798e-02 -3.633140e+00 -1.761506e-02 9.998053e-01 -8.889590e-03 -2.311147e+00 -8.507419e-02 7.359967e-03 9.963474e-01 1.066505e+02
9.932956e-01 1.606550e-02 1.144809e-01 -3.550249e+00 -1.499855e-02 9.998357e-01 -1.017515e-02 -2.322596e+00 -1.146256e-01 8.389887e-03 9.933733e-01 1.070503e+02
9.891029e-01 1.317360e-02 1.466352e-01 -3.464765e+00 -1.158402e-02 9.998646e-01 -1.168902e-02 -2.342927e+00 -1.467693e-01 9.863021e-03 9.891216e-01 1.074314e+02
9.831306e-01 1.001297e-02 1.826303e-01 -3.376283e+00 -7.724973e-03 9.998826e-01 -1.323511e-02 -2.357964e+00 -1.827414e-01 1.160103e-02 9.830925e-01 1.078085e+02
9.752027e-01 6.988511e-03 2.212030e-01 -3.261927e+00 -4.060588e-03 9.998981e-01 -1.368834e-02 -2.370854e+00 -2.212761e-01 1.245070e-02 9.751317e-01 1.081759e+02
9.652304e-01 4.604501e-03 2.613601e-01 -3.137393e+00 -8.690712e-04 9.998959e-01 -1.440605e-02 -2.385012e+00 -2.613992e-01 1.367802e-02 9.651338e-01 1.085266e+02
9.528885e-01 5.929983e-03 3.032629e-01 -3.007715e+00 -1.322292e-03 9.998806e-01 -1.539680e-02 -2.397235e+00 -3.033180e-01 1.427043e-02 9.527825e-01 1.088574e+02
9.376041e-01 7.099799e-03 3.476322e-01 -2.864756e+00 -1.868544e-03 9.998800e-01 -1.538118e-02 -2.416503e+00 -3.476997e-01 1.377189e-02 9.375048e-01 1.091789e+02
9.197017e-01 7.001153e-03 3.925554e-01 -2.701173e+00 -1.517937e-03 9.998969e-01 -1.427666e-02 -2.425005e+00 -3.926149e-01 1.253440e-02 9.196175e-01 1.095024e+02
8.993060e-01 6.229518e-03 4.372755e-01 -2.520506e+00 -5.677070e-04 9.999143e-01 -1.307744e-02 -2.434937e+00 -4.373195e-01 1.151237e-02 8.992325e-01 1.098078e+02
8.762854e-01 4.889005e-03 4.817676e-01 -2.314132e+00 2.054102e-03 9.999015e-01 -1.388326e-02 -2.442954e+00 -4.817880e-01 1.315530e-02 8.761891e-01 1.101115e+02
8.510757e-01 5.213425e-03 5.250171e-01 -2.102384e+00 3.698200e-03 9.998664e-01 -1.592363e-02 -2.456897e+00 -5.250299e-01 1.549383e-02 8.509427e-01 1.103926e+02
8.229364e-01 9.148952e-03 5.680598e-01 -1.888072e+00 2.856295e-03 9.997911e-01 -2.024010e-02 -2.485481e+00 -5.681263e-01 1.827887e-02 8.227383e-01 1.106674e+02
7.917501e-01 1.382732e-02 6.106886e-01 -1.655847e+00 1.169431e-03 9.997076e-01 -2.415171e-02 -2.504249e+00 -6.108440e-01 1.983628e-02 7.915025e-01 1.109335e+02
7.578056e-01 2.008286e-02 6.521713e-01 -1.399740e+00 -2.216903e-03 9.995997e-01 -2.820554e-02 -2.513455e+00 -6.524766e-01 1.992852e-02 7.575468e-01 1.111905e+02
7.201416e-01 2.493098e-02 6.933790e-01 -1.126757e+00 -4.610897e-03 9.995041e-01 -3.114908e-02 -2.522946e+00 -6.938118e-01 1.923465e-02 7.198995e-01 1.114386e+02
6.808834e-01 2.564656e-02 7.319427e-01 -8.153344e-01 -2.207521e-03 9.994540e-01 -3.296637e-02 -2.528603e+00 -7.323885e-01 2.083048e-02 6.805683e-01 1.116768e+02
6.395287e-01 2.331802e-02 7.684135e-01 -5.109745e-01 9.831325e-04 9.995143e-01 -3.114915e-02 -2.547502e+00 -7.687666e-01 2.067623e-02 6.391951e-01 1.118771e+02
5.954751e-01 2.132522e-02 8.030907e-01 -1.985151e-01 3.001150e-03 9.995816e-01 -2.876812e-02 -2.553067e+00 -8.033682e-01 1.954090e-02 5.951620e-01 1.120665e+02
5.490938e-01 1.989463e-02 8.355239e-01 1.264881e-01 2.985664e-03 9.996636e-01 -2.576509e-02 -2.569757e+00 -8.357554e-01 1.664205e-02 5.488497e-01 1.122371e+02
5.010803e-01 1.730526e-02 8.652278e-01 4.574029e-01 5.309336e-03 9.997197e-01 -2.307002e-02 -2.578162e+00 -8.653845e-01 1.615372e-02 5.008480e-01 1.123899e+02
4.501624e-01 1.356879e-02 8.928436e-01 8.369360e-01 7.029684e-03 9.997997e-01 -1.873853e-02 -2.596443e+00 -8.929191e-01 1.471179e-02 4.499768e-01 1.125362e+02
3.985863e-01 1.371798e-02 9.170282e-01 1.140561e+00 5.024686e-03 9.998404e-01 -1.714076e-02 -2.597954e+00 -9.171171e-01 1.143985e-02 3.984537e-01 1.126394e+02
3.474801e-01 1.840491e-02 9.375067e-01 1.509233e+00 1.134339e-03 9.997984e-01 -2.004824e-02 -2.619262e+00 -9.376867e-01 8.029817e-03 3.473892e-01 1.127479e+02
2.967635e-01 2.371351e-02 9.546565e-01 1.900137e+00 2.895570e-04 9.996893e-01 -2.492213e-02 -2.625602e+00 -9.549509e-01 7.672406e-03 2.966645e-01 1.128436e+02
2.501384e-01 2.587341e-02 9.678643e-01 2.319888e+00 1.459788e-03 9.996316e-01 -2.709990e-02 -2.639107e+00 -9.682090e-01 8.191602e-03 2.500085e-01 1.129199e+02
2.088678e-01 2.521531e-02 9.776188e-01 2.741057e+00 8.281928e-03 9.995861e-01 -2.755134e-02 -2.663424e+00 -9.779088e-01 1.385115e-02 2.085725e-01 1.129688e+02
1.736354e-01 2.519742e-02 9.844876e-01 3.202994e+00 1.645729e-02 9.994588e-01 -2.848319e-02 -2.670910e+00 -9.846725e-01 2.114769e-02 1.731267e-01 1.130241e+02
1.435049e-01 2.635708e-02 9.892986e-01 3.702492e+00 2.164954e-02 9.993225e-01 -2.976456e-02 -2.705038e+00 -9.894128e-01 2.568922e-02 1.428371e-01 1.131014e+02
1.150168e-01 2.482611e-02 9.930533e-01 4.185910e+00 1.939404e-02 9.994410e-01 -2.723205e-02 -2.723763e+00 -9.931742e-01 2.239146e-02 1.144710e-01 1.131549e+02
8.958194e-02 2.140415e-02 9.957494e-01 4.687067e+00 1.276231e-02 9.996623e-01 -2.263641e-02 -2.739775e+00 -9.958977e-01 1.473587e-02 8.927852e-02 1.131999e+02
6.567346e-02 1.744612e-02 9.976887e-01 5.205433e+00 8.404904e-03 9.998020e-01 -1.803633e-02 -2.751034e+00 -9.978058e-01 9.569985e-03 6.551382e-02 1.132309e+02
4.315619e-02 1.485247e-02 9.989579e-01 5.745676e+00 1.227496e-02 9.998061e-01 -1.539538e-02 -2.772361e+00 -9.989929e-01 1.292658e-02 4.296551e-02 1.132367e+02
2.301538e-02 1.556825e-02 9.996139e-01 6.317455e+00 2.075006e-02 9.996559e-01 -1.604666e-02 -2.790942e+00 -9.995198e-01 2.111136e-02 2.268442e-02 1.132315e+02
5.669504e-03 1.794222e-02 9.998230e-01 6.893878e+00 2.538373e-02 9.995143e-01 -1.808062e-02 -2.809770e+00 -9.996617e-01 2.548174e-02 5.211310e-03 1.132186e+02
-8.869660e-03 2.323750e-02 9.996907e-01 7.467949e+00 2.578836e-02 9.994028e-01 -2.300200e-02 -2.823822e+00 -9.996281e-01 2.557636e-02 -9.463620e-03 1.132060e+02
-2.020978e-02 2.784193e-02 9.994080e-01 8.097163e+00 2.309972e-02 9.993584e-01 -2.737343e-02 -2.837312e+00 -9.995289e-01 2.253283e-02 -2.083995e-02 1.132128e+02
-2.616719e-02 2.744706e-02 9.992807e-01 8.729062e+00 2.684500e-02 9.992818e-01 -2.674413e-02 -2.853489e+00 -9.992971e-01 2.612587e-02 -2.688522e-02 1.131824e+02
-2.901480e-02 2.421444e-02 9.992856e-01 9.380166e+00 3.226265e-02 9.992084e-01 -2.327581e-02 -2.879713e+00 -9.990582e-01 3.156426e-02 -2.977305e-02 1.131574e+02
-2.834362e-02 2.228161e-02 9.993499e-01 1.002459e+01 3.382016e-02 9.992005e-01 -2.131907e-02 -2.903985e+00 -9.990259e-01 3.319391e-02 -2.907453e-02 1.131279e+02
-2.611994e-02 2.185337e-02 9.994199e-01 1.068317e+01 3.210542e-02 9.992636e-01 -2.101087e-02 -2.932266e+00 -9.991431e-01 3.153799e-02 -2.680232e-02 1.131049e+02
-2.526653e-02 2.222950e-02 9.994336e-01 1.139476e+01 2.840314e-02 9.993651e-01 -2.150992e-02 -2.951486e+00 -9.992772e-01 2.784357e-02 -2.588187e-02 1.131227e+02
-2.358686e-02 2.323520e-02 9.994518e-01 1.210969e+01 2.708027e-02 9.993779e-01 -2.259440e-02 -2.980051e+00 -9.993550e-01 2.653249e-02 -2.420140e-02 1.130919e+02
-2.265476e-02 2.410958e-02 9.994526e-01 1.282330e+01 2.751739e-02 9.993454e-01 -2.348325e-02 -2.999171e+00 -9.993646e-01 2.697032e-02 -2.330337e-02 1.130779e+02
-2.195942e-02 2.365114e-02 9.994791e-01 1.359920e+01 2.746645e-02 9.993570e-01 -2.304479e-02 -3.030241e+00 -9.993815e-01 2.694609e-02 -2.259491e-02 1.130704e+02
-2.121988e-02 2.253521e-02 9.995208e-01 1.442116e+01 2.603751e-02 9.994193e-01 -2.198014e-02 -3.047148e+00 -9.994357e-01 2.555862e-02 -2.179432e-02 1.130510e+02
-2.042037e-02 2.111018e-02 9.995686e-01 1.523103e+01 2.748919e-02 9.994109e-01 -2.054527e-02 -3.075261e+00 -9.994135e-01 2.705778e-02 -2.098865e-02 1.130334e+02
-2.036666e-02 1.883835e-02 9.996151e-01 1.602903e+01 2.875231e-02 9.994200e-01 -1.824886e-02 -3.104734e+00 -9.993790e-01 2.836957e-02 -2.089649e-02 1.129948e+02
-2.156361e-02 1.707094e-02 9.996217e-01 1.682347e+01 2.613985e-02 9.995220e-01 -1.650535e-02 -3.131253e+00 -9.994257e-01 2.577404e-02 -2.199954e-02 1.129854e+02
-2.312685e-02 1.619249e-02 9.996014e-01 1.762949e+01 2.521981e-02 9.995601e-01 -1.560833e-02 -3.151253e+00 -9.994144e-01 2.484878e-02 -2.352505e-02 1.129801e+02
-2.361614e-02 1.361292e-02 9.996284e-01 1.846297e+01 2.791097e-02 9.995265e-01 -1.295213e-02 -3.175392e+00 -9.993314e-01 2.759472e-02 -2.398491e-02 1.129466e+02
-2.485693e-02 1.188717e-02 9.996203e-01 1.928364e+01 2.934373e-02 9.995071e-01 -1.115615e-02 -3.198858e+00 -9.992602e-01 2.905529e-02 -2.519349e-02 1.129229e+02
-2.691985e-02 1.096760e-02 9.995774e-01 2.010190e+01 2.664738e-02 9.995924e-01 -1.025011e-02 -3.221679e+00 -9.992824e-01 2.636018e-02 -2.720114e-02 1.129231e+02
-2.736644e-02 1.612384e-02 9.994954e-01 2.092760e+01 2.420226e-02 9.995875e-01 -1.546266e-02 -3.242216e+00 -9.993324e-01 2.376689e-02 -2.774538e-02 1.128970e+02
-2.820246e-02 2.051228e-02 9.993917e-01 2.176180e+01 2.551527e-02 9.994785e-01 -1.979402e-02 -3.270911e+00 -9.992765e-01 2.494151e-02 -2.871113e-02 1.128752e+02
-2.941053e-02 2.214648e-02 9.993221e-01 2.261988e+01 2.539045e-02 9.994485e-01 -2.140203e-02 -3.299327e+00 -9.992449e-01 2.474379e-02 -2.995662e-02 1.128560e+02
-3.086083e-02 1.985114e-02 9.993265e-01 2.347207e+01 2.171628e-02 9.995801e-01 -1.918554e-02 -3.327534e+00 -9.992877e-01 2.110957e-02 -3.127896e-02 1.128375e+02
-3.221789e-02 1.549715e-02 9.993607e-01 2.438921e+01 1.897231e-02 9.997091e-01 -1.489091e-02 -3.363785e+00 -9.993008e-01 1.848043e-02 -3.250254e-02 1.128365e+02
-3.218657e-02 1.031036e-02 9.994287e-01 2.523730e+01 1.687333e-02 9.998099e-01 -9.770893e-03 -3.388586e+00 -9.993395e-01 1.654919e-02 -3.235442e-02 1.128102e+02
-3.296797e-02 4.847080e-03 9.994447e-01 2.608831e+01 1.271928e-02 9.999093e-01 -4.429771e-03 -3.408360e+00 -9.993755e-01 1.256618e-02 -3.302663e-02 1.128027e+02
-3.279460e-02 3.443904e-03 9.994562e-01 2.693142e+01 9.908912e-03 9.999461e-01 -3.120456e-03 -3.431214e+00 -9.994130e-01 9.801188e-03 -3.282696e-02 1.127858e+02
-3.149848e-02 1.037680e-02 9.994499e-01 2.776983e+01 1.326898e-02 9.998623e-01 -9.962901e-03 -3.457891e+00 -9.994157e-01 1.294786e-02 -3.163184e-02 1.127549e+02
-2.980432e-02 1.972185e-02 9.993612e-01 2.875795e+01 1.425753e-02 9.997120e-01 -1.930356e-02 -3.509769e+00 -9.994541e-01 1.367309e-02 -3.007692e-02 1.126381e+02
-2.924649e-02 2.541798e-02 9.992490e-01 2.960943e+01 1.589140e-02 9.995621e-01 -2.496082e-02 -3.526656e+00 -9.994459e-01 1.514945e-02 -2.963761e-02 1.126142e+02
-2.772211e-02 1.966317e-02 9.994223e-01 3.044779e+01 1.739589e-02 9.996646e-01 -1.918541e-02 -3.561766e+00 -9.994643e-01 1.685398e-02 -2.805487e-02 1.125896e+02
-2.637125e-02 1.183431e-02 9.995822e-01 3.126744e+01 2.097235e-02 9.997164e-01 -1.128260e-02 -3.588127e+00 -9.994322e-01 2.066606e-02 -2.661197e-02 1.125581e+02
-2.575543e-02 9.037326e-03 9.996274e-01 3.208562e+01 2.244223e-02 9.997123e-01 -8.459870e-03 -3.612521e+00 -9.994164e-01 2.221598e-02 -2.595084e-02 1.125377e+02
-2.642068e-02 9.496820e-03 9.996058e-01 3.291902e+01 1.991194e-02 9.997615e-01 -8.972005e-03 -3.644027e+00 -9.994526e-01 1.966705e-02 -2.660348e-02 1.125297e+02
-2.738250e-02 1.029833e-02 9.995720e-01 3.376477e+01 1.770928e-02 9.997950e-01 -9.815500e-03 -3.671658e+00 -9.994681e-01 1.743293e-02 -2.755926e-02 1.125212e+02
-2.899369e-02 1.020536e-02 9.995275e-01 3.454820e+01 1.545310e-02 9.998329e-01 -9.760229e-03 -3.697732e+00 -9.994602e-01 1.516281e-02 -2.914655e-02 1.124992e+02
-3.074376e-02 9.927221e-03 9.994780e-01 3.538810e+01 1.454613e-02 9.998492e-01 -9.483472e-03 -3.725946e+00 -9.994215e-01 1.424698e-02 -3.088352e-02 1.124702e+02
-3.257649e-02 1.010008e-02 9.994182e-01 3.617203e+01 1.356831e-02 9.998612e-01 -9.662289e-03 -3.748584e+00 -9.993771e-01 1.324566e-02 -3.270901e-02 1.124442e+02
-3.513265e-02 1.078919e-02 9.993244e-01 3.701956e+01 1.223276e-02 9.998714e-01 -1.036503e-02 -3.771038e+00 -9.993078e-01 1.186035e-02 -3.526011e-02 1.124346e+02
-3.670954e-02 1.006097e-02 9.992753e-01 3.784082e+01 1.103249e-02 9.998925e-01 -9.661894e-03 -3.789903e+00 -9.992651e-01 1.066981e-02 -3.681659e-02 1.124063e+02
-3.919611e-02 8.931771e-03 9.991916e-01 3.862130e+01 1.221294e-02 9.998896e-01 -8.458924e-03 -3.815143e+00 -9.991569e-01 1.187151e-02 -3.930087e-02 1.123859e+02
-4.144498e-02 9.025233e-03 9.991000e-01 3.945045e+01 1.189903e-02 9.998928e-01 -8.538795e-03 -3.833118e+00 -9.990699e-01 1.153443e-02 -4.154793e-02 1.123709e+02
-4.347553e-02 9.897257e-03 9.990054e-01 4.018054e+01 1.089057e-02 9.998962e-01 -9.432137e-03 -3.858760e+00 -9.989951e-01 1.046967e-02 -4.357881e-02 1.123407e+02
-4.428168e-02 1.024065e-02 9.989666e-01 4.095444e+01 1.129537e-02 9.998887e-01 -9.749405e-03 -3.878915e+00 -9.989552e-01 1.085198e-02 -4.439243e-02 1.123072e+02
-4.528585e-02 8.725493e-03 9.989359e-01 4.173964e+01 1.294564e-02 9.998830e-01 -8.146887e-03 -3.908726e+00 -9.988902e-01 1.256292e-02 -4.539351e-02 1.122700e+02
-4.703966e-02 7.992344e-03 9.988611e-01 4.252482e+01 1.336988e-02 9.998835e-01 -7.370893e-03 -3.936195e+00 -9.988036e-01 1.300793e-02 -4.714103e-02 1.122395e+02
-4.830236e-02 7.368675e-03 9.988056e-01 4.329971e+01 1.159803e-02 9.999095e-01 -6.815937e-03 -3.967195e+00 -9.987654e-01 1.125495e-02 -4.838345e-02 1.122065e+02
-4.962536e-02 6.519225e-03 9.987466e-01 4.409986e+01 9.883838e-03 9.999329e-01 -6.035864e-03 -3.988334e+00 -9.987190e-01 9.571918e-03 -4.968647e-02 1.121796e+02
-5.064646e-02 5.253202e-03 9.987028e-01 4.483458e+01 8.514496e-03 9.999521e-01 -4.827984e-03 -4.009585e+00 -9.986804e-01 8.258930e-03 -5.068876e-02 1.121478e+02
-5.102884e-02 5.102479e-03 9.986842e-01 4.554587e+01 9.385501e-03 9.999452e-01 -4.629361e-03 -4.027502e+00 -9.986531e-01 9.136921e-03 -5.107394e-02 1.121112e+02
-5.173093e-02 7.823817e-03 9.986304e-01 4.627372e+01 9.336002e-03 9.999294e-01 -7.350371e-03 -4.049220e+00 -9.986174e-01 8.942974e-03 -5.180033e-02 1.120874e+02
-5.164117e-02 1.062523e-02 9.986092e-01 4.692131e+01 9.439359e-03 9.999039e-01 -1.015086e-02 -4.066773e+00 -9.986211e-01 8.902028e-03 -5.173651e-02 1.120588e+02
-5.061740e-02 1.171737e-02 9.986494e-01 4.769173e+01 6.515609e-03 9.999138e-01 -1.140195e-02 -4.120195e+00 -9.986969e-01 5.929672e-03 -5.068938e-02 1.119747e+02
-5.055995e-02 1.253934e-02 9.986423e-01 4.839211e+01 7.686362e-03 9.998965e-01 -1.216593e-02 -4.145679e+00 -9.986914e-01 7.060817e-03 -5.065110e-02 1.119418e+02
-5.033626e-02 1.238574e-02 9.986555e-01 4.909380e+01 8.944571e-03 9.998886e-01 -1.195019e-02 -4.166545e+00 -9.986923e-01 8.331018e-03 -5.044144e-02 1.119083e+02
-5.048008e-02 1.195081e-02 9.986536e-01 4.981939e+01 9.870459e-03 9.998856e-01 -1.146662e-02 -4.183085e+00 -9.986763e-01 9.278334e-03 -5.059227e-02 1.118711e+02
-5.111536e-02 1.169301e-02 9.986243e-01 5.044937e+01 4.660086e-03 9.999233e-01 -1.146969e-02 -4.210096e+00 -9.986819e-01 4.067398e-03 -5.116593e-02 1.118458e+02
-5.018914e-02 1.172468e-02 9.986709e-01 5.120290e+01 3.025353e-03 9.999283e-01 -1.158740e-02 -4.237440e+00 -9.987351e-01 2.439771e-03 -5.022101e-02 1.118130e+02
-5.090391e-02 1.122056e-02 9.986405e-01 5.181599e+01 5.630654e-03 9.999242e-01 -1.094798e-02 -4.234718e+00 -9.986877e-01 5.065705e-03 -5.096323e-02 1.117933e+02
-5.142383e-02 1.030730e-02 9.986237e-01 5.248813e+01 5.216879e-03 9.999359e-01 -1.005220e-02 -4.261865e+00 -9.986633e-01 4.692777e-03 -5.147431e-02 1.117536e+02
-5.466796e-02 9.825128e-03 9.984562e-01 5.315406e+01 2.191243e-03 9.999503e-01 -9.719855e-03 -4.281470e+00 -9.985022e-01 1.656495e-03 -5.468678e-02 1.117189e+02
-6.027433e-02 9.733663e-03 9.981344e-01 5.381941e+01 -1.319854e-03 9.999508e-01 -9.831078e-03 -4.292499e+00 -9.981810e-01 -1.909953e-03 -6.025852e-02 1.116959e+02
-6.570578e-02 1.283702e-02 9.977565e-01 5.451403e+01 1.519891e-03 9.999174e-01 -1.276473e-02 -4.327026e+00 -9.978379e-01 6.777639e-04 -6.571986e-02 1.116421e+02
-7.318950e-02 1.604353e-02 9.971890e-01 5.519838e+01 4.575538e-03 9.998655e-01 -1.575077e-02 -4.341740e+00 -9.973075e-01 3.409886e-03 -7.325306e-02 1.116041e+02
-7.982905e-02 1.744257e-02 9.966559e-01 5.590267e+01 4.216701e-03 9.998438e-01 -1.716061e-02 -4.364892e+00 -9.967996e-01 2.832685e-03 -7.989014e-02 1.115410e+02
-8.588405e-02 1.683065e-02 9.961630e-01 5.658313e+01 3.608456e-04 9.998578e-01 -1.686197e-02 -4.385246e+00 -9.963050e-01 -1.088713e-03 -8.587791e-02 1.114866e+02
-9.137482e-02 1.580523e-02 9.956911e-01 5.727940e+01 1.151695e-04 9.998742e-01 -1.586106e-02 -4.404759e+00 -9.958166e-01 -1.334628e-03 -9.136514e-02 1.114320e+02
-9.584076e-02 1.661908e-02 9.952579e-01 5.796824e+01 -2.078216e-03 9.998551e-01 -1.689598e-02 -4.421000e+00 -9.953945e-01 -3.687684e-03 -9.579233e-02 1.113692e+02
-1.001409e-01 1.591012e-02 9.948460e-01 5.867507e+01 -4.420662e-03 9.998552e-01 -1.643521e-02 -4.442673e+00 -9.949635e-01 -6.043714e-03 -1.000560e-01 1.113086e+02
-1.025672e-01 1.268902e-02 9.946451e-01 5.939316e+01 -3.755664e-03 9.999065e-01 -1.314343e-02 -4.461688e+00 -9.947190e-01 -5.083638e-03 -1.025100e-01 1.112333e+02
-1.046024e-01 9.564407e-03 9.944682e-01 6.009144e+01 -1.535277e-03 9.999510e-01 -9.778626e-03 -4.485906e+00 -9.945129e-01 -2.549652e-03 -1.045826e-01 1.111610e+02
-1.055924e-01 6.563986e-03 9.943878e-01 6.079832e+01 -1.774617e-03 9.999754e-01 -6.789314e-03 -4.508071e+00 -9.944079e-01 -2.481558e-03 -1.055782e-01 1.110804e+02
-1.067202e-01 6.565839e-03 9.942674e-01 6.151817e+01 -2.690045e-03 9.999726e-01 -6.892252e-03 -4.519853e+00 -9.942855e-01 -3.410166e-03 -1.066996e-01 1.110060e+02
-1.072438e-01 1.046323e-02 9.941777e-01 6.225364e+01 -1.038111e-04 9.999445e-01 -1.053513e-02 -4.535863e+00 -9.942328e-01 -1.233034e-03 -1.072368e-01 1.109373e+02
-1.073994e-01 1.409487e-02 9.941160e-01 6.300044e+01 4.977143e-03 9.998946e-01 -1.363909e-02 -4.556857e+00 -9.942035e-01 3.483027e-03 -1.074583e-01 1.108509e+02
-1.079413e-01 1.950243e-02 9.939660e-01 6.375537e+01 1.316933e-02 9.997479e-01 -1.818574e-02 -4.575886e+00 -9.940701e-01 1.112688e-02 -1.081709e-01 1.107567e+02
-1.087554e-01 2.045003e-02 9.938582e-01 6.447356e+01 1.385627e-02 9.997224e-01 -1.905444e-02 -4.600062e+00 -9.939719e-01 1.169889e-02 -1.090085e-01 1.106824e+02
-1.090087e-01 1.587920e-02 9.939139e-01 6.518411e+01 7.786338e-03 9.998553e-01 -1.512015e-02 -4.660178e+00 -9.940103e-01 6.090723e-03 -1.091165e-01 1.105634e+02
-1.095020e-01 1.068301e-02 9.939291e-01 6.590876e+01 7.212125e-03 9.999245e-01 -9.952884e-03 -4.685867e+00 -9.939604e-01 6.078481e-03 -1.095708e-01 1.105014e+02
-1.090858e-01 8.542065e-03 9.939957e-01 6.667889e+01 1.029889e-02 9.999191e-01 -7.462720e-03 -4.716244e+00 -9.939790e-01 9.422975e-03 -1.091649e-01 1.104047e+02
-1.101368e-01 8.043225e-03 9.938839e-01 6.743098e+01 1.007520e-02 9.999249e-01 -6.975634e-03 -4.741826e+00 -9.938654e-01 9.245308e-03 -1.102096e-01 1.103207e+02
-1.121935e-01 8.292652e-03 9.936517e-01 6.811259e+01 7.304519e-03 9.999450e-01 -7.520418e-03 -4.771668e+00 -9.936595e-01 6.414406e-03 -1.122480e-01 1.102595e+02
-1.139759e-01 8.895211e-03 9.934437e-01 6.881359e+01 6.339103e-03 9.999461e-01 -8.226160e-03 -4.793192e+00 -9.934633e-01 5.359959e-03 -1.140261e-01 1.101694e+02
-1.161430e-01 9.090220e-03 9.931909e-01 6.950533e+01 7.082870e-03 9.999403e-01 -8.323728e-03 -4.811705e+00 -9.932073e-01 6.067899e-03 -1.162004e-01 1.100931e+02
-1.176258e-01 9.273150e-03 9.930147e-01 7.025092e+01 8.293118e-03 9.999307e-01 -8.355387e-03 -4.837917e+00 -9.930233e-01 7.252378e-03 -1.176946e-01 1.099943e+02
-1.195705e-01 8.456818e-03 9.927897e-01 7.096748e+01 7.409022e-03 9.999435e-01 -7.625421e-03 -4.868143e+00 -9.927981e-01 6.443826e-03 -1.196264e-01 1.099047e+02
-1.212634e-01 9.227827e-03 9.925775e-01 7.175147e+01 5.566184e-03 9.999474e-01 -8.616323e-03 -4.876173e+00 -9.926047e-01 4.480024e-03 -1.213084e-01 1.098229e+02
-1.223117e-01 1.058594e-02 9.924353e-01 7.256372e+01 6.286284e-03 9.999313e-01 -9.891153e-03 -4.899221e+00 -9.924718e-01 5.028926e-03 -1.223699e-01 1.097262e+02
-1.235928e-01 1.138258e-02 9.922677e-01 7.337299e+01 5.749160e-03 9.999256e-01 -1.075433e-02 -4.909450e+00 -9.923164e-01 4.375549e-03 -1.236490e-01 1.096615e+02
-1.249468e-01 1.125352e-02 9.920996e-01 7.412727e+01 5.339089e-03 9.999288e-01 -1.066991e-02 -4.938770e+00 -9.921491e-01 3.963737e-03 -1.249980e-01 1.095762e+02
-1.259467e-01 9.864445e-03 9.919879e-01 7.489563e+01 6.001771e-03 9.999399e-01 -9.181511e-03 -4.950671e+00 -9.920189e-01 4.797304e-03 -1.259983e-01 1.094828e+02
-1.272870e-01 7.430483e-03 9.918381e-01 7.569736e+01 2.192396e-03 9.999716e-01 -7.210056e-03 -4.965682e+00 -9.918635e-01 1.256755e-03 -1.272997e-01 1.093903e+02
-1.284509e-01 5.892050e-03 9.916984e-01 7.649950e+01 9.628013e-04 9.999826e-01 -5.816562e-03 -4.965460e+00 -9.917154e-01 2.076656e-04 -1.284544e-01 1.092912e+02
-1.310447e-01 4.882251e-03 9.913644e-01 7.729662e+01 1.688378e-03 9.999875e-01 -4.701538e-03 -4.991910e+00 -9.913750e-01 1.057686e-03 -1.310514e-01 1.091998e+02
