1.000000e+00 0.000000e+00 0.000000e+00 0.000000e+00 0.000000e+00 1.000000e+00 0.000000e+00 0.000000e+00 0.000000e+00 0.000000e+00 1.000000e+00 0.000000e+00
9.999975e-01 9.137810e-04 2.046760e-03 -1.572166e-02 -9.119725e-04 9.999992e-01 -8.843107e-04 -2.194619e-02 -2.047566e-03 8.824419e-04 9.999975e-01 1.221863e+00
9.999940e-01 1.652368e-03 3.059602e-03 -1.807254e-02 -1.651431e-03 9.999986e-01 -3.089184e-04 -4.497571e-02 -3.060108e-03 3.038638e-04 9.999953e-01 2.431000e+00
9.999921e-01 8.359427e-04 3.895789e-03 -1.507317e-02 -8.362439e-04 9.999996e-01 7.568810e-05 -6.448121e-02 -3.895724e-03 -7.894533e-05 9.999924e-01 3.621799e+00
9.999875e-01 7.174545e-04 4.956637e-03 -1.937348e-02 -7.184955e-04 9.999997e-01 2.082500e-04 -8.718944e-02 -4.956486e-03 -2.118087e-04 9.999877e-01 4.849108e+00
9.999834e-01 5.724383e-04 5.727359e-03 -1.227952e-02 -5.737535e-04 9.999998e-01 2.279957e-04 -1.065351e-01 -5.727227e-03 -2.312780e-04 9.999835e-01 6.063026e+00
9.999790e-01 7.063280e-04 6.439057e-03 -1.289219e-02 -7.002435e-04 9.999993e-01 -9.471524e-04 -1.277728e-01 -6.439722e-03 9.426237e-04 9.999788e-01 7.276885e+00
9.999723e-01 -3.193575e-04 7.432494e-03 -1.548847e-02 3.275325e-04 9.999993e-01 -1.098700e-03 -1.548146e-01 -7.432139e-03 1.101104e-03 9.999717e-01 8.497046e+00
9.999710e-01 -4.120932e-04 7.601766e-03 -1.406433e-02 4.093992e-04 9.999999e-01 3.559362e-04 -1.768487e-01 -7.601912e-03 -3.528137e-04 9.999710e-01 9.706321e+00
9.999828e-01 -1.201927e-03 5.735611e-03 -2.047433e-03 1.194777e-03 9.999985e-01 1.249823e-03 -1.957804e-01 -5.737105e-03 -1.242948e-03 9.999828e-01 1.090471e+01
9.999914e-01 -2.272152e-03 3.469251e-03 -3.549083e-03 2.269223e-03 9.999971e-01 8.481538e-04 -2.229470e-01 -3.471168e-03 -8.402740e-04 9.999936e-01 1.210383e+01
9.999975e-01 -2.025524e-03 9.731930e-04 5.748853e-03 2.025021e-03 9.999978e-01 5.178113e-04 -2.420484e-01 -9.742397e-04 -5.158393e-04 9.999994e-01 1.332970e+01
9.999987e-01 -1.582852e-03 -5.487464e-05 -9.684586e-03 1.582853e-03 9.999987e-01 2.507469e-05 -2.596247e-01 5.483488e-05 -2.516152e-05 1.000000e+00 1.454465e+01
9.999998e-01 -1.677337e-04 -6.541589e-04 -2.971684e-02 1.677296e-04 1.000000e+00 -6.243908e-06 -2.834581e-01 6.541599e-04 6.134185e-06 9.999998e-01 1.574220e+01
9.999987e-01 -8.915295e-04 -1.320974e-03 -5.174842e-02 8.915529e-04 9.999996e-01 1.707615e-05 -3.067865e-01 1.320959e-03 -1.825384e-05 9.999991e-01 1.692793e+01
9.999973e-01 -1.992116e-03 -1.251137e-03 -4.861130e-02 1.993438e-03 9.999974e-01 1.056323e-03 -3.207247e-01 1.249029e-03 -1.058814e-03 9.999987e-01 1.807442e+01
9.999952e-01 -2.370020e-03 -2.002322e-03 -4.790816e-02 2.372746e-03 9.999962e-01 1.360077e-03 -3.458241e-01 1.999091e-03 -1.364822e-03 9.999971e-01 1.925880e+01
9.999952e-01 -2.106006e-03 -2.272489e-03 -6.952118e-02 2.107364e-03 9.999976e-01 5.952087e-04 -3.712777e-01 2.271230e-03 -5.999948e-04 9.999973e-01 2.046339e+01
9.999920e-01 -2.837711e-03 -2.822394e-03 -8.334271e-02 2.836597e-03 9.999959e-01 -3.985121e-04 -3.937005e-01 2.823513e-03 3.905029e-04 9.999959e-01 2.166717e+01
9.999891e-01 -2.585592e-03 -3.886753e-03 -8.710457e-02 2.587026e-03 9.999966e-01 3.639271e-04 -4.222006e-01 3.885799e-03 -3.739783e-04 9.999924e-01 2.285916e+01
9.999866e-01 -1.922236e-03 -4.793002e-03 -9.760437e-02 1.923805e-03 9.999981e-01 3.227228e-04 -4.497381e-01 4.792373e-03 -3.319393e-04 9.999884e-01 2.397140e+01
9.999822e-01 -2.157184e-03 -5.564707e-03 -1.166255e-01 2.155313e-03 9.999976e-01 -3.421450e-04 -4.720531e-01 5.565431e-03 3.301453e-04 9.999844e-01 2.518127e+01
9.999768e-01 -2.156226e-03 -6.463772e-03 -1.335633e-01 2.159964e-03 9.999975e-01 5.713346e-04 -4.996074e-01 6.462524e-03 -5.852829e-04 9.999790e-01 2.636786e+01
9.999673e-01 -3.478876e-03 -7.307315e-03 -1.451960e-01 3.496048e-03 9.999912e-01 2.338476e-03 -5.241044e-01 7.299115e-03 -2.363946e-03 9.999706e-01 2.759259e+01
9.999576e-01 -3.709546e-03 -8.429247e-03 -1.601903e-01 3.730593e-03 9.999900e-01 2.482584e-03 -5.439819e-01 8.419953e-03 -2.513924e-03 9.999614e-01 2.881352e+01
9.999458e-01 -4.275811e-03 -9.492595e-03 -1.729550e-01 4.292684e-03 9.999893e-01 1.757727e-03 -5.662017e-01 9.484977e-03 -1.798381e-03 9.999534e-01 2.999395e+01
9.999307e-01 -4.962473e-03 -1.067226e-02 -1.745683e-01 4.969084e-03 9.999875e-01 5.930330e-04 -5.793570e-01 1.066918e-02 -6.460233e-04 9.999429e-01 3.114694e+01
9.999288e-01 -4.088057e-03 -1.121238e-02 -2.029261e-01 4.096309e-03 9.999914e-01 7.131110e-04 -6.037568e-01 1.120937e-02 -7.589896e-04 9.999369e-01 3.236273e+01
9.999165e-01 -5.287345e-03 -1.179372e-02 -2.156852e-01 5.302798e-03 9.999851e-01 1.279350e-03 -6.248106e-01 1.178678e-02 -1.341783e-03 9.999296e-01 3.357081e+01
9.999044e-01 -5.876773e-03 -1.251754e-02 -2.401954e-01 5.897783e-03 9.999813e-01 1.642191e-03 -6.515465e-01 1.250765e-02 -1.715860e-03 9.999203e-01 3.474400e+01
9.999043e-01 -5.034519e-03 -1.288614e-02 -2.279290e-01 5.057559e-03 9.999857e-01 1.756004e-03 -6.600170e-01 1.287712e-02 -1.821009e-03 9.999154e-01 3.601918e+01
9.998887e-01 -5.283779e-03 -1.395252e-02 -2.409236e-01 5.311010e-03 9.999841e-01 1.915351e-03 -6.841189e-01 1.394217e-02 -1.989240e-03 9.999008e-01 3.721158e+01
9.998765e-01 -6.830432e-03 -1.415253e-02 -2.632079e-01 6.868206e-03 9.999730e-01 2.622183e-03 -7.099662e-01 1.413423e-02 -2.719061e-03 9.998964e-01 3.841183e+01
9.998847e-01 -5.720648e-03 -1.407018e-02 -2.889189e-01 5.775957e-03 9.999757e-01 3.893465e-03 -7.271478e-01 1.404756e-02 -3.974284e-03 9.998934e-01 3.961714e+01
9.998881e-01 -5.613124e-03 -1.386952e-02 -3.202610e-01 5.682496e-03 9.999715e-01 4.967385e-03 -7.561768e-01 1.384124e-02 -5.045643e-03 9.998915e-01 4.084406e+01
9.999017e-01 -4.632241e-03 -1.323202e-02 -3.581889e-01 4.693310e-03 9.999785e-01 4.587883e-03 -7.747716e-01 1.321049e-02 -4.649534e-03 9.999020e-01 4.205360e+01
9.998994e-01 -4.036908e-03 -1.359494e-02 -3.730018e-01 4.104961e-03 9.999791e-01 4.981571e-03 -7.990192e-01 1.357455e-02 -5.036877e-03 9.998952e-01 4.327840e+01
9.999130e-01 -1.206740e-03 -1.313688e-02 -3.947257e-01 1.297968e-03 9.999751e-01 6.938084e-03 -8.188274e-01 1.312818e-02 -6.954532e-03 9.998896e-01 4.450148e+01
9.999328e-01 -1.077412e-03 -1.153828e-02 -4.213892e-01 1.192832e-03 9.999493e-01 1.000103e-02 -8.313474e-01 1.152692e-02 -1.001412e-02 9.998834e-01 4.571284e+01
9.999506e-01 -6.803454e-04 -9.913108e-03 -4.399410e-01 8.066138e-04 9.999185e-01 1.273909e-02 -8.396754e-01 9.903634e-03 -1.274646e-02 9.998697e-01 4.693858e+01
9.999621e-01 -2.698058e-04 -8.705018e-03 -4.422098e-01 4.081871e-04 9.998735e-01 1.589887e-02 -8.426846e-01 8.699628e-03 -1.590182e-02 9.998357e-01 4.818044e+01
9.999713e-01 -1.289448e-03 -7.462527e-03 -4.594123e-01 1.420956e-03 9.998433e-01 1.764404e-02 -8.557709e-01 7.438606e-03 -1.765414e-02 9.998165e-01 4.938649e+01
9.999756e-01 -3.288459e-03 -6.166972e-03 -4.623067e-01 3.386551e-03 9.998668e-01 1.596364e-02 -8.556032e-01 6.113654e-03 -1.598414e-02 9.998536e-01 5.061213e+01
9.999838e-01 -2.476507e-03 -5.126042e-03 -4.827492e-01 2.550232e-03 9.998927e-01 1.442622e-02 -8.579216e-01 5.089765e-03 -1.443906e-02 9.998828e-01 5.178728e+01
9.999856e-01 -3.149524e-03 -4.330529e-03 -4.954054e-01 3.209063e-03 9.998994e-01 1.381114e-02 -8.588991e-01 4.286596e-03 -1.382484e-02 9.998952e-01 5.301138e+01
9.999868e-01 -3.532897e-03 -3.744207e-03 -5.075622e-01 3.581311e-03 9.999090e-01 1.300345e-02 -8.565893e-01 3.697926e-03 -1.301669e-02 9.999084e-01 5.426694e+01
9.999797e-01 -4.438044e-03 -4.569844e-03 -5.218629e-01 4.492302e-03 9.999187e-01 1.193204e-02 -8.671819e-01 4.516518e-03 -1.195233e-02 9.999183e-01 5.547604e+01
9.999708e-01 -4.287640e-03 -6.325302e-03 -5.357381e-01 4.364370e-03 9.999164e-01 1.216716e-02 -8.706383e-01 6.272605e-03 -1.219441e-02 9.999059e-01 5.670388e+01
9.999569e-01 -4.480324e-03 -8.130200e-03 -5.446349e-01 4.590190e-03 9.998977e-01 1.354535e-02 -8.819979e-01 8.068682e-03 -1.358209e-02 9.998752e-01 5.792604e+01
9.999497e-01 -4.355240e-03 -9.034929e-03 -5.692303e-01 4.481935e-03 9.998912e-01 1.405031e-02 -8.896269e-01 8.972754e-03 -1.409009e-02 9.998605e-01 5.915772e+01
9.999444e-01 -3.678627e-03 -9.881814e-03 -5.942383e-01 3.811966e-03 9.999015e-01 1.350863e-02 -8.889260e-01 9.831147e-03 -1.354555e-02 9.998599e-01 6.037445e+01
9.999406e-01 -2.985311e-03 -1.048268e-02 -6.123749e-01 3.126917e-03 9.999037e-01 1.351837e-02 -8.941231e-01 1.044131e-02 -1.355034e-02 9.998537e-01 6.158755e+01
9.999430e-01 -3.897197e-03 -9.943069e-03 -6.455044e-01 4.026755e-03 9.999068e-01 1.304338e-02 -9.038590e-01 9.891310e-03 -1.308267e-02 9.998655e-01 6.279383e+01
9.999337e-01 -5.638659e-03 -1.004331e-02 -6.772962e-01 5.768511e-03 9.998996e-01 1.294749e-02 -9.332494e-01 9.969293e-03 -1.300457e-02 9.998657e-01 6.398004e+01
9.999194e-01 -5.766622e-03 -1.131758e-02 -6.635014e-01 5.922132e-03 9.998878e-01 1.375548e-02 -9.318307e-01 1.123698e-02 -1.382139e-02 9.998413e-01 6.525041e+01
9.999177e-01 -5.435914e-03 -1.161971e-02 -6.764647e-01 5.612649e-03 9.998682e-01 1.523185e-02 -9.301592e-01 1.153538e-02 -1.529581e-02 9.998165e-01 6.647150e+01
9.999356e-01 -2.858675e-03 -1.098264e-02 -6.662395e-01 3.007745e-03 9.999033e-01 1.358076e-02 -9.344631e-01 1.094276e-02 -1.361292e-02 9.998475e-01 6.761165e+01
9.999403e-01 -1.236000e-03 -1.086147e-02 -6.923290e-01 1.371020e-03 9.999218e-01 1.243253e-02 -9.379883e-01 1.084526e-02 -1.244668e-02 9.998637e-01 6.882563e+01
9.999411e-01 7.386532e-04 -1.082535e-02 -7.204741e-01 -5.983723e-04 9.999159e-01 1.295608e-02 -9.531023e-01 1.083401e-02 -1.294884e-02 9.998575e-01 7.003162e+01
9.999406e-01 2.422032e-03 -1.062736e-02 -7.513185e-01 -2.282302e-03 9.999111e-01 1.314067e-02 -9.594141e-01 1.065824e-02 -1.311563e-02 9.998572e-01 7.121109e+01
9.999371e-01 4.042670e-03 -1.045952e-02 -7.759451e-01 -3.901179e-03 9.999011e-01 1.351269e-02 -9.677353e-01 1.051312e-02 -1.347104e-02 9.998540e-01 7.241386e+01
9.999416e-01 5.172450e-03 -9.481203e-03 -7.962250e-01 -5.034071e-03 9.998813e-01 1.456132e-02 -9.722810e-01 9.555395e-03 -1.451274e-02 9.998490e-01 7.358823e+01
9.999480e-01 7.027502e-03 -7.387804e-03 -8.105875e-01 -6.914574e-03 9.998605e-01 1.520181e-02 -9.734764e-01 7.493605e-03 -1.514994e-02 9.998571e-01 7.480677e+01
9.999768e-01 5.094007e-03 -4.523828e-03 -8.360547e-01 -5.034936e-03 9.999031e-01 1.297455e-02 -9.824804e-01 4.589483e-03 -1.295148e-02 9.999056e-01 7.599849e+01
9.999954e-01 2.165850e-03 -2.153389e-03 -8.390080e-01 -2.148903e-03 9.999669e-01 7.841649e-03 -9.900953e-01 2.170302e-03 -7.836984e-03 9.999669e-01 7.719589e+01
9.999940e-01 3.419042e-03 5.799536e-04 -8.540413e-01 -3.423217e-03 9.999670e-01 7.358772e-03 -1.004062e+00 -5.547745e-04 -7.360713e-03 9.999728e-01 7.836697e+01
9.999948e-01 2.268868e-03 2.283836e-03 -8.070693e-01 -2.295630e-03 9.999279e-01 1.178453e-02 -1.025282e+00 -2.256934e-03 -1.178971e-02 9.999279e-01 7.957632e+01
9.999778e-01 3.133895e-03 5.888418e-03 -8.163406e-01 -3.211697e-03 9.999071e-01 1.325014e-02 -1.045709e+00 -5.846346e-03 -1.326876e-02 9.998949e-01 8.074312e+01
9.999401e-01 4.237281e-03 1.009335e-02 -8.073873e-01 -4.351311e-03 9.999267e-01 1.130248e-02 -1.055310e+00 -1.004472e-02 -1.134572e-02 9.998852e-01 8.190155e+01
9.998954e-01 4.062972e-03 1.387937e-02 -8.121142e-01 -4.179202e-03 9.999564e-01 8.355597e-03 -1.071868e+00 -1.384482e-02 -8.412728e-03 9.998688e-01 8.312337e+01
9.998493e-01 3.050145e-03 1.709098e-02 -7.894807e-01 -3.134856e-03 9.999830e-01 4.931843e-03 -1.086068e+00 -1.707565e-02 -4.984678e-03 9.998417e-01 8.428288e+01
9.997854e-01 2.710792e-03 2.053958e-02 -7.687544e-01 -2.795768e-03 9.999877e-01 4.109574e-03 -1.105909e+00 -2.052818e-02 -4.166116e-03 9.997806e-01 8.545341e+01
9.996972e-01 2.507758e-03 2.447953e-02 -7.517021e-01 -2.655186e-03 9.999785e-01 5.991859e-03 -1.130459e+00 -2.446397e-02 -6.055043e-03 9.996824e-01 8.662067e+01
9.996014e-01 2.957421e-03 2.807782e-02 -7.219397e-01 -3.137468e-03 9.999748e-01 6.370551e-03 -1.143481e+00 -2.805827e-02 -6.456105e-03 9.995854e-01 8.778120e+01
9.995007e-01 2.139584e-03 3.152503e-02 -6.709078e-01 -2.279310e-03 9.999877e-01 4.396950e-03 -1.155551e+00 -3.151524e-02 -4.466610e-03 9.994933e-01 8.892344e+01
9.993984e-01 2.013364e-03 3.462268e-02 -6.293473e-01 -2.071184e-03 9.999965e-01 1.634229e-03 -1.166115e+00 -3.461927e-02 -1.704956e-03 9.993991e-01 9.009953e+01
9.993001e-01 2.300259e-03 3.733541e-02 -5.860261e-01 -2.357004e-03 9.999961e-01 1.475905e-03 -1.181965e+00 -3.733188e-02 -1.562872e-03 9.993017e-01 9.124173e+01
9.991886e-01 7.775699e-04 4.026806e-02 -5.573826e-01 -8.863548e-04 9.999960e-01 2.683734e-03 -1.200201e+00 -4.026582e-02 -2.717249e-03 9.991853e-01 9.240624e+01
9.990848e-01 2.403708e-04 4.277220e-02 -5.120608e-01 -4.184279e-04 9.999913e-01 4.154011e-03 -1.222310e+00 -4.277083e-02 -4.168107e-03 9.990762e-01 9.356824e+01
9.989695e-01 -8.542896e-04 4.537869e-02 -4.671038e-01 5.866851e-04 9.999824e-01 5.910133e-03 -1.237222e+00 -4.538294e-02 -5.877420e-03 9.989524e-01 9.474870e+01
9.988686e-01 -2.210498e-03 4.750372e-02 -4.011084e-01 1.874935e-03 9.999730e-01 7.107316e-03 -1.257018e+00 -4.751814e-02 -7.010208e-03 9.988458e-01 9.595301e+01
9.987389e-01 -3.101951e-03 5.010887e-02 -3.707156e-01 2.857373e-03 9.999837e-01 4.951820e-03 -1.269160e+00 -5.012341e-02 -4.802396e-03 9.987315e-01 9.714744e+01
9.986272e-01 -5.064948e-03 5.213478e-02 -2.858187e-01 4.984723e-03 9.999862e-01 1.668724e-03 -1.302431e+00 -5.214251e-02 -1.406556e-03 9.986387e-01 9.835957e+01
9.985533e-01 -4.041391e-03 5.361957e-02 -2.046256e-01 4.120115e-03 9.999906e-01 -1.357734e-03 -1.310955e+00 -5.361358e-02 1.576688e-03 9.985605e-01 9.956577e+01
9.984827e-01 -3.899859e-03 5.492766e-02 -1.294355e-01 4.038221e-03 9.999890e-01 -2.408225e-03 -1.326427e+00 -5.491766e-02 2.626381e-03 9.984874e-01 1.007728e+02
9.984319e-01 -3.956722e-03 5.584077e-02 -1.039431e-01 4.045867e-03 9.999907e-01 -1.483469e-03 -1.353966e+00 -5.583438e-02 1.707067e-03 9.984386e-01 1.019429e+02
9.984940e-01 -3.821118e-03 5.472773e-02 -4.191770e-02 3.804727e-03 9.999927e-01 4.037005e-04 -1.376529e+00 -5.472887e-02 -1.948685e-04 9.985012e-01 1.030909e+02
9.985078e-01 -5.087967e-03 5.437173e-02 -6.042228e-02 4.984489e-03 9.999855e-01 2.038589e-03 -1.406907e+00 -5.438131e-02 -1.764531e-03 9.985187e-01 1.042491e+02
9.986087e-01 -4.158187e-03 5.256780e-02 1.366293e-02 3.981557e-03 9.999861e-01 3.464325e-03 -1.416477e+00 -5.258147e-02 -3.250204e-03 9.986113e-01 1.056154e+02
9.987417e-01 -3.839355e-03 5.000307e-02 6.676074e-02 3.640688e-03 9.999851e-01 4.063577e-03 -1.433116e+00 -5.001793e-02 -3.876419e-03 9.987408e-01 1.068394e+02
9.989034e-01 -3.568023e-03 4.668248e-02 1.166918e-01 3.389114e-03 9.999866e-01 3.911060e-03 -1.446844e+00 -4.669581e-02 -3.748559e-03 9.989021e-01 1.080589e+02
9.990818e-01 -2.420370e-03 4.277525e-02 1.635731e-01 2.266116e-03 9.999908e-01 3.654274e-03 -1.474063e+00 -4.278370e-02 -3.553985e-03 9.990780e-01 1.093156e+02
9.992109e-01 -1.673996e-03 3.968427e-02 1.609510e-01 1.514667e-03 9.999907e-01 4.044635e-03 -1.487895e+00 -3.969067e-02 -3.981334e-03 9.992041e-01 1.105412e+02
9.993520e-01 -1.196916e-03 3.597501e-02 1.769178e-01 1.022830e-03 9.999877e-01 4.857088e-03 -1.495406e+00 -3.598038e-02 -4.817144e-03 9.993409e-01 1.117556e+02
9.995022e-01 -6.858627e-04 3.154310e-02 2.097114e-01 5.089022e-04 9.999841e-01 5.617804e-03 -1.507600e+00 -3.154645e-02 -5.598955e-03 9.994866e-01 1.129695e+02
9.996336e-01 -1.296277e-04 2.706651e-02 2.391039e-01 -4.188947e-05 9.999799e-01 6.336213e-03 -1.527028e+00 -2.706679e-02 -6.335025e-03 9.996136e-01 1.141789e+02
9.997569e-01 2.977161e-04 2.204900e-02 2.646798e-01 -4.406095e-04 9.999790e-01 6.476143e-03 -1.535309e+00 -2.204661e-02 -6.484283e-03 9.997359e-01 1.153880e+02
9.998659e-01 1.096619e-03 1.633482e-02 3.097435e-01 -1.204692e-03 9.999775e-01 6.607751e-03 -1.554909e+00 -1.632720e-02 -6.626544e-03 9.998447e-01 1.166062e+02
9.999357e-01 1.217154e-03 1.127644e-02 3.219076e-01 -1.287540e-03 9.999797e-01 6.236735e-03 -1.570598e+00 -1.126862e-02 -6.250853e-03 9.999170e-01 1.177997e+02
9.999783e-01 2.602770e-03 6.053802e-03 3.346995e-01 -2.636097e-03 9.999814e-01 5.503664e-03 -1.579402e+00 -6.039365e-03 -5.519503e-03 9.999665e-01 1.190429e+02
9.999885e-01 4.382587e-03 1.956705e-03 3.537184e-01 -4.393382e-03 9.999750e-01 5.547808e-03 -1.598842e+00 -1.932342e-03 -5.556341e-03 9.999827e-01 1.202828e+02
9.999801e-01 6.255804e-03 -8.421987e-04 3.675638e-01 -6.251008e-03 9.999649e-01 5.582158e-03 -1.607959e+00 8.770900e-04 -5.576782e-03 9.999841e-01 1.215117e+02
9.999714e-01 7.214195e-03 -2.272426e-03 3.734021e-01 -7.201031e-03 9.999576e-01 5.748494e-03 -1.637750e+00 2.313800e-03 -5.731965e-03 9.999809e-01 1.226970e+02
9.999485e-01 9.346940e-03 -3.946621e-03 3.717445e-01 -9.323517e-03 9.999391e-01 5.912156e-03 -1.651222e+00 4.001641e-03 -5.875056e-03 9.999747e-01 1.239614e+02
9.999338e-01 1.046539e-02 -4.784879e-03 3.447885e-01 -1.043186e-02 9.999212e-01 6.980512e-03 -1.671217e+00 4.857556e-03 -6.930135e-03 9.999642e-01 1.252009e+02
9.999329e-01 1.029569e-02 -5.296165e-03 3.288440e-01 -1.025680e-02 9.999206e-01 7.318747e-03 -1.686364e+00 5.371096e-03 -7.263934e-03 9.999592e-01 1.264139e+02
9.998757e-01 1.433678e-02 -6.558337e-03 3.152594e-01 -1.427605e-02 9.998556e-01 9.214910e-03 -1.690103e+00 6.689502e-03 -9.120137e-03 9.999360e-01 1.276764e+02
9.998542e-01 1.532910e-02 -7.519301e-03 3.023887e-01 -1.523247e-02 9.998028e-01 1.274412e-02 -1.707235e+00 7.713174e-03 -1.262773e-02 9.998905e-01 1.289403e+02
9.998714e-01 1.380148e-02 -8.165257e-03 2.763217e-01 -1.369953e-02 9.998291e-01 1.241241e-02 -1.718940e+00 8.335171e-03 -1.229896e-02 9.998896e-01 1.301875e+02
9.998710e-01 1.347183e-02 -8.746869e-03 2.418045e-01 -1.337739e-02 9.998525e-01 1.076662e-02 -1.719508e+00 8.890625e-03 -1.064822e-02 9.999038e-01 1.314201e+02
9.999043e-01 9.691587e-03 -9.868590e-03 3.066775e-01 -9.573353e-03 9.998826e-01 1.195842e-02 -1.715256e+00 9.983328e-03 -1.186280e-02 9.998798e-01 1.328833e+02
9.999131e-01 7.322885e-03 -1.096362e-02 2.918403e-01 -7.170659e-03 9.998782e-01 1.386009e-02 -1.725865e+00 1.106378e-02 -1.378027e-02 9.998438e-01 1.341593e+02
9.999279e-01 4.156510e-03 -1.126586e-02 2.736038e-01 -3.976857e-03 9.998653e-01 1.592248e-02 -1.732813e+00 1.133052e-02 -1.587653e-02 9.998097e-01 1.354157e+02
9.999292e-01 2.208058e-03 -1.169007e-02 2.556426e-01 -2.006258e-03 9.998493e-01 1.724618e-02 -1.740850e+00 1.172639e-02 -1.722151e-02 9.997829e-01 1.366551e+02
9.999322e-01 -1.881361e-03 -1.149035e-02 2.388227e-01 2.055988e-03 9.998823e-01 1.520488e-02 -1.741022e+00 1.146039e-02 -1.522747e-02 9.998184e-01 1.379363e+02
9.999197e-01 -4.672995e-03 -1.178162e-02 2.223630e-01 4.838794e-03 9.998891e-01 1.408363e-02 -1.740160e+00 1.171450e-02 -1.413951e-02 9.998314e-01 1.392109e+02
9.999096e-01 -5.856781e-03 -1.210519e-02 2.308119e-01 6.023810e-03 9.998865e-01 1.380807e-02 -1.738165e+00 1.202294e-02 -1.387974e-02 9.998314e-01 1.405343e+02
9.999172e-01 -5.807448e-03 -1.148305e-02 2.030017e-01 5.969842e-03 9.998819e-01 1.415878e-02 -1.743217e+00 1.139947e-02 -1.422616e-02 9.998338e-01 1.418265e+02
9.999232e-01 -5.298025e-03 -1.120333e-02 1.926968e-01 5.478112e-03 9.998553e-01 1.610526e-02 -1.748365e+00 1.111638e-02 -1.616539e-02 9.998075e-01 1.430849e+02
9.999381e-01 -2.798347e-03 -1.076980e-02 1.657152e-01 2.989831e-03 9.998370e-01 1.780495e-02 -1.753314e+00 1.071822e-02 -1.783605e-02 9.997835e-01 1.443297e+02
9.999403e-01 -2.776157e-03 -1.056495e-02 1.633301e-01 2.947824e-03 9.998633e-01 1.626806e-02 -1.756901e+00 1.051834e-02 -1.629824e-02 9.998118e-01 1.455869e+02
9.999449e-01 -1.921560e-03 -1.031990e-02 1.461650e-01 2.067160e-03 9.998982e-01 1.411660e-02 -1.754251e+00 1.029172e-02 -1.413715e-02 9.998471e-01 1.468638e+02
9.999465e-01 -2.257912e-03 -1.008977e-02 1.265764e-01 2.376554e-03 9.999280e-01 1.176213e-02 -1.764830e+00 1.006249e-02 -1.178548e-02 9.998799e-01 1.481494e+02
9.999441e-01 -3.664015e-03 -9.921174e-03 1.148914e-01 3.739925e-03 9.999638e-01 7.643604e-03 -1.776411e+00 9.892808e-03 -7.680281e-03 9.999216e-01 1.494472e+02
9.999509e-01 -3.520804e-03 -9.264176e-03 9.620481e-02 3.560398e-03 9.999846e-01 4.260856e-03 -1.791483e+00 9.249032e-03 -4.293631e-03 9.999480e-01 1.506884e+02
9.999508e-01 -3.618295e-03 -9.232921e-03 7.981631e-02 3.648947e-03 9.999879e-01 3.305139e-03 -1.810005e+00 9.220850e-03 -3.338667e-03 9.999519e-01 1.519687e+02
9.999432e-01 -4.016179e-03 -9.871723e-03 6.889435e-02 4.050784e-03 9.999857e-01 3.488004e-03 -1.826763e+00 9.857574e-03 -3.527794e-03 9.999452e-01 1.532414e+02
9.999459e-01 -2.785009e-03 -1.001835e-02 5.305908e-02 2.828188e-03 9.999868e-01 4.298393e-03 -1.851357e+00 1.000624e-02 -4.326494e-03 9.999406e-01 1.544827e+02
9.999378e-01 -3.713178e-03 -1.051327e-02 5.665257e-02 3.777965e-03 9.999740e-01 6.149272e-03 -1.867045e+00 1.049016e-02 -6.188608e-03 9.999259e-01 1.557716e+02
9.999338e-01 -3.529911e-03 -1.094634e-02 3.621773e-02 3.603503e-03 9.999710e-01 6.710558e-03 -1.884989e+00 1.092233e-02 -6.749560e-03 9.999176e-01 1.570382e+02
9.999314e-01 -3.271762e-03 -1.124662e-02 2.956768e-03 3.348172e-03 9.999714e-01 6.781974e-03 -1.913171e+00 1.122411e-02 -6.819165e-03 9.999138e-01 1.583294e+02
9.999271e-01 -2.472523e-03 -1.181628e-02 -1.915670e-02 2.552932e-03 9.999737e-01 6.794755e-03 -1.917201e+00 1.179917e-02 -6.824426e-03 9.999071e-01 1.596445e+02
9.999115e-01 -2.909218e-03 -1.298447e-02 -3.033626e-02 3.011737e-03 9.999644e-01 7.882990e-03 -1.928220e+00 1.296107e-02 -7.921398e-03 9.998846e-01 1.609254e+02
9.999112e-01 -2.004100e-03 -1.317195e-02 -7.313164e-02 2.110811e-03 9.999650e-01 8.092529e-03 -1.941855e+00 1.315527e-02 -8.119614e-03 9.998805e-01 1.621926e+02
9.999003e-01 -1.645168e-03 -1.402604e-02 -9.184305e-02 1.747035e-03 9.999722e-01 7.253506e-03 -1.961406e+00 1.401372e-02 -7.277287e-03 9.998753e-01 1.634382e+02
9.998949e-01 -8.663433e-04 -1.447148e-02 -1.249853e-01 9.509862e-04 9.999825e-01 5.843086e-03 -1.971585e+00 1.446616e-02 -5.856235e-03 9.998782e-01 1.647317e+02
9.998779e-01 -1.556144e-04 -1.562809e-02 -1.470462e-01 2.498578e-04 9.999818e-01 6.028615e-03 -1.990504e+00 1.562686e-02 -6.031783e-03 9.998597e-01 1.660030e+02
9.998625e-01 -3.508962e-04 -1.657816e-02 -1.672799e-01 4.409481e-04 9.999852e-01 5.428622e-03 -2.012549e+00 1.657601e-02 -5.435186e-03 9.998478e-01 1.672874e+02
9.998525e-01 -4.262497e-05 -1.717771e-02 -2.047097e-01 1.153891e-04 9.999910e-01 4.234990e-03 -2.025801e+00 1.717738e-02 -4.236348e-03 9.998435e-01 1.685737e+02
9.998417e-01 2.986401e-04 -1.779030e-02 -2.333952e-01 -2.162199e-04 9.999892e-01 4.634619e-03 -2.047074e+00 1.779149e-02 -4.630039e-03 9.998310e-01 1.698504e+02
9.998285e-01 5.700618e-04 -1.851234e-02 -2.606544e-01 -4.626764e-04 9.999831e-01 5.804508e-03 -2.057315e+00 1.851534e-02 -5.794947e-03 9.998118e-01 1.711512e+02
9.998153e-01 2.609603e-04 -1.921585e-02 -2.802106e-01 -1.396840e-04 9.999801e-01 6.312336e-03 -2.079851e+00 1.921711e-02 -6.308486e-03 9.997954e-01 1.723907e+02
9.998286e-01 -8.663096e-04 -1.849468e-02 -3.324100e-01 9.833563e-04 9.999796e-01 6.320511e-03 -2.091863e+00 1.848883e-02 -6.337614e-03 9.998090e-01 1.737159e+02
9.998114e-01 -7.486514e-04 -1.940990e-02 -3.637960e-01 8.803679e-04 9.999766e-01 6.778391e-03 -2.111095e+00 1.940437e-02 -6.794200e-03 9.997886e-01 1.749851e+02
9.997985e-01 -4.261680e-04 -2.007140e-02 -3.914121e-01 5.485984e-04 9.999813e-01 6.094628e-03 -2.132799e+00 2.006843e-02 -6.104411e-03 9.997800e-01 1.762688e+02
9.997870e-01 1.023218e-03 -2.061523e-02 -4.271700e-01 -9.110536e-04 9.999847e-01 5.449496e-03 -2.143190e+00 2.062049e-02 -5.429554e-03 9.997726e-01 1.775477e+02
9.997751e-01 1.070285e-03 -2.118143e-02 -4.630919e-01 -9.402406e-04 9.999806e-01 6.148566e-03 -2.166606e+00 2.118760e-02 -6.127267e-03 9.997568e-01 1.788159e+02
9.997682e-01 1.020421e-03 -2.150558e-02 -4.908277e-01 -9.106709e-04 9.999865e-01 5.112489e-03 -2.178552e+00 2.151051e-02 -5.091720e-03 9.997557e-01 1.801018e+02
9.997607e-01 -4.159400e-04 -2.187199e-02 -5.250510e-01 4.861199e-04 9.999948e-01 3.203445e-03 -2.187766e+00 2.187054e-02 -3.213311e-03 9.997556e-01 1.813720e+02
9.997638e-01 -3.639521e-03 -2.142387e-02 -5.649116e-01 3.710488e-03 9.999878e-01 3.273693e-03 -2.202688e+00 2.141169e-02 -3.352413e-03 9.997651e-01 1.826593e+02
9.997643e-01 -2.919869e-03 -2.151312e-02 -5.926056e-01 3.070067e-03 9.999712e-01 6.951966e-03 -2.215859e+00 2.149220e-02 -7.016374e-03 9.997444e-01 1.839109e+02
9.997563e-01 -3.932787e-03 -2.172360e-02 -6.209556e-01 4.174640e-03 9.999297e-01 1.109906e-02 -2.225147e+00 2.167843e-02 -1.118705e-02 9.997024e-01 1.852099e+02
9.997658e-01 -2.304964e-03 -2.151834e-02 -6.544296e-01 2.529893e-03 9.999424e-01 1.043152e-02 -2.236187e+00 2.149305e-02 -1.048352e-02 9.997140e-01 1.864697e+02
9.997764e-01 -8.370206e-04 -2.112778e-02 -6.874713e-01 9.879200e-04 9.999741e-01 7.132804e-03 -2.239646e+00 2.112126e-02 -7.152082e-03 9.997513e-01 1.877274e+02
9.997474e-01 1.201377e-04 -2.247461e-02 -7.095581e-01 1.957179e-05 9.999807e-01 6.216005e-03 -2.273620e+00 2.247492e-02 -6.214875e-03 9.997281e-01 1.889815e+02
9.997337e-01 1.303670e-04 -2.307389e-02 -7.307512e-01 1.937679e-05 9.999790e-01 6.489405e-03 -2.289505e+00 2.307425e-02 -6.488125e-03 9.997127e-01 1.902140e+02
9.997329e-01 -2.203143e-04 -2.310896e-02 -7.594585e-01 4.014519e-04 9.999692e-01 7.834067e-03 -2.306477e+00 2.310652e-02 -7.841251e-03 9.997023e-01 1.914128e+02
9.997380e-01 1.354294e-04 -2.288650e-02 -7.861417e-01 8.927788e-05 9.999518e-01 9.817027e-03 -2.319553e+00 2.288672e-02 -9.816499e-03 9.996899e-01 1.926708e+02
9.997633e-01 -4.530794e-04 -2.175112e-02 -8.387397e-01 6.838078e-04 9.999436e-01 1.060140e-02 -2.338840e+00 2.174509e-02 -1.061376e-02 9.997072e-01 1.939832e+02
9.997982e-01 -4.772750e-04 -2.008289e-02 -8.778417e-01 6.798702e-04 9.999489e-01 1.008233e-02 -2.354207e+00 2.007705e-02 -1.009395e-02 9.997475e-01 1.952379e+02
9.998193e-01 -1.452046e-03 -1.895642e-02 -9.036512e-01 1.616823e-03 9.999610e-01 8.679984e-03 -2.370291e+00 1.894307e-02 -8.709065e-03 9.997826e-01 1.964792e+02
9.998391e-01 -1.819217e-03 -1.784750e-02 -9.366815e-01 1.952749e-03 9.999702e-01 7.467233e-03 -2.390093e+00 1.783339e-02 -7.500883e-03 9.998128e-01 1.977328e+02
9.998564e-01 -2.293564e-03 -1.679231e-02 -9.633828e-01 2.410345e-03 9.999731e-01 6.937481e-03 -2.408033e+00 1.677595e-02 -6.976960e-03 9.998350e-01 1.989858e+02
9.998727e-01 -2.575227e-03 -1.574331e-02 -9.734527e-01 2.697234e-03 9.999664e-01 7.733438e-03 -2.424380e+00 1.572286e-02 -7.774917e-03 9.998462e-01 2.002095e+02
9.998845e-01 -3.072853e-03 -1.488582e-02 -9.912024e-01 3.222515e-03 9.999444e-01 1.004047e-02 -2.452332e+00 1.485414e-02 -1.008728e-02 9.998388e-01 2.013772e+02
9.998988e-01 -2.183157e-03 -1.405995e-02 -1.014963e+00 2.327426e-03 9.999447e-01 1.025281e-02 -2.464650e+00 1.403679e-02 -1.028450e-02 9.998486e-01 2.025957e+02
9.999180e-01 -2.488611e-03 -1.256415e-02 -1.057423e+00 2.617249e-03 9.999442e-01 1.023240e-02 -2.475152e+00 1.253798e-02 -1.026445e-02 9.998687e-01 2.037747e+02
9.999282e-01 -2.168701e-03 -1.178903e-02 -1.064163e+00 2.289456e-03 9.999450e-01 1.023919e-02 -2.485027e+00 1.176618e-02 -1.026545e-02 9.998781e-01 2.049973e+02
9.999316e-01 -2.570817e-03 -1.141392e-02 -1.069644e+00 2.693162e-03 9.999390e-01 1.071658e-02 -2.507541e+00 1.138567e-02 -1.074659e-02 9.998775e-01 2.061881e+02
9.999406e-01 -2.001583e-03 -1.071611e-02 -1.091056e+00 2.112490e-03 9.999442e-01 1.034832e-02 -2.516815e+00 1.069480e-02 -1.037035e-02 9.998890e-01 2.073915e+02
9.999497e-01 -2.454021e-03 -9.727200e-03 -1.114632e+00 2.555159e-03 9.999427e-01 1.039867e-02 -2.530934e+00 9.701123e-03 -1.042301e-02 9.998986e-01 2.085841e+02
9.999470e-01 -3.435255e-03 -9.710123e-03 -1.119129e+00 3.540287e-03 9.999352e-01 1.082035e-02 -2.553011e+00 9.672322e-03 -1.085416e-02 9.998943e-01 2.097964e+02
9.999338e-01 -3.587972e-03 -1.092746e-02 -1.073596e+00 3.717700e-03 9.999226e-01 1.187462e-02 -2.568499e+00 1.088401e-02 -1.191446e-02 9.998698e-01 2.110653e+02
9.999276e-01 -4.125011e-03 -1.129926e-02 -1.093833e+00 4.271109e-03 9.999072e-01 1.293647e-02 -2.582776e+00 1.124485e-02 -1.298379e-02 9.998525e-01 2.122091e+02
9.999236e-01 -3.723260e-03 -1.178888e-02 -1.115812e+00 3.876372e-03 9.999081e-01 1.299175e-02 -2.592784e+00 1.173943e-02 -1.303646e-02 9.998461e-01 2.133513e+02
9.999172e-01 -3.509101e-03 -1.237923e-02 -1.139592e+00 3.656093e-03 9.999229e-01 1.187150e-02 -2.598855e+00 1.233662e-02 -1.191577e-02 9.998529e-01 2.144733e+02
9.999104e-01 -3.057319e-03 -1.303441e-02 -1.156664e+00 3.200260e-03 9.999348e-01 1.095976e-02 -2.606881e+00 1.300005e-02 -1.100049e-02 9.998550e-01 2.155981e+02
9.998940e-01 -3.784949e-03 -1.405840e-02 -1.173483e+00 3.933794e-03 9.999363e-01 1.057515e-02 -2.614881e+00 1.401748e-02 -1.062933e-02 9.998453e-01 2.166880e+02
9.998690e-01 -3.876937e-03 -1.571280e-02 -1.175739e+00 4.045710e-03 9.999343e-01 1.072357e-02 -2.633981e+00 1.567020e-02 -1.078574e-02 9.998190e-01 2.177902e+02
9.998309e-01 -4.558837e-03 -1.781695e-02 -1.190742e+00 4.764280e-03 9.999225e-01 1.150543e-02 -2.653555e+00 1.776312e-02 -1.158837e-02 9.997751e-01 2.188685e+02
9.997832e-01 -6.083903e-03 -1.991235e-02 -1.210959e+00 6.345343e-03 9.998941e-01 1.309282e-02 -2.660064e+00 1.983059e-02 -1.321633e-02 9.997160e-01 2.198967e+02
9.997558e-01 -5.753598e-03 -2.133529e-02 -1.258983e+00 6.061576e-03 9.998780e-01 1.439868e-02 -2.659134e+00 2.124984e-02 -1.452449e-02 9.996687e-01 2.209598e+02
9.996943e-01 -5.472322e-03 -2.410917e-02 -1.286211e+00 5.823329e-03 9.998778e-01 1.451296e-02 -2.669367e+00 2.402680e-02 -1.464892e-02 9.996040e-01 2.219766e+02
9.996411e-01 -4.951023e-03 -2.632804e-02 -1.327456e+00 5.317657e-03 9.998896e-01 1.387386e-02 -2.675101e+00 2.625644e-02 -1.400888e-02 9.995571e-01 2.229690e+02
9.995710e-01 -4.934766e-03 -2.886933e-02 -1.364187e+00 5.343591e-03 9.998863e-01 1.410124e-02 -2.680948e+00 2.879646e-02 -1.424946e-02 9.994837e-01 2.238877e+02
9.994759e-01 -4.458838e-03 -3.206320e-02 -1.398983e+00 4.927815e-03 9.998818e-01 1.456252e-02 -2.691881e+00 3.199447e-02 -1.471289e-02 9.993798e-01 2.248437e+02
9.993729e-01 -3.909275e-03 -3.519212e-02 -1.426209e+00 4.412343e-03 9.998890e-01 1.422860e-02 -2.701432e+00 3.513260e-02 -1.437496e-02 9.992793e-01 2.257237e+02
9.992601e-01 -4.238155e-03 -3.822612e-02 -1.463904e+00 4.760485e-03 9.998964e-01 1.358356e-02 -2.704010e+00 3.816459e-02 -1.375548e-02 9.991768e-01 2.265979e+02
9.991316e-01 -4.161472e-03 -4.145816e-02 -1.511163e+00 4.698348e-03 9.999062e-01 1.286083e-02 -2.713603e+00 4.140075e-02 -1.304445e-02 9.990575e-01 2.275247e+02
9.989541e-01 -4.799208e-03 -4.547119e-02 -1.505970e+00 5.362489e-03 9.999103e-01 1.227378e-02 -2.724089e+00 4.540820e-02 -1.250478e-02 9.988902e-01 2.284832e+02
9.988104e-01 -4.502985e-03 -4.855414e-02 -1.548347e+00 5.072787e-03 9.999197e-01 1.161856e-02 -2.735692e+00 4.849793e-02 -1.185105e-02 9.987530e-01 2.293255e+02
9.987062e-01 -2.684005e-03 -5.078190e-02 -1.601764e+00 3.268368e-03 9.999294e-01 1.142777e-02 -2.743475e+00 5.074764e-02 -1.157896e-02 9.986444e-01 2.301600e+02
9.986740e-01 -1.658743e-03 -5.145368e-02 -1.657891e+00 2.305324e-03 9.999191e-01 1.250948e-02 -2.769490e+00 5.142877e-02 -1.261151e-02 9.985970e-01 2.309336e+02
9.986833e-01 -1.582324e-03 -5.127632e-02 -1.692485e+00 2.239954e-03 9.999160e-01 1.277030e-02 -2.765149e+00 5.125180e-02 -1.286834e-02 9.986029e-01 2.317413e+02
9.987337e-01 -7.170587e-04 -5.030337e-02 -1.742210e+00 1.399865e-03 9.999074e-01 1.353985e-02 -2.774114e+00 5.028901e-02 -1.359312e-02 9.986422e-01 2.324957e+02
9.987528e-01 -6.234999e-04 -4.992409e-02 -1.783061e+00 1.270167e-03 9.999157e-01 1.292234e-02 -2.782044e+00 4.991183e-02 -1.296963e-02 9.986694e-01 2.332465e+02
9.987766e-01 -7.908711e-05 -4.945140e-02 -1.829609e+00 6.251411e-04 9.999390e-01 1.102686e-02 -2.789398e+00 4.944752e-02 -1.104429e-02 9.987156e-01 2.339807e+02
9.988135e-01 -6.846470e-05 -4.869821e-02 -1.867233e+00 4.949920e-04 9.999616e-01 8.746576e-03 -2.794286e+00 4.869574e-02 -8.760303e-03 9.987752e-01 2.347160e+02
9.988791e-01 -2.067483e-04 -4.733340e-02 -1.913003e+00 5.588878e-04 9.999723e-01 7.426444e-03 -2.804152e+00 4.733055e-02 -7.444574e-03 9.988515e-01 2.354635e+02
9.989384e-01 6.691696e-04 -4.606038e-02 -1.951754e+00 -3.449063e-04 9.999751e-01 7.047550e-03 -2.815352e+00 4.606395e-02 -7.024182e-03 9.989138e-01 2.361992e+02
9.990249e-01 -5.891251e-05 -4.414961e-02 -1.992511e+00 3.579395e-04 9.999771e-01 6.765163e-03 -2.826430e+00 4.414820e-02 -6.774369e-03 9.990020e-01 2.369403e+02
9.990934e-01 1.589357e-04 -4.257266e-02 -2.014299e+00 1.413370e-04 9.999751e-01 7.050077e-03 -2.839118e+00 4.257272e-02 -7.049703e-03 9.990685e-01 2.376635e+02
9.991809e-01 3.329170e-04 -4.046426e-02 -2.053546e+00 -4.945824e-05 9.999754e-01 7.005962e-03 -2.852904e+00 4.046560e-02 -6.998222e-03 9.991564e-01 2.383883e+02
9.992743e-01 7.915205e-06 -3.809067e-02 -2.092307e+00 2.457515e-04 9.999778e-01 6.654864e-03 -2.861845e+00 3.808988e-02 -6.659395e-03 9.992521e-01 2.391117e+02
9.993826e-01 -1.498714e-06 -3.513511e-02 -2.120378e+00 2.491903e-04 9.999751e-01 7.045310e-03 -2.870183e+00 3.513422e-02 -7.049716e-03 9.993578e-01 2.398258e+02
9.994873e-01 -9.362659e-04 -3.200414e-02 -2.142914e+00 1.188600e-03 9.999683e-01 7.866315e-03 -2.880582e+00 3.199577e-02 -7.900321e-03 9.994568e-01 2.405319e+02
9.995801e-01 -1.985296e-03 -2.890825e-02 -2.166329e+00 2.224417e-03 9.999636e-01 8.241913e-03 -2.889790e+00 2.889084e-02 -8.302757e-03 9.995481e-01 2.412405e+02
9.996516e-01 -2.051447e-03 -2.631425e-02 -2.184582e+00 2.277907e-03 9.999606e-01 8.578905e-03 -2.907203e+00 2.629562e-02 -8.635858e-03 9.996169e-01 2.419410e+02
9.997342e-01 -2.990507e-03 -2.286210e-02 -2.206931e+00 3.171140e-03 9.999640e-01 7.868790e-03 -2.906627e+00 2.283775e-02 -7.939197e-03 9.997076e-01 2.426409e+02
9.998099e-01 -3.617739e-03 -1.916080e-02 -2.214765e+00 3.747636e-03 9.999702e-01 6.747771e-03 -2.905392e+00 1.913582e-02 -6.818295e-03 9.997936e-01 2.434407e+02
9.998638e-01 -2.975175e-03 -1.623231e-02 -2.232700e+00 3.071742e-03 9.999777e-01 5.927329e-03 -2.912271e+00 1.621432e-02 -5.976384e-03 9.998507e-01 2.441437e+02
9.999086e-01 -3.112293e-03 -1.315453e-02 -2.251550e+00 3.183388e-03 9.999804e-01 5.387114e-03 -2.920053e+00 1.313751e-02 -5.428498e-03 9.998990e-01 2.448693e+02
9.999444e-01 -2.015024e-03 -1.034328e-02 -2.261091e+00 2.075832e-03 9.999806e-01 5.871577e-03 -2.920733e+00 1.033125e-02 -5.892721e-03 9.999292e-01 2.455813e+02
9.999642e-01 -2.271309e-03 -8.147735e-03 -2.259002e+00 2.325510e-03 9.999752e-01 6.649094e-03 -2.928905e+00 8.132432e-03 -6.667804e-03 9.999447e-01 2.463003e+02
9.999802e-01 -1.687324e-03 -6.057070e-03 -2.257881e+00 1.725089e-03 9.999791e-01 6.235024e-03 -2.936507e+00 6.046422e-03 -6.245350e-03 9.999622e-01 2.470758e+02
9.999913e-01 -2.059003e-03 -3.629834e-03 -2.269267e+00 2.076185e-03 9.999866e-01 4.736132e-03 -2.947772e+00 3.620034e-03 -4.743628e-03 9.999822e-01 2.477997e+02
9.999970e-01 -1.859165e-03 -1.599779e-03 -2.314282e+00 1.862641e-03 9.999959e-01 2.174147e-03 -2.948244e+00 1.595731e-03 -2.177120e-03 9.999964e-01 2.486197e+02
9.999909e-01 -4.249538e-03 -1.415846e-04 -2.323691e+00 4.249629e-03 9.999908e-01 6.477868e-04 -2.943594e+00 1.388305e-04 -6.483826e-04 9.999998e-01 2.493259e+02
9.999968e-01 -2.493043e-03 -4.875858e-04 -2.303384e+00 2.493083e-03 9.999969e-01 8.120650e-05 -2.957756e+00 4.873818e-04 -8.242184e-05 9.999999e-01 2.499441e+02
9.999952e-01 -3.080964e-03 -3.625135e-04 -2.295581e+00 3.080875e-03 9.999952e-01 -2.459706e-04 -2.980685e+00 3.632696e-04 2.448525e-04 9.999999e-01 2.506061e+02
9.999981e-01 -1.895254e-03 -5.121885e-04 -2.284027e+00 1.894945e-03 9.999980e-01 -6.031384e-04 -2.992765e+00 5.133306e-04 6.021666e-04 9.999997e-01 2.512701e+02
9.999985e-01 -1.761305e-03 -7.533534e-05 -2.289028e+00 1.761239e-03 9.999980e-01 -8.794078e-04 -3.004821e+00 7.688410e-05 8.792737e-04 9.999996e-01 2.519980e+02
9.999940e-01 -3.452116e-03 5.451691e-05 -2.289275e+00 3.452244e-03 9.999908e-01 -2.535777e-03 -3.022191e+00 -4.576261e-05 2.535951e-03 9.999968e-01 2.527720e+02
9.999804e-01 -6.241965e-03 5.201126e-04 -2.285461e+00 6.244455e-03 9.999683e-01 -4.931764e-03 -3.029474e+00 -4.893123e-04 4.934915e-03 9.999877e-01 2.534691e+02
9.999433e-01 -1.063316e-02 6.433186e-04 -2.301567e+00 1.063633e-02 9.999301e-01 -5.149724e-03 -3.071590e+00 -5.885158e-04 5.156275e-03 9.999865e-01 2.543047e+02
9.999661e-01 -8.143280e-03 1.193666e-03 -2.308605e+00 8.144586e-03 9.999663e-01 -1.093681e-03 -3.081985e+00 -1.184720e-03 1.103366e-03 9.999987e-01 2.550987e+02
9.999894e-01 -4.238519e-03 1.802789e-03 -2.318172e+00 4.229305e-03 9.999781e-01 5.084593e-03 -3.092101e+00 -1.824300e-03 -5.076915e-03 9.999855e-01 2.558802e+02
9.999851e-01 -4.879470e-03 2.452538e-03 -2.320175e+00 4.858781e-03 9.999532e-01 8.372264e-03 -3.102325e+00 -2.493276e-03 -8.360223e-03 9.999620e-01 2.566484e+02
9.999666e-01 -6.686528e-03 4.699671e-03 -2.312376e+00 6.655642e-03 9.999564e-01 6.556995e-03 -3.114076e+00 -4.743310e-03 -6.525496e-03 9.999675e-01 2.574738e+02
9.999488e-01 -5.469846e-03 8.510942e-03 -2.300585e+00 5.465727e-03 9.999849e-01 5.071066e-04 -3.130985e+00 -8.513587e-03 -4.605622e-04 9.999636e-01 2.582673e+02
9.999210e-01 -4.005329e-03 1.191327e-02 -2.286520e+00 4.044550e-03 9.999865e-01 -3.269890e-03 -3.129065e+00 -1.190001e-02 3.317815e-03 9.999237e-01 2.590754e+02
9.998829e-01 -2.207123e-03 1.514609e-02 -2.280536e+00 2.257204e-03 9.999920e-01 -3.290219e-03 -3.138655e+00 -1.513871e-02 3.324021e-03 9.998799e-01 2.599022e+02
9.998247e-01 -3.920062e-03 1.830956e-02 -2.261410e+00 3.934329e-03 9.999920e-01 -7.432736e-04 -3.155660e+00 -1.830650e-02 8.151792e-04 9.998321e-01 2.607306e+02
9.997594e-01 -6.749765e-03 2.087162e-02 -2.233431e+00 6.702738e-03 9.999748e-01 2.322312e-03 -3.163661e+00 -2.088677e-02 -2.181856e-03 9.997795e-01 2.615849e+02
9.996820e-01 -8.992060e-03 2.355802e-02 -2.211077e+00 8.907105e-03 9.999534e-01 3.708670e-03 -3.171331e+00 -2.359027e-02 -3.497657e-03 9.997156e-01 2.624266e+02
9.996080e-01 -8.756767e-03 2.659214e-02 -2.196821e+00 8.654659e-03 9.999548e-01 3.952447e-03 -3.176176e+00 -2.662554e-02 -3.720752e-03 9.996386e-01 2.632599e+02
9.995319e-01 -6.661842e-03 2.986125e-02 -2.211319e+00 6.602687e-03 9.999760e-01 2.079135e-03 -3.189312e+00 -2.987439e-02 -1.880997e-03 9.995519e-01 2.640386e+02
9.994496e-01 -6.036727e-03 3.262126e-02 -2.203230e+00 6.034405e-03 9.999818e-01 1.696096e-04 -3.207621e+00 -3.262170e-02 2.733375e-05 9.994678e-01 2.648283e+02
9.993639e-01 -5.397094e-03 3.525072e-02 -2.178008e+00 5.414111e-03 9.999853e-01 -3.872900e-04 -3.208254e+00 -3.524811e-02 5.778949e-04 9.993784e-01 2.656879e+02
9.992507e-01 -4.738062e-03 3.841465e-02 -2.152512e+00 4.674637e-03 9.999875e-01 1.740718e-03 -3.219707e+00 -3.842242e-02 -1.559839e-03 9.992604e-01 2.665547e+02
9.991485e-01 -3.821959e-03 4.107964e-02 -2.115045e+00 3.663662e-03 9.999856e-01 3.928024e-03 -3.256405e+00 -4.109406e-02 -3.774177e-03 9.991481e-01 2.674258e+02
9.990275e-01 -3.466419e-03 4.395476e-02 -2.098624e+00 3.289617e-03 9.999862e-01 4.094043e-03 -3.274449e+00 -4.396835e-02 -3.945467e-03 9.990251e-01 2.681991e+02
9.988945e-01 -2.876600e-03 4.692154e-02 -2.074075e+00 2.720152e-03 9.999905e-01 3.397764e-03 -3.277483e+00 -4.693087e-02 -3.266373e-03 9.988928e-01 2.690440e+02
9.987636e-01 -4.198003e-03 4.953419e-02 -2.029979e+00 4.079120e-03 9.999886e-01 2.500869e-03 -3.277899e+00 -4.954412e-02 -2.295721e-03 9.987693e-01 2.699286e+02
9.986853e-01 -6.925464e-03 5.079032e-02 -1.932848e+00 6.792654e-03 9.999731e-01 2.787016e-03 -3.270833e+00 -5.080825e-02 -2.438351e-03 9.987054e-01 2.708050e+02
9.986371e-01 -8.082272e-03 5.156147e-02 -1.893770e+00 7.946813e-03 9.999644e-01 2.831608e-03 -3.290510e+00 -5.158253e-02 -2.418000e-03 9.986658e-01 2.716795e+02
9.986072e-01 -8.946400e-03 5.199615e-02 -1.850761e+00 8.807277e-03 9.999570e-01 2.904150e-03 -3.305097e+00 -5.201989e-02 -2.442161e-03 9.986430e-01 2.725395e+02
9.985851e-01 -9.711431e-03 5.228307e-02 -1.807484e+00 9.561497e-03 9.999495e-01 3.117098e-03 -3.317659e+00 -5.231070e-02 -2.612784e-03 9.986274e-01 2.734200e+02
