1.000000e+00 0.000000e+00 0.000000e+00 0.000000e+00 0.000000e+00 1.000000e+00 0.000000e+00 0.000000e+00 0.000000e+00 0.000000e+00 1.000000e+00 0.000000e+00
9.999978e-01 9.122476e-04 1.901198e-03 -1.215636e-02 -9.105372e-04 9.999992e-01 -9.002935e-04 -2.121030e-02 -1.902017e-03 8.985604e-04 9.999978e-01 1.219783e+00
9.999947e-01 1.591030e-03 2.837773e-03 -1.127425e-02 -1.590151e-03 9.999987e-01 -3.116649e-04 -4.415984e-02 -2.838265e-03 3.071508e-04 9.999959e-01 2.428876e+00
9.999925e-01 5.290907e-04 3.841681e-03 -1.348100e-02 -5.294402e-04 9.999999e-01 8.996559e-05 -6.687347e-02 -3.841633e-03 -9.199885e-05 9.999926e-01 3.621408e+00
9.999896e-01 3.967787e-04 4.547954e-03 -8.468045e-03 -3.971829e-04 9.999999e-01 8.797307e-05 -8.690108e-02 -4.547918e-03 -8.977852e-05 9.999896e-01 4.847051e+00
9.999857e-01 5.714169e-04 5.320416e-03 7.654645e-03 -5.720777e-04 9.999998e-01 1.226888e-04 -1.025990e-01 -5.320345e-03 -1.257308e-04 9.999858e-01 6.078705e+00
9.999813e-01 9.362340e-04 6.044472e-03 5.791744e-03 -9.304091e-04 9.999991e-01 -9.664206e-04 -1.250354e-01 -6.045371e-03 9.607786e-04 9.999813e-01 7.287045e+00
9.999727e-01 -2.601133e-04 7.387232e-03 -5.531654e-03 2.688044e-04 9.999993e-01 -1.175545e-03 -1.523116e-01 -7.386920e-03 1.177499e-03 9.999720e-01 8.511541e+00
9.999706e-01 -2.557815e-04 7.660332e-03 -7.013729e-03 2.538562e-04 9.999999e-01 2.523153e-04 -1.726764e-01 -7.660396e-03 -2.503633e-04 9.999706e-01 9.722551e+00
9.999830e-01 -1.105696e-03 5.730746e-03 5.276179e-03 1.099048e-03 9.999987e-01 1.163202e-03 -1.917618e-01 -5.732025e-03 -1.156884e-03 9.999829e-01 1.091004e+01
9.999915e-01 -1.919693e-03 3.652923e-03 2.489122e-03 1.917151e-03 9.999979e-01 6.992298e-04 -2.190658e-01 -3.654257e-03 -6.922206e-04 9.999931e-01 1.212022e+01
9.999982e-01 -1.429472e-03 1.288402e-03 2.050175e-03 1.428806e-03 9.999989e-01 5.181986e-04 -2.437142e-01 -1.289141e-03 -5.163568e-04 9.999990e-01 1.333478e+01
9.999991e-01 -1.193686e-03 6.083873e-04 -2.455037e-02 1.193599e-03 9.999993e-01 1.434412e-04 -2.657723e-01 -6.085581e-04 -1.427149e-04 9.999998e-01 1.455008e+01
9.999999e-01 2.284095e-04 -3.147152e-04 -2.153151e-02 -2.284150e-04 1.000000e+00 -1.727394e-05 -2.888076e-01 3.147112e-04 1.734583e-05 9.999999e-01 1.575716e+01
9.999968e-01 -2.516568e-03 -3.621316e-04 -3.751125e-02 2.516735e-03 9.999967e-01 4.608518e-04 -3.079508e-01 3.609707e-04 -4.617617e-04 9.999998e-01 1.692544e+01
9.999952e-01 -2.910082e-03 -1.078982e-03 -4.047610e-02 2.911067e-03 9.999954e-01 9.123275e-04 -3.262708e-01 1.076322e-03 -9.154641e-04 9.999990e-01 1.812383e+01
9.999928e-01 -3.342403e-03 -1.806924e-03 -3.963768e-02 3.344522e-03 9.999937e-01 1.170750e-03 -3.524084e-01 1.803000e-03 -1.176785e-03 9.999977e-01 1.931975e+01
9.999921e-01 -3.146168e-03 -2.440673e-03 -5.042430e-02 3.147012e-03 9.999950e-01 3.419731e-04 -3.754561e-01 2.439585e-03 -3.496512e-04 9.999970e-01 2.053650e+01
9.999903e-01 -3.420060e-03 -2.755897e-03 -7.800861e-02 3.418715e-03 9.999940e-01 -4.924943e-04 -3.969676e-01 2.757565e-03 4.830679e-04 9.999961e-01 2.174255e+01
9.999890e-01 -3.389232e-03 -3.244981e-03 -9.825154e-02 3.389459e-03 9.999943e-01 6.419343e-05 -4.260798e-01 3.244744e-03 -7.519146e-05 9.999948e-01 2.298997e+01
9.999897e-01 -2.655593e-03 -3.664273e-03 -1.169873e-01 2.654760e-03 9.999964e-01 -2.320592e-04 -4.441405e-01 3.664876e-03 2.223291e-04 9.999933e-01 2.419299e+01
9.999853e-01 -3.075065e-03 -4.464887e-03 -1.374371e-01 3.072343e-03 9.999951e-01 -6.164315e-04 -4.737624e-01 4.466760e-03 6.027048e-04 9.999899e-01 2.538539e+01
9.999811e-01 -2.742138e-03 -5.497108e-03 -1.479772e-01 2.742634e-03 9.999962e-01 8.276221e-05 -4.992841e-01 5.496860e-03 -9.783720e-05 9.999849e-01 2.657855e+01
9.999682e-01 -4.399432e-03 -6.648375e-03 -1.484053e-01 4.412637e-03 9.999883e-01 1.972766e-03 -5.267560e-01 6.639618e-03 -2.002040e-03 9.999760e-01 2.779025e+01
9.999591e-01 -4.822092e-03 -7.661575e-03 -1.660438e-01 4.838045e-03 9.999862e-01 2.065074e-03 -5.467890e-01 7.651512e-03 -2.102057e-03 9.999685e-01 2.900550e+01
9.999469e-01 -5.666925e-03 -8.605693e-03 -1.834424e-01 5.678805e-03 9.999830e-01 1.356657e-03 -5.703920e-01 8.597858e-03 -1.405455e-03 9.999620e-01 3.020410e+01
9.999336e-01 -6.813563e-03 -9.292190e-03 -2.077326e-01 6.816747e-03 9.999767e-01 3.110369e-04 -5.932962e-01 9.289854e-03 -3.743588e-04 9.999568e-01 3.139815e+01
9.999332e-01 -5.772564e-03 -1.001689e-02 -2.316016e-01 5.777822e-03 9.999832e-01 4.960743e-04 -6.184022e-01 1.001386e-02 -5.539170e-04 9.999497e-01 3.260923e+01
9.999200e-01 -6.930645e-03 -1.058764e-02 -2.514869e-01 6.942432e-03 9.999753e-01 1.077008e-03 -6.400868e-01 1.057991e-02 -1.150425e-03 9.999434e-01 3.378851e+01
9.999117e-01 -7.113039e-03 -1.122218e-02 -2.719828e-01 7.136106e-03 9.999725e-01 2.016832e-03 -6.866480e-01 1.120753e-02 -2.096737e-03 9.999350e-01 3.497584e+01
9.999061e-01 -6.624920e-03 -1.199466e-02 -2.647766e-01 6.643798e-03 9.999768e-01 1.534714e-03 -6.719965e-01 1.198422e-02 -1.614260e-03 9.999269e-01 3.618042e+01
9.998935e-01 -6.944378e-03 -1.283126e-02 -2.850872e-01 6.964534e-03 9.999746e-01 1.526830e-03 -6.911147e-01 1.282033e-02 -1.616032e-03 9.999165e-01 3.738908e+01
9.998784e-01 -8.079261e-03 -1.333818e-02 -2.984199e-01 8.111120e-03 9.999644e-01 2.336236e-03 -7.169845e-01 1.331883e-02 -2.444140e-03 9.999083e-01 3.857872e+01
9.998939e-01 -7.058061e-03 -1.274298e-02 -3.367823e-01 7.104287e-03 9.999683e-01 3.585997e-03 -7.351811e-01 1.271726e-02 -3.676146e-03 9.999124e-01 3.979030e+01
9.998955e-01 -6.968759e-03 -1.266848e-02 -3.630047e-01 7.028232e-03 9.999645e-01 4.656132e-03 -7.648113e-01 1.263558e-02 -4.744682e-03 9.999089e-01 4.102147e+01
9.999089e-01 -5.887291e-03 -1.215028e-02 -3.975597e-01 5.938027e-03 9.999738e-01 4.143829e-03 -7.798102e-01 1.212556e-02 -4.215600e-03 9.999176e-01 4.222773e+01
9.999059e-01 -5.515696e-03 -1.255779e-02 -4.106054e-01 5.572842e-03 9.999743e-01 4.520174e-03 -8.062342e-01 1.253253e-02 -4.589731e-03 9.999110e-01 4.345721e+01
9.999257e-01 -2.587259e-03 -1.191494e-02 -4.350439e-01 2.666932e-03 9.999741e-01 6.675826e-03 -8.293806e-01 1.189736e-02 -6.707106e-03 9.999067e-01 4.468312e+01
9.999452e-01 -2.448100e-03 -1.018070e-02 -4.615702e-01 2.546801e-03 9.999498e-01 9.693291e-03 -8.422303e-01 1.015646e-02 -9.718688e-03 9.999012e-01 4.590096e+01
9.999616e-01 -1.872255e-03 -8.558057e-03 -4.791757e-01 1.977102e-03 9.999229e-01 1.225918e-02 -8.459933e-01 8.534444e-03 -1.227563e-02 9.998882e-01 4.711629e+01
9.999719e-01 -1.306636e-03 -7.382286e-03 -4.809792e-01 1.421223e-03 9.998783e-01 1.553796e-02 -8.502868e-01 7.361084e-03 -1.554801e-02 9.998520e-01 4.835640e+01
9.999781e-01 -2.361170e-03 -6.192856e-03 -4.931126e-01 2.467848e-03 9.998477e-01 1.727535e-02 -8.642082e-01 6.151123e-03 -1.729026e-02 9.998316e-01 4.956743e+01
9.999771e-01 -4.524607e-03 -5.027848e-03 -4.925370e-01 4.602789e-03 9.998670e-01 1.564859e-02 -8.662863e-01 4.956375e-03 -1.567138e-02 9.998649e-01 5.079244e+01
9.999851e-01 -3.752827e-03 -3.957865e-03 -5.121446e-01 3.807880e-03 9.998948e-01 1.399532e-02 -8.673618e-01 3.904927e-03 -1.401019e-02 9.998942e-01 5.196402e+01
9.999858e-01 -4.384832e-03 -3.030323e-03 -5.282879e-01 4.425489e-03 9.998985e-01 1.354277e-02 -8.717529e-01 2.970633e-03 -1.355599e-02 9.999037e-01 5.319596e+01
9.999838e-01 -4.304130e-03 -3.730853e-03 -5.246625e-01 4.351186e-03 9.999099e-01 1.269757e-02 -8.614297e-01 3.675865e-03 -1.271360e-02 9.999124e-01 5.442816e+01
9.999768e-01 -5.147412e-03 -4.460828e-03 -5.410162e-01 5.198742e-03 9.999195e-01 1.157250e-02 -8.710213e-01 4.400901e-03 -1.159542e-02 9.999231e-01 5.563874e+01
9.999688e-01 -4.968015e-03 -6.138610e-03 -5.560097e-01 5.040476e-03 9.999171e-01 1.184555e-02 -8.752574e-01 6.079253e-03 -1.187612e-02 9.999110e-01 5.686897e+01
9.999565e-01 -5.076150e-03 -7.822381e-03 -5.668535e-01 5.179591e-03 9.998987e-01 1.326070e-02 -8.869585e-01 7.754276e-03 -1.330064e-02 9.998814e-01 5.809081e+01
9.999498e-01 -5.087272e-03 -8.631977e-03 -5.944214e-01 5.206550e-03 9.998905e-01 1.385245e-02 -8.978050e-01 8.560561e-03 -1.389669e-02 9.998668e-01 5.932804e+01
9.999453e-01 -4.360991e-03 -9.504651e-03 -6.189018e-01 4.487503e-03 9.999011e-01 1.333015e-02 -8.975267e-01 9.445578e-03 -1.337208e-02 9.998659e-01 6.054448e+01
9.999438e-01 -3.631399e-03 -9.963724e-03 -6.381109e-01 3.764430e-03 9.999036e-01 1.336550e-02 -9.037511e-01 9.914228e-03 -1.340225e-02 9.998611e-01 6.176974e+01
9.999445e-01 -4.552072e-03 -9.501209e-03 -6.709121e-01 4.675185e-03 9.999049e-01 1.297593e-02 -9.149700e-01 9.441237e-03 -1.301963e-02 9.998707e-01 6.297300e+01
9.999317e-01 -6.473569e-03 -9.734023e-03 -7.018978e-01 6.597888e-03 9.998964e-01 1.279417e-02 -9.431788e-01 9.650191e-03 -1.285752e-02 9.998708e-01 6.415678e+01
9.999161e-01 -6.743419e-03 -1.106428e-02 -6.901606e-01 6.894021e-03 9.998834e-01 1.363045e-02 -9.439252e-01 1.097107e-02 -1.370558e-02 9.998459e-01 6.541908e+01
9.999171e-01 -6.263440e-03 -1.124926e-02 -7.011463e-01 6.432612e-03 9.998658e-01 1.506578e-02 -9.399163e-01 1.115338e-02 -1.513690e-02 9.998232e-01 6.663548e+01
9.999334e-01 -3.820890e-03 -1.089352e-02 -6.882845e-01 3.966033e-03 9.999033e-01 1.333345e-02 -9.433515e-01 1.084152e-02 -1.337577e-02 9.998518e-01 6.782482e+01
9.999393e-01 -2.140053e-03 -1.080669e-02 -7.125183e-01 2.272425e-03 9.999223e-01 1.225169e-02 -9.476280e-01 1.077963e-02 -1.227550e-02 9.998665e-01 6.903151e+01
9.999420e-01 -2.076547e-04 -1.076943e-02 -7.412575e-01 3.452801e-04 9.999183e-01 1.277898e-02 -9.629329e-01 1.076590e-02 -1.278196e-02 9.998603e-01 7.023745e+01
9.999436e-01 1.418450e-03 -1.052813e-02 -7.734283e-01 -1.281550e-03 9.999147e-01 1.299859e-02 -9.704768e-01 1.054567e-02 -1.298436e-02 9.998601e-01 7.142155e+01
9.999417e-01 3.036536e-03 -1.036419e-02 -7.983434e-01 -2.898007e-03 9.999066e-01 1.335505e-02 -9.788176e-01 1.040377e-02 -1.332424e-02 9.998571e-01 7.262565e+01
9.999474e-01 4.127710e-03 -9.392647e-03 -8.184327e-01 -3.992030e-03 9.998881e-01 1.441849e-02 -9.843087e-01 9.451112e-03 -1.438024e-02 9.998519e-01 7.379968e+01
9.999560e-01 5.888335e-03 -7.311349e-03 -8.333151e-01 -5.777550e-03 9.998696e-01 1.508231e-02 -9.868815e-01 7.399205e-03 -1.503940e-02 9.998595e-01 7.502057e+01
9.999825e-01 3.961573e-03 -4.396028e-03 -8.594310e-01 -3.904616e-03 9.999093e-01 1.289030e-02 -9.964463e-01 4.446696e-03 -1.287291e-02 9.999073e-01 7.621283e+01
9.999976e-01 1.076691e-03 -1.918634e-03 -8.650630e-01 -1.061738e-03 9.999692e-01 7.777819e-03 -1.003916e+00 1.926949e-03 -7.775764e-03 9.999679e-01 7.741187e+01
9.999968e-01 2.411893e-03 7.631695e-04 -8.770638e-01 -2.417433e-03 9.999701e-01 7.343725e-03 -1.019824e+00 -7.454344e-04 -7.345546e-03 9.999728e-01 7.858414e+01
9.999967e-01 9.838155e-04 2.396284e-03 -8.204083e-01 -1.011825e-03 9.999309e-01 1.171572e-02 -1.044645e+00 -2.384593e-03 -1.171811e-02 9.999285e-01 7.978079e+01
9.999809e-01 1.611992e-03 5.961636e-03 -8.291986e-01 -1.689308e-03 9.999142e-01 1.298668e-02 -1.056656e+00 -5.940191e-03 -1.299651e-02 9.998979e-01 8.094595e+01
9.999442e-01 2.868994e-03 1.016415e-02 -8.183191e-01 -2.982312e-03 9.999334e-01 1.115122e-02 -1.070398e+00 -1.013148e-02 -1.118091e-02 9.998862e-01 8.209628e+01
9.998992e-01 2.804969e-03 1.391862e-02 -8.113015e-01 -2.919405e-03 9.999620e-01 8.208309e-03 -1.085966e+00 -1.389507e-02 -8.248116e-03 9.998695e-01 8.327306e+01
9.998480e-01 1.779333e-03 1.734483e-02 -8.235314e-01 -1.864826e-03 9.999862e-01 4.914078e-03 -1.109682e+00 -1.733585e-02 -4.945676e-03 9.998375e-01 8.455786e+01
9.997935e-01 1.239921e-03 2.028308e-02 -7.354460e-01 -1.318466e-03 9.999917e-01 3.859552e-03 -1.112302e+00 -2.027813e-02 -3.885498e-03 9.997869e-01 8.550600e+01
9.997085e-01 9.694471e-04 2.412385e-02 -7.199324e-01 -1.109538e-03 9.999826e-01 5.794460e-03 -1.134783e+00 -2.411781e-02 -5.819537e-03 9.996922e-01 8.668159e+01
9.996131e-01 1.915277e-03 2.774731e-02 -6.956503e-01 -2.086719e-03 9.999789e-01 6.151034e-03 -1.150002e+00 -2.773494e-02 -6.206554e-03 9.995961e-01 8.784177e+01
9.995019e-01 1.421027e-03 3.152655e-02 -6.625449e-01 -1.556499e-03 9.999897e-01 4.272944e-03 -1.171499e+00 -3.152015e-02 -4.319887e-03 9.994938e-01 8.904124e+01
9.994150e-01 6.908832e-04 3.419221e-02 -5.973642e-01 -7.479160e-04 9.999983e-01 1.655244e-03 -1.180189e+00 -3.419101e-02 -1.679848e-03 9.994139e-01 9.024526e+01
9.993089e-01 1.146312e-03 3.715267e-02 -5.580872e-01 -1.194741e-03 9.999985e-01 1.281344e-03 -1.196576e+00 -3.715115e-02 -1.324847e-03 9.993088e-01 9.140096e+01
9.991885e-01 -1.337555e-04 4.027779e-02 -5.329903e-01 3.048587e-05 9.999967e-01 2.564539e-03 -1.215323e+00 -4.027800e-02 -2.561230e-03 9.991852e-01 9.255926e+01
9.990611e-01 -1.093340e-03 4.330922e-02 -5.005905e-01 9.169172e-04 9.999912e-01 4.093226e-03 -1.241191e+00 -4.331331e-02 -4.049672e-03 9.990534e-01 9.374232e+01
9.989603e-01 -2.645733e-03 4.551097e-02 -4.375998e-01 2.375942e-03 9.999793e-01 5.981118e-03 -1.263677e+00 -4.552586e-02 -5.866769e-03 9.989460e-01 9.490707e+01
9.988575e-01 -3.882906e-03 4.762956e-02 -3.777929e-01 3.560829e-03 9.999703e-01 6.845117e-03 -1.274097e+00 -4.765472e-02 -6.667695e-03 9.988416e-01 9.608372e+01
9.987496e-01 -5.129582e-03 4.972800e-02 -3.183142e-01 4.893780e-03 9.999762e-01 4.862428e-03 -1.295921e+00 -4.975176e-02 -4.612990e-03 9.987510e-01 9.727448e+01
9.986270e-01 -6.275209e-03 5.200721e-02 -2.491091e-01 6.219885e-03 9.999799e-01 1.225552e-03 -1.301674e+00 -5.201386e-02 -9.003902e-04 9.986460e-01 9.846239e+01
9.985478e-01 -5.819303e-03 5.355837e-02 -1.718597e-01 5.907015e-03 9.999815e-01 -1.479560e-03 -1.323821e+00 -5.354877e-02 1.793781e-03 9.985636e-01 9.961082e+01
9.984543e-01 -5.411781e-03 5.531431e-02 -1.085927e-01 5.557545e-03 9.999815e-01 -2.481718e-03 -1.339812e+00 -5.529986e-02 2.785294e-03 9.984659e-01 1.007795e+02
9.984303e-01 -6.277176e-03 5.565636e-02 -7.411828e-02 6.351601e-03 9.999791e-01 -1.160441e-03 -1.361358e+00 -5.564792e-02 1.512126e-03 9.984493e-01 1.021089e+02
9.984779e-01 -5.971699e-03 5.482806e-02 -1.485702e-02 5.939412e-03 9.999821e-01 7.517943e-04 -1.381307e+00 -5.483157e-02 -4.250036e-04 9.984955e-01 1.032974e+02
9.985647e-01 -6.627118e-03 5.314737e-02 4.773756e-02 6.512134e-03 9.999760e-01 2.336375e-03 -1.403746e+00 -5.316158e-02 -1.986919e-03 9.985840e-01 1.044882e+02
9.986596e-01 -6.016349e-03 5.140834e-02 8.894746e-02 5.848146e-03 9.999771e-01 3.421705e-03 -1.423113e+00 -5.142775e-02 -3.116475e-03 9.986718e-01 1.056651e+02
9.987787e-01 -5.796486e-03 4.906606e-02 1.289512e-01 5.602784e-03 9.999760e-01 4.084398e-03 -1.445978e+00 -4.908856e-02 -3.804503e-03 9.987872e-01 1.068744e+02
9.989448e-01 -5.109300e-03 4.564290e-02 1.906332e-01 4.933027e-03 9.999799e-01 3.973813e-03 -1.452568e+00 -4.566230e-02 -3.744462e-03 9.989499e-01 1.080990e+02
9.991287e-01 -3.555211e-03 4.158328e-02 2.447760e-01 3.423898e-03 9.999889e-01 3.228634e-03 -1.462757e+00 -4.159430e-02 -3.083444e-03 9.991298e-01 1.093413e+02
9.992700e-01 -3.334616e-03 3.805583e-02 2.678623e-01 3.191971e-03 9.999877e-01 3.808464e-03 -1.484086e+00 -3.806806e-02 -3.684211e-03 9.992684e-01 1.105301e+02
9.994111e-01 -3.093263e-03 3.417441e-02 2.938057e-01 2.937952e-03 9.999852e-01 4.593935e-03 -1.494227e+00 -3.418811e-02 -4.490827e-03 9.994053e-01 1.117350e+02
9.995377e-01 -2.569361e-03 3.029471e-02 3.103786e-01 2.405696e-03 9.999823e-01 5.437655e-03 -1.512855e+00 -3.030815e-02 -5.362262e-03 9.995262e-01 1.129422e+02
9.996694e-01 -1.870266e-03 2.564404e-02 3.449657e-01 1.715714e-03 9.999803e-01 6.047515e-03 -1.526491e+00 -2.565484e-02 -6.001518e-03 9.996529e-01 1.141624e+02
9.997827e-01 -1.448176e-03 2.079329e-02 3.559456e-01 1.317414e-03 9.999793e-01 6.300969e-03 -1.544351e+00 -2.080198e-02 -6.272207e-03 9.997640e-01 1.153496e+02
9.998794e-01 -8.177278e-04 1.551089e-02 3.760339e-01 7.200298e-04 9.999799e-01 6.303211e-03 -1.555793e+00 -1.551573e-02 -6.291282e-03 9.998598e-01 1.165507e+02
9.999455e-01 -9.291095e-04 1.040175e-02 4.067081e-01 8.675187e-04 9.999821e-01 5.924136e-03 -1.573507e+00 -1.040707e-02 -5.914789e-03 9.999284e-01 1.177721e+02
9.999840e-01 6.361081e-04 5.625068e-03 4.116091e-01 -6.654214e-04 9.999862e-01 5.210854e-03 -1.589444e+00 -5.621676e-03 -5.214513e-03 9.999706e-01 1.190370e+02
9.999948e-01 2.404065e-03 2.145750e-03 4.254207e-01 -2.415222e-03 9.999835e-01 5.212145e-03 -1.598631e+00 -2.133184e-03 -5.217300e-03 9.999841e-01 1.202973e+02
9.999884e-01 4.746313e-03 -7.407881e-04 4.337873e-01 -4.742414e-03 9.999753e-01 5.178159e-03 -1.605844e+00 7.653470e-04 -5.174586e-03 9.999863e-01 1.215517e+02
9.999844e-01 5.443830e-03 -1.230467e-03 3.993506e-01 -5.437747e-03 9.999732e-01 4.893863e-03 -1.623255e+00 1.257076e-03 -4.887096e-03 9.999872e-01 1.227829e+02
9.999703e-01 7.317320e-03 -2.410141e-03 3.866524e-01 -7.305121e-03 9.999607e-01 5.031916e-03 -1.635723e+00 2.446866e-03 -5.014160e-03 9.999844e-01 1.240173e+02
9.999568e-01 8.818719e-03 -2.914003e-03 3.608896e-01 -8.800760e-03 9.999425e-01 6.119327e-03 -1.657688e+00 2.967800e-03 -6.093417e-03 9.999771e-01 1.252042e+02
9.999551e-01 8.820240e-03 -3.458674e-03 3.525600e-01 -8.797655e-03 9.999402e-01 6.492007e-03 -1.672403e+00 3.515728e-03 -6.461287e-03 9.999729e-01 1.264672e+02
9.999105e-01 1.256523e-02 -4.587560e-03 3.314338e-01 -1.252483e-02 9.998835e-01 8.730772e-03 -1.691657e+00 4.696730e-03 -8.672533e-03 9.999514e-01 1.277372e+02
9.998937e-01 1.348816e-02 -5.548282e-03 3.228769e-01 -1.341978e-02 9.998357e-01 1.218327e-02 -1.706215e+00 5.711700e-03 -1.210751e-02 9.999104e-01 1.290040e+02
9.999012e-01 1.233826e-02 -6.729512e-03 3.132955e-01 -1.225678e-02 9.998527e-01 1.201717e-02 -1.714749e+00 6.876791e-03 -1.193350e-02 9.999052e-01 1.302265e+02
9.999025e-01 1.104430e-02 -8.545843e-03 3.348963e-01 -1.094593e-02 9.998742e-01 1.147408e-02 -1.716179e+00 8.671491e-03 -1.137942e-02 9.998977e-01 1.316155e+02
9.999248e-01 7.795671e-03 -9.465458e-03 3.196646e-01 -7.676642e-03 9.998918e-01 1.254701e-02 -1.724259e+00 9.562247e-03 -1.247341e-02 9.998765e-01 1.328849e+02
9.999263e-01 5.961184e-03 -1.058191e-02 3.055593e-01 -5.805288e-03 9.998751e-01 1.470234e-02 -1.732251e+00 1.066823e-02 -1.463983e-02 9.998359e-01 1.341638e+02
9.999329e-01 2.758763e-03 -1.125071e-02 2.952300e-01 -2.574501e-03 9.998628e-01 1.635957e-02 -1.731618e+00 1.129430e-02 -1.632950e-02 9.998029e-01 1.354132e+02
9.999305e-01 8.074304e-04 -1.176227e-02 2.748126e-01 -6.008333e-04 9.998457e-01 1.755734e-02 -1.738865e+00 1.177464e-02 -1.754905e-02 9.997767e-01 1.366976e+02
9.999263e-01 -3.040218e-03 -1.175883e-02 2.641537e-01 3.224726e-03 9.998715e-01 1.570398e-02 -1.740260e+00 1.170958e-02 -1.574074e-02 9.998075e-01 1.379447e+02
9.999143e-01 -5.906109e-03 -1.168335e-02 2.438230e-01 6.076548e-03 9.998748e-01 1.460685e-02 -1.740004e+00 1.159562e-02 -1.467659e-02 9.998251e-01 1.392330e+02
9.999065e-01 -7.437437e-03 -1.147375e-02 2.233076e-01 7.601958e-03 9.998680e-01 1.436257e-02 -1.745158e+00 1.136541e-02 -1.444845e-02 9.998310e-01 1.405126e+02
9.999136e-01 -7.505029e-03 -1.078860e-02 1.923763e-01 7.664389e-03 9.998610e-01 1.480650e-02 -1.751288e+00 1.067597e-02 -1.488791e-02 9.998322e-01 1.418371e+02
9.999246e-01 -6.890882e-03 -1.016325e-02 1.652788e-01 7.060071e-03 9.998355e-01 1.670629e-02 -1.756230e+00 1.004646e-02 -1.677679e-02 9.998088e-01 1.430905e+02
9.999501e-01 -4.433633e-03 -8.952200e-03 1.247000e-01 4.597586e-03 9.998205e-01 1.837754e-02 -1.764868e+00 8.869114e-03 -1.841778e-02 9.997910e-01 1.443603e+02
9.999534e-01 -4.682172e-03 -8.440082e-03 1.128074e-01 4.823276e-03 9.998477e-01 1.677622e-02 -1.768063e+00 8.360246e-03 -1.681615e-02 9.998236e-01 1.456523e+02
9.999573e-01 -3.922638e-03 -8.368893e-03 1.141525e-01 4.046167e-03 9.998823e-01 1.479498e-02 -1.771251e+00 8.309873e-03 -1.482821e-02 9.998555e-01 1.468750e+02
9.999598e-01 -3.926062e-03 -8.065450e-03 9.508524e-02 4.025582e-03 9.999155e-01 1.236005e-02 -1.776548e+00 8.016242e-03 -1.239202e-02 9.998911e-01 1.481564e+02
9.999567e-01 -5.214501e-03 -7.714689e-03 7.705262e-02 5.277389e-03 9.999529e-01 8.154016e-03 -1.784040e+00 7.671806e-03 -8.194376e-03 9.999370e-01 1.494212e+02
9.999608e-01 -5.139447e-03 -7.206009e-03 5.816298e-02 5.172222e-03 9.999763e-01 4.536982e-03 -1.794858e+00 7.182521e-03 -4.574075e-03 9.999638e-01 1.506813e+02
9.999558e-01 -5.371292e-03 -7.716118e-03 6.624983e-02 5.400852e-03 9.999781e-01 3.815185e-03 -1.815603e+00 7.695457e-03 -3.856690e-03 9.999629e-01 1.518764e+02
9.999336e-01 -8.184182e-03 -8.116112e-03 1.753559e-02 8.221077e-03 9.999560e-01 4.523047e-03 -1.873121e+00 8.078737e-03 -4.589469e-03 9.999568e-01 1.532371e+02
9.999399e-01 -7.168639e-03 -8.302731e-03 -7.313126e-03 7.211319e-03 9.999609e-01 5.121928e-03 -1.893476e+00 8.265690e-03 -5.181494e-03 9.999524e-01 1.545186e+02
9.999396e-01 -6.331772e-03 -8.987102e-03 -1.674266e-02 6.387067e-03 9.999608e-01 6.137387e-03 -1.910498e+00 8.947888e-03 -6.194417e-03 9.999408e-01 1.557883e+02
9.999393e-01 -6.030357e-03 -9.216756e-03 -4.421623e-02 6.093307e-03 9.999582e-01 6.817216e-03 -1.932082e+00 9.175260e-03 -6.872963e-03 9.999343e-01 1.570361e+02
9.999363e-01 -5.756771e-03 -9.708642e-03 -7.099145e-02 5.820832e-03 9.999614e-01 6.583116e-03 -1.955142e+00 9.670369e-03 -6.639210e-03 9.999312e-01 1.583154e+02
9.999288e-01 -5.644429e-03 -1.051785e-02 -8.984108e-02 5.713665e-03 9.999622e-01 6.564358e-03 -1.963224e+00 1.048040e-02 -6.623986e-03 9.999231e-01 1.595952e+02
9.999204e-01 -5.622713e-03 -1.129137e-02 -1.053778e-01 5.712942e-03 9.999519e-01 7.974612e-03 -1.981211e+00 1.124599e-02 -8.038484e-03 9.999045e-01 1.608605e+02
9.999214e-01 -4.417026e-03 -1.172863e-02 -1.364476e-01 4.514828e-03 9.999552e-01 8.325404e-03 -1.995693e+00 1.169133e-02 -8.377703e-03 9.998966e-01 1.621313e+02
9.999142e-01 -3.646206e-03 -1.258298e-02 -1.550148e-01 3.745272e-03 9.999621e-01 7.858441e-03 -2.017758e+00 1.255385e-02 -7.904894e-03 9.998900e-01 1.633540e+02
9.999067e-01 -3.986983e-03 -1.306842e-02 -1.993241e-01 4.073029e-03 9.999701e-01 6.564303e-03 -2.037397e+00 1.304186e-02 -6.616918e-03 9.998931e-01 1.646725e+02
9.999027e-01 -2.900643e-03 -1.364283e-02 -2.308089e-01 2.989054e-03 9.999746e-01 6.464466e-03 -2.049636e+00 1.362373e-02 -6.504616e-03 9.998860e-01 1.659670e+02
9.998885e-01 -3.304634e-03 -1.456376e-02 -2.517438e-01 3.389003e-03 9.999776e-01 5.772238e-03 -2.070060e+00 1.454436e-02 -5.820951e-03 9.998773e-01 1.672299e+02
9.998813e-01 -2.924600e-03 -1.512781e-02 -2.776238e-01 2.998355e-03 9.999837e-01 4.855114e-03 -2.090466e+00 1.511337e-02 -4.899896e-03 9.998738e-01 1.684966e+02
9.998698e-01 -2.389383e-03 -1.596163e-02 -3.018070e-01 2.472992e-03 9.999833e-01 5.220423e-03 -2.106638e+00 1.594889e-02 -5.259215e-03 9.998590e-01 1.697787e+02
9.998714e-01 -1.768146e-03 -1.593875e-02 -3.449684e-01 1.868940e-03 9.999784e-01 6.311159e-03 -2.113432e+00 1.592725e-02 -6.340136e-03 9.998531e-01 1.710505e+02
9.998600e-01 -1.837242e-03 -1.663191e-02 -2.954710e-01 1.952213e-03 9.999743e-01 6.899041e-03 -2.109299e+00 1.661881e-02 -6.930544e-03 9.998379e-01 1.723757e+02
9.998391e-01 -1.564293e-03 -1.787064e-02 -3.216853e-01 1.693079e-03 9.999727e-01 7.193716e-03 -2.124624e+00 1.785890e-02 -7.222814e-03 9.998145e-01 1.736393e+02
9.998322e-01 -1.985578e-03 -1.820873e-02 -3.646451e-01 2.126971e-03 9.999677e-01 7.749013e-03 -2.145366e+00 1.819275e-02 -7.786443e-03 9.998042e-01 1.749103e+02
9.998195e-01 -1.540326e-03 -1.894002e-02 -3.964040e-01 1.677268e-03 9.999726e-01 7.216541e-03 -2.167435e+00 1.892839e-02 -7.247005e-03 9.997946e-01 1.761684e+02
9.998163e-01 -1.049277e-04 -1.916545e-02 -4.345617e-01 2.305883e-04 9.999785e-01 6.554530e-03 -2.177996e+00 1.916435e-02 -6.557745e-03 9.997948e-01 1.774412e+02
9.998065e-01 3.688327e-05 -1.967191e-02 -4.653615e-01 1.033301e-04 9.999746e-01 7.126529e-03 -2.196143e+00 1.967167e-02 -7.127183e-03 9.997811e-01 1.787200e+02
9.998010e-01 1.639798e-04 -1.994844e-02 -4.960390e-01 -4.457447e-05 9.999821e-01 5.985998e-03 -2.204762e+00 1.994906e-02 -5.983918e-03 9.997831e-01 1.799928e+02
9.997913e-01 -1.193750e-03 -2.039323e-02 -5.264131e-01 1.281686e-03 9.999899e-01 4.299486e-03 -2.217178e+00 2.038789e-02 -4.324726e-03 9.997828e-01 1.812639e+02
9.997916e-01 -3.710347e-03 -2.007734e-02 -5.630710e-01 3.801982e-03 9.999825e-01 4.527831e-03 -2.234865e+00 2.006019e-02 -4.603221e-03 9.997882e-01 1.825527e+02
9.997919e-01 -3.121776e-03 -2.016127e-02 -6.015670e-01 3.287276e-03 9.999611e-01 8.180897e-03 -2.246291e+00 2.013495e-02 -8.245469e-03 9.997633e-01 1.838383e+02
9.997846e-01 -4.073092e-03 -2.035239e-02 -6.263022e-01 4.323893e-03 9.999151e-01 1.229418e-02 -2.254864e+00 2.030058e-02 -1.237953e-02 9.997173e-01 1.851235e+02
9.997845e-01 -2.792428e-03 -2.057099e-02 -6.519742e-01 3.029425e-03 9.999293e-01 1.149879e-02 -2.259953e+00 2.053743e-02 -1.155863e-02 9.997222e-01 1.863754e+02
9.998038e-01 -7.162691e-04 -1.979369e-02 -6.913578e-01 8.782010e-04 9.999662e-01 8.173507e-03 -2.264364e+00 1.978717e-02 -8.189286e-03 9.997707e-01 1.876538e+02
9.997965e-01 -2.836288e-04 -2.017007e-02 -7.121759e-01 4.169407e-04 9.999781e-01 6.605491e-03 -2.286825e+00 2.016775e-02 -6.612557e-03 9.997748e-01 1.889019e+02
9.997905e-01 -5.471740e-05 -2.046529e-02 -7.431930e-01 1.948344e-04 9.999766e-01 6.844637e-03 -2.300085e+00 2.046443e-02 -6.847191e-03 9.997671e-01 1.901542e+02
9.997874e-01 -4.496601e-04 -2.061547e-02 -7.727553e-01 6.202945e-04 9.999656e-01 8.271359e-03 -2.318710e+00 2.061104e-02 -8.282389e-03 9.997532e-01 1.913931e+02
9.997977e-01 -8.599748e-05 -2.011327e-02 -8.160330e-01 2.950472e-04 9.999460e-01 1.039089e-02 -2.336004e+00 2.011129e-02 -1.039472e-02 9.997437e-01 1.926574e+02
9.998142e-01 -3.502241e-04 -1.927350e-02 -8.524900e-01 5.674966e-04 9.999363e-01 1.126881e-02 -2.348329e+00 1.926833e-02 -1.127765e-02 9.997507e-01 1.939204e+02
9.998409e-01 -8.896253e-04 -1.781798e-02 -8.856085e-01 1.086113e-03 9.999387e-01 1.102084e-02 -2.365873e+00 1.780708e-02 -1.103844e-02 9.997805e-01 1.951520e+02
9.998588e-01 -1.904564e-03 -1.669582e-02 -9.075317e-01 2.061301e-03 9.999539e-01 9.375615e-03 -2.374895e+00 1.667719e-02 -9.408707e-03 9.998167e-01 1.963973e+02
9.998711e-01 -2.165308e-03 -1.591074e-02 -9.260828e-01 2.293430e-03 9.999651e-01 8.038705e-03 -2.389420e+00 1.589278e-02 -8.074159e-03 9.998411e-01 1.976469e+02
9.998839e-01 -2.654526e-03 -1.500494e-02 -9.409078e-01 2.767219e-03 9.999681e-01 7.494565e-03 -2.408218e+00 1.498457e-02 -7.535217e-03 9.998593e-01 1.988951e+02
9.998979e-01 -2.614560e-03 -1.404931e-02 -9.603308e-01 2.732444e-03 9.999612e-01 8.378126e-03 -2.426672e+00 1.402686e-02 -8.415659e-03 9.998662e-01 2.001109e+02
9.999151e-01 -3.114773e-03 -1.265711e-02 -9.807292e-01 3.249165e-03 9.999384e-01 1.061127e-02 -2.453161e+00 1.262328e-02 -1.065149e-02 9.998636e-01 2.013557e+02
9.999229e-01 -2.034150e-03 -1.224590e-02 -1.000366e+00 2.170107e-03 9.999360e-01 1.109919e-02 -2.474352e+00 1.222254e-02 -1.112491e-02 9.998634e-01 2.025652e+02
9.999369e-01 -2.307179e-03 -1.099692e-02 -1.030233e+00 2.429589e-03 9.999351e-01 1.113091e-02 -2.487467e+00 1.097053e-02 -1.115693e-02 9.998776e-01 2.037859e+02
9.999464e-01 -2.105112e-03 -1.014455e-02 -1.043579e+00 2.215946e-03 9.999378e-01 1.092663e-02 -2.492577e+00 1.012092e-02 -1.094853e-02 9.998888e-01 2.050181e+02
9.999539e-01 -2.308660e-03 -9.324182e-03 -1.058848e+00 2.411805e-03 9.999359e-01 1.106604e-02 -2.502049e+00 9.298036e-03 -1.108801e-02 9.998953e-01 2.062277e+02
9.999670e-01 -2.017719e-03 -7.868152e-03 -1.099915e+00 2.108500e-03 9.999311e-01 1.154667e-02 -2.536164e+00 7.844312e-03 -1.156288e-02 9.999024e-01 2.074012e+02
9.999614e-01 -3.079186e-03 -8.232919e-03 -1.064519e+00 3.169667e-03 9.999345e-01 1.099978e-02 -2.534426e+00 8.198509e-03 -1.102545e-02 9.999056e-01 2.087975e+02
9.999595e-01 -4.105930e-03 -8.004618e-03 -1.074960e+00 4.194814e-03 9.999294e-01 1.111916e-02 -2.546827e+00 7.958398e-03 -1.115229e-02 9.999061e-01 2.099794e+02
9.999591e-01 -4.106333e-03 -8.053854e-03 -1.083071e+00 4.202004e-03 9.999204e-01 1.189805e-02 -2.554634e+00 8.004356e-03 -1.193141e-02 9.998968e-01 2.111586e+02
9.999531e-01 -4.765336e-03 -8.432042e-03 -1.107257e+00 4.875186e-03 9.999029e-01 1.305545e-02 -2.572338e+00 8.369009e-03 -1.309595e-02 9.998792e-01 2.122884e+02
9.999454e-01 -4.204453e-03 -9.569256e-03 -1.111359e+00 4.330313e-03 9.999039e-01 1.316999e-02 -2.586390e+00 9.512964e-03 -1.321071e-02 9.998675e-01 2.134296e+02
9.999409e-01 -3.674887e-03 -1.023133e-02 -1.127261e+00 3.801317e-03 9.999163e-01 1.236525e-02 -2.600021e+00 1.018503e-02 -1.240342e-02 9.998712e-01 2.145471e+02
9.999362e-01 -3.526309e-03 -1.073675e-02 -1.146904e+00 3.649866e-03 9.999271e-01 1.151016e-02 -2.609000e+00 1.069538e-02 -1.154861e-02 9.998761e-01 2.156305e+02
9.999238e-01 -4.312741e-03 -1.156362e-02 -1.154824e+00 4.437562e-03 9.999319e-01 1.079048e-02 -2.608729e+00 1.151630e-02 -1.084098e-02 9.998749e-01 2.167383e+02
9.999018e-01 -4.676906e-03 -1.320718e-02 -1.158095e+00 4.817155e-03 9.999321e-01 1.060734e-02 -2.618218e+00 1.315667e-02 -1.066992e-02 9.998565e-01 2.178500e+02
9.998760e-01 -5.259279e-03 -1.484084e-02 -1.180332e+00 5.429089e-03 9.999200e-01 1.142504e-02 -2.633156e+00 1.477957e-02 -1.150420e-02 9.998246e-01 2.188832e+02
9.998309e-01 -6.539492e-03 -1.718578e-02 -1.201809e+00 6.768364e-03 9.998887e-01 1.329325e-02 -2.649518e+00 1.709694e-02 -1.340732e-02 9.997640e-01 2.199069e+02
9.998018e-01 -5.701777e-03 -1.907692e-02 -1.240653e+00 5.983500e-03 9.998734e-01 1.474340e-02 -2.653279e+00 1.899044e-02 -1.485462e-02 9.997093e-01 2.209042e+02
9.997458e-01 -5.321084e-03 -2.190656e-02 -1.262956e+00 5.651108e-03 9.998711e-01 1.503082e-02 -2.666210e+00 2.182375e-02 -1.515080e-02 9.996470e-01 2.219198e+02
9.996898e-01 -4.620493e-03 -2.447544e-02 -1.291459e+00 4.972968e-03 9.998845e-01 1.435992e-02 -2.669048e+00 2.440626e-02 -1.447718e-02 9.995973e-01 2.229286e+02
9.996306e-01 -4.573493e-03 -2.679074e-02 -1.339049e+00 4.969365e-03 9.998792e-01 1.472859e-02 -2.682530e+00 2.672014e-02 -1.485628e-02 9.995326e-01 2.238951e+02
9.995624e-01 -4.405076e-03 -2.925192e-02 -1.382496e+00 4.844226e-03 9.998764e-01 1.495885e-02 -2.689790e+00 2.918241e-02 -1.509400e-02 9.994602e-01 2.248470e+02
9.994575e-01 -3.827215e-03 -3.271026e-02 -1.411217e+00 4.313391e-03 9.998811e-01 1.480548e-02 -2.700051e+00 3.264971e-02 -1.493854e-02 9.993552e-01 2.257766e+02
9.993535e-01 -4.129189e-03 -3.571547e-02 -1.450955e+00 4.634360e-03 9.998902e-01 1.407312e-02 -2.706466e+00 3.565344e-02 -1.422954e-02 9.992629e-01 2.266836e+02
9.992232e-01 -4.127622e-03 -3.918976e-02 -1.486371e+00 4.659049e-03 9.998983e-01 1.347871e-02 -2.716379e+00 3.913014e-02 -1.365083e-02 9.991409e-01 2.275704e+02
9.991050e-01 -3.163994e-03 -4.217984e-02 -1.526600e+00 3.739880e-03 9.999008e-01 1.358120e-02 -2.734185e+00 4.213268e-02 -1.372680e-02 9.990177e-01 2.284223e+02
9.990411e-01 -3.195931e-03 -4.366390e-02 -1.534472e+00 3.727180e-03 9.999200e-01 1.209081e-02 -2.737481e+00 4.362176e-02 -1.224196e-02 9.989731e-01 2.294770e+02
9.989264e-01 -1.838094e-03 -4.628911e-02 -1.573722e+00 2.398815e-03 9.999244e-01 1.206081e-02 -2.749862e+00 4.626344e-02 -1.215890e-02 9.988553e-01 2.303134e+02
9.988861e-01 -1.197859e-03 -4.717151e-02 -1.608679e+00 1.802833e-03 9.999167e-01 1.278452e-02 -2.762580e+00 4.715226e-02 -1.285533e-02 9.988050e-01 2.311421e+02
9.988998e-01 -8.789808e-04 -4.688724e-02 -1.651370e+00 1.531189e-03 9.999025e-01 1.387604e-02 -2.773861e+00 4.687048e-02 -1.393257e-02 9.988038e-01 2.319258e+02
9.989387e-01 -1.404160e-04 -4.606009e-02 -1.699468e+00 8.083272e-04 9.998948e-01 1.448256e-02 -2.780583e+00 4.605320e-02 -1.450442e-02 9.988337e-01 2.326774e+02
9.989537e-01 -4.739067e-04 -4.573090e-02 -1.736398e+00 1.114024e-03 9.999018e-01 1.397301e-02 -2.788069e+00 4.571978e-02 -1.400933e-02 9.988561e-01 2.334492e+02
9.989703e-01 5.970021e-04 -4.536469e-02 -1.775545e+00 -4.495434e-05 9.999260e-01 1.216915e-02 -2.793060e+00 4.536860e-02 -1.215458e-02 9.988964e-01 2.341928e+02
9.990025e-01 1.787296e-04 -4.465504e-02 -1.809314e+00 2.756178e-04 9.999483e-01 1.016824e-02 -2.804428e+00 4.465454e-02 -1.017041e-02 9.989507e-01 2.349062e+02
9.990585e-01 7.696086e-04 -4.337585e-02 -1.847247e+00 -3.967733e-04 9.999629e-01 8.603414e-03 -2.807950e+00 4.338086e-02 -8.578103e-03 9.990218e-01 2.356815e+02
9.991118e-01 1.730809e-03 -4.210248e-02 -1.882596e+00 -1.383133e-03 9.999647e-01 8.285575e-03 -2.821314e+00 4.211533e-02 -8.219982e-03 9.990789e-01 2.364268e+02
9.991974e-01 1.007120e-03 -4.004402e-02 -1.924147e+00 -6.933196e-04 9.999689e-01 7.849493e-03 -2.825832e+00 4.005068e-02 -7.815430e-03 9.991671e-01 2.371467e+02
9.992628e-01 9.865972e-04 -3.837858e-02 -1.952568e+00 -6.841549e-04 9.999686e-01 7.892832e-03 -2.834271e+00 3.838516e-02 -7.860756e-03 9.992321e-01 2.378811e+02
9.993297e-01 9.263167e-04 -3.659642e-02 -1.985981e+00 -6.437387e-04 9.999699e-01 7.732496e-03 -2.845805e+00 3.660248e-02 -7.703754e-03 9.993002e-01 2.385961e+02
9.994074e-01 5.746715e-04 -3.441835e-02 -2.019617e+00 -3.106861e-04 9.999705e-01 7.674758e-03 -2.858004e+00 3.442175e-02 -7.659516e-03 9.993780e-01 2.393120e+02
9.995013e-01 4.600915e-04 -3.157502e-02 -2.046953e+00 -2.098093e-04 9.999685e-01 7.929445e-03 -2.860801e+00 3.157767e-02 -7.918865e-03 9.994699e-01 2.400182e+02
9.996087e-01 -6.310084e-04 -2.796622e-02 -2.070685e+00 8.801471e-04 9.999600e-01 8.897144e-03 -2.873247e+00 2.795949e-02 -8.918277e-03 9.995693e-01 2.407318e+02
9.996911e-01 -1.644392e-03 -2.479844e-02 -2.095033e+00 1.875722e-03 9.999549e-01 9.308033e-03 -2.884091e+00 2.478202e-02 -9.351673e-03 9.996492e-01 2.414440e+02
9.997508e-01 -1.736677e-03 -2.225668e-02 -2.109016e+00 1.951979e-03 9.999515e-01 9.655508e-03 -2.896237e+00 2.223883e-02 -9.696546e-03 9.997057e-01 2.421387e+02
9.998130e-01 -2.310102e-03 -1.920279e-02 -2.120784e+00 2.491873e-03 9.999523e-01 9.447347e-03 -2.903906e+00 1.918005e-02 -9.493431e-03 9.997710e-01 2.428458e+02
9.998674e-01 -2.123355e-03 -1.614304e-02 -2.140170e+00 2.272698e-03 9.999548e-01 9.238550e-03 -2.911313e+00 1.612269e-02 -9.274012e-03 9.998270e-01 2.435289e+02
9.999218e-01 -1.266148e-03 -1.244212e-02 -2.130392e+00 1.368135e-03 9.999655e-01 8.191880e-03 -2.911130e+00 1.243131e-02 -8.208262e-03 9.998890e-01 2.443247e+02
9.999546e-01 -1.458202e-03 -9.418280e-03 -2.141002e+00 1.528532e-03 9.999710e-01 7.464486e-03 -2.914258e+00 9.407123e-03 -7.478543e-03 9.999278e-01 2.450398e+02
9.999782e-01 -5.089691e-04 -6.573018e-03 -2.150966e+00 5.619556e-04 9.999673e-01 8.061880e-03 -2.913507e+00 6.568700e-03 -8.065399e-03 9.999459e-01 2.457530e+02
9.999919e-01 -7.885270e-05 -4.020005e-03 -2.155270e+00 1.132919e-04 9.999633e-01 8.567452e-03 -2.920860e+00 4.019182e-03 -8.567839e-03 9.999552e-01 2.464510e+02
9.999979e-01 -4.688993e-04 -2.031547e-03 -2.143678e+00 4.858637e-04 9.999650e-01 8.358043e-03 -2.927259e+00 2.027557e-03 -8.359011e-03 9.999630e-01 2.471879e+02
9.999998e-01 -2.466304e-06 6.809193e-04 -2.163762e+00 -2.315508e-06 9.999753e-01 7.022493e-03 -2.948603e+00 -6.809198e-04 -7.022493e-03 9.999751e-01 2.479245e+02
9.999980e-01 7.718565e-04 1.854331e-03 -2.139884e+00 -7.804467e-04 9.999890e-01 4.636281e-03 -2.955729e+00 -1.850732e-03 -4.637719e-03 9.999875e-01 2.486304e+02
9.999930e-01 -6.528731e-04 3.673880e-03 -2.176210e+00 6.436718e-04 9.999967e-01 2.505143e-03 -2.960285e+00 -3.675503e-03 -2.502761e-03 9.999901e-01 2.493136e+02
9.999934e-01 -1.333622e-04 3.630324e-03 -2.158291e+00 1.264409e-04 9.999982e-01 1.906676e-03 -2.967505e+00 -3.630572e-03 -1.906204e-03 9.999916e-01 2.499896e+02
9.999948e-01 -1.284250e-03 2.977124e-03 -2.113023e+00 1.279360e-03 9.999979e-01 1.643793e-03 -2.975748e+00 -2.979229e-03 -1.639976e-03 9.999942e-01 2.505406e+02
9.999926e-01 -9.870645e-05 3.837463e-03 -2.148335e+00 9.314856e-05 9.999989e-01 1.448475e-03 -3.000951e+00 -3.837602e-03 -1.448107e-03 9.999916e-01 2.513630e+02
9.999925e-01 5.890641e-04 3.834414e-03 -2.142877e+00 -5.925373e-04 9.999994e-01 9.047394e-04 -3.009056e+00 -3.833879e-03 -9.070046e-04 9.999923e-01 2.520842e+02
9.999907e-01 -1.628346e-03 3.989042e-03 -2.154905e+00 1.632474e-03 9.999982e-01 -1.031776e-03 -3.013454e+00 -3.987355e-03 1.038279e-03 9.999915e-01 2.528759e+02
9.999773e-01 -5.265194e-03 4.211386e-03 -2.134359e+00 5.278911e-03 9.999807e-01 -3.252609e-03 -3.028878e+00 -4.194179e-03 3.274767e-03 9.999858e-01 2.536978e+02
9.999523e-01 -8.377560e-03 5.019340e-03 -2.135335e+00 8.397688e-03 9.999567e-01 -4.002460e-03 -3.043136e+00 -4.985592e-03 4.044420e-03 9.999794e-01 2.544618e+02
9.999655e-01 -6.001062e-03 5.738838e-03 -2.140490e+00 6.001455e-03 9.999820e-01 -5.131363e-05 -3.051702e+00 -5.738426e-03 8.575324e-05 9.999835e-01 2.552611e+02
9.999778e-01 -2.329632e-03 6.247120e-03 -2.146211e+00 2.292661e-03 9.999799e-01 5.918823e-03 -3.057666e+00 -6.260783e-03 -5.904369e-03 9.999630e-01 2.560365e+02
9.999713e-01 -3.252856e-03 6.849322e-03 -2.146656e+00 3.187976e-03 9.999502e-01 9.462080e-03 -3.070762e+00 -6.879759e-03 -9.439972e-03 9.999318e-01 2.567908e+02
9.999492e-01 -4.544202e-03 8.997678e-03 -2.133743e+00 4.479113e-03 9.999638e-01 7.241044e-03 -3.077644e+00 -9.030256e-03 -7.200374e-03 9.999333e-01 2.576077e+02
9.999108e-01 -3.666091e-03 1.284704e-02 -2.118876e+00 3.647663e-03 9.999923e-01 1.457546e-03 -3.098923e+00 -1.285228e-02 -1.410554e-03 9.999164e-01 2.584028e+02
9.998643e-01 -1.146851e-03 1.643611e-02 -2.108894e+00 1.184852e-03 9.999967e-01 -2.302505e-03 -3.102997e+00 -1.643341e-02 2.321667e-03 9.998623e-01 2.592127e+02
9.998019e-01 5.838924e-04 1.989445e-02 -2.102948e+00 -5.383892e-04 9.999972e-01 -2.292510e-03 -3.112964e+00 -1.989573e-02 2.281345e-03 9.997994e-01 2.600363e+02
9.997357e-01 -1.443724e-03 2.294610e-02 -2.082541e+00 1.440211e-03 9.999989e-01 1.696424e-04 -3.129723e+00 -2.294632e-02 -1.365503e-04 9.997367e-01 2.608538e+02
9.996599e-01 -4.211934e-03 2.573704e-02 -2.061954e+00 4.129633e-03 9.999862e-01 3.250073e-03 -3.136251e+00 -2.575037e-02 -3.142683e-03 9.996635e-01 2.616857e+02
9.995707e-01 -6.892506e-03 2.847787e-02 -2.038398e+00 6.752174e-03 9.999646e-01 5.020988e-03 -3.151386e+00 -2.851147e-02 -4.826545e-03 9.995818e-01 2.625204e+02
9.994823e-01 -6.376995e-03 3.153628e-02 -2.013445e+00 6.221529e-03 9.999680e-01 5.025413e-03 -3.151172e+00 -3.156732e-02 -4.826607e-03 9.994900e-01 2.633606e+02
9.993829e-01 -4.750490e-03 3.480491e-02 -2.033692e+00 4.640983e-03 9.999840e-01 3.226418e-03 -3.167147e+00 -3.481968e-02 -3.062898e-03 9.993889e-01 2.641227e+02
9.992833e-01 -3.983465e-03 3.764489e-02 -2.024159e+00 3.957417e-03 9.999919e-01 7.664284e-04 -3.163728e+00 -3.764763e-02 -6.169025e-04 9.992909e-01 2.648706e+02
9.991983e-01 -3.313209e-03 3.989647e-02 -1.983214e+00 3.303218e-03 9.999945e-01 3.163203e-04 -3.167903e+00 -3.989729e-02 -1.842800e-04 9.992037e-01 2.657421e+02
9.990755e-01 -2.576092e-03 4.291144e-02 -1.954748e+00 2.466895e-03 9.999936e-01 2.597455e-03 -3.181818e+00 -4.291785e-02 -2.489196e-03 9.990755e-01 2.665909e+02
9.989478e-01 -1.567682e-03 4.583445e-02 -1.918637e+00 1.365430e-03 9.999892e-01 4.443636e-03 -3.201022e+00 -4.584092e-02 -4.376377e-03 9.989392e-01 2.674486e+02
9.988109e-01 -7.831733e-04 4.874580e-02 -1.892723e+00 5.853731e-04 9.999915e-01 4.071933e-03 -3.205435e+00 -4.874858e-02 -4.038556e-03 9.988029e-01 2.682715e+02
9.986821e-01 -9.033922e-04 5.131457e-02 -1.858084e+00 7.092900e-04 9.999925e-01 3.800678e-03 -3.219072e+00 -5.131762e-02 -3.759273e-03 9.986753e-01 2.690690e+02
9.985406e-01 -2.225811e-03 5.395956e-02 -1.811911e+00 2.060477e-03 9.999930e-01 3.119472e-03 -3.223760e+00 -5.396613e-02 -3.003737e-03 9.985383e-01 2.699036e+02
9.984296e-01 -4.850287e-03 5.581047e-02 -1.762795e+00 4.675047e-03 9.999837e-01 3.270046e-03 -3.221986e+00 -5.582542e-02 -3.003994e-03 9.984360e-01 2.707833e+02
9.984015e-01 -6.087810e-03 5.618979e-02 -1.690137e+00 5.910562e-03 9.999770e-01 3.320100e-03 -3.240536e+00 -5.620871e-02 -2.982680e-03 9.984146e-01 2.717166e+02
9.984093e-01 -6.934125e-03 5.595408e-02 -1.630265e+00 6.749928e-03 9.999712e-01 3.480252e-03 -3.252551e+00 -5.597660e-02 -3.097030e-03 9.984273e-01 2.725110e+02
9.983557e-01 -7.321711e-03 5.685263e-02 -1.597503e+00 7.114082e-03 9.999673e-01 3.853603e-03 -3.263775e+00 -5.687898e-02 -3.442812e-03 9.983751e-01 2.733893e+02
