1.000000e+00 0.000000e+00 0.000000e+00 0.000000e+00 0.000000e+00 1.000000e+00 0.000000e+00 0.000000e+00 0.000000e+00 0.000000e+00 1.000000e+00 0.000000e+00
9.999802e-01 7.160602e-04 -6.255789e-03 -1.207595e-02 -7.146441e-04 9.999997e-01 2.285973e-04 -1.735733e-03 6.255951e-03 -2.241221e-04 9.999804e-01 9.294203e-02
9.999104e-01 1.342856e-03 -1.332160e-02 -2.086593e-02 -1.340216e-03 9.999991e-01 2.071425e-04 -3.605620e-03 1.332187e-02 -1.892701e-04 9.999112e-01 1.901469e-01
9.997798e-01 1.463391e-03 -2.093134e-02 -3.079781e-02 -1.477259e-03 9.999987e-01 -6.471216e-04 -3.415444e-03 2.093036e-02 6.779002e-04 9.997807e-01 2.868910e-01
9.995415e-01 2.108541e-03 -3.020653e-02 -4.345725e-02 -2.167334e-03 9.999958e-01 -1.913731e-03 -5.672630e-03 3.020237e-02 1.978321e-03 9.995418e-01 3.900978e-01
9.991264e-01 2.169171e-03 -4.173426e-02 -5.681420e-02 -2.322192e-03 9.999908e-01 -3.618436e-03 -4.631822e-03 4.172602e-02 3.712190e-03 9.991222e-01 5.000964e-01
9.984543e-01 1.866600e-03 -5.554835e-02 -7.431524e-02 -2.116263e-03 9.999879e-01 -4.436022e-03 -5.151338e-03 5.553941e-02 4.546720e-03 9.984462e-01 6.237552e-01
9.974429e-01 1.857578e-03 -7.144415e-02 -1.094943e-01 -2.181390e-03 9.999877e-01 -4.454628e-03 -5.350137e-03 7.143500e-02 4.599085e-03 9.974347e-01 7.690183e-01
9.959205e-01 3.280735e-04 -9.023412e-02 -1.377494e-01 -7.384185e-04 9.999895e-01 -4.514213e-03 -5.433885e-03 9.023169e-02 4.562428e-03 9.959103e-01 9.200917e-01
9.939174e-01 -8.778902e-04 -1.101246e-01 -1.765777e-01 3.568844e-04 9.999887e-01 -4.750679e-03 -8.103322e-03 1.101275e-01 4.682481e-03 9.939064e-01 1.084254e+00
9.912152e-01 -7.022092e-04 -1.322575e-01 -2.251714e-01 3.207214e-05 9.999871e-01 -5.068975e-03 -1.067646e-02 1.322593e-01 5.020203e-03 9.912024e-01 1.254090e+00
9.877050e-01 2.790121e-03 -1.563044e-01 -2.823568e-01 -3.868116e-03 9.999708e-01 -6.593019e-03 -1.242693e-02 1.562814e-01 7.116562e-03 9.876869e-01 1.423035e+00
9.833750e-01 6.872405e-03 -1.814565e-01 -3.537861e-01 -8.462713e-03 9.999322e-01 -7.991345e-03 -1.892299e-02 1.813892e-01 9.394103e-03 9.833665e-01 1.608401e+00
9.779542e-01 9.726061e-03 -2.085927e-01 -4.208689e-01 -1.184538e-02 9.998901e-01 -8.913305e-03 -2.601293e-02 2.084831e-01 1.118766e-02 9.779620e-01 1.788268e+00
9.712338e-01 1.067989e-02 -2.378880e-01 -4.964730e-01 -1.321255e-02 9.998717e-01 -9.054500e-03 -2.890537e-02 2.377608e-01 1.193714e-02 9.712504e-01 1.971895e+00
9.632008e-01 1.271716e-02 -2.684818e-01 -5.857624e-01 -1.552736e-02 9.998446e-01 -8.346111e-03 -3.481893e-02 2.683339e-01 1.220779e-02 9.632486e-01 2.168240e+00
9.537021e-01 1.444503e-02 -3.004059e-01 -6.741304e-01 -1.749282e-02 9.998192e-01 -7.458306e-03 -3.623522e-02 3.002438e-01 1.236795e-02 9.537823e-01 2.352579e+00
9.424800e-01 1.698708e-02 -3.338305e-01 -7.803835e-01 -2.023200e-02 9.997758e-01 -6.245649e-03 -4.004768e-02 3.336496e-01 1.264046e-02 9.426124e-01 2.547301e+00
9.298626e-01 1.892434e-02 -3.674201e-01 -8.743593e-01 -2.259830e-02 9.997284e-01 -5.699516e-03 -4.515061e-02 3.672124e-01 1.360284e-02 9.300376e-01 2.709963e+00
9.159367e-01 2.178161e-02 -4.007313e-01 -9.979157e-01 -2.594468e-02 9.996511e-01 -4.965097e-03 -4.686578e-02 4.004833e-01 1.494456e-02 9.161822e-01 2.900877e+00
8.999447e-01 2.169215e-02 -4.354641e-01 -1.128199e+00 -2.637034e-02 9.996412e-01 -4.701851e-03 -4.048844e-02 4.352059e-01 1.571475e-02 9.001938e-01 3.094397e+00
8.813423e-01 1.697713e-02 -4.721732e-01 -1.250700e+00 -2.209346e-02 9.997419e-01 -5.292878e-03 -4.318390e-02 4.719614e-01 1.509678e-02 8.814899e-01 3.276160e+00
8.601108e-01 1.159762e-02 -5.099754e-01 -1.387501e+00 -1.697174e-02 9.998387e-01 -5.886213e-03 -4.441746e-02 5.098249e-01 1.371797e-02 8.601688e-01 3.455496e+00
8.351037e-01 1.234604e-02 -5.499540e-01 -1.546868e+00 -1.686556e-02 9.998528e-01 -3.164392e-03 -4.377806e-02 5.498340e-01 1.191788e-02 8.351890e-01 3.632097e+00
8.058639e-01 1.680780e-02 -5.918622e-01 -1.725603e+00 -2.056662e-02 9.997884e-01 3.891910e-04 -5.108778e-02 5.917435e-01 1.185897e-02 8.060390e-01 3.804697e+00
7.733674e-01 1.980751e-02 -6.336486e-01 -1.905683e+00 -2.362916e-02 9.997179e-01 2.411273e-03 -6.178911e-02 6.335176e-01 1.310779e-02 7.736172e-01 3.938750e+00
7.371032e-01 1.870498e-02 -6.755213e-01 -2.110728e+00 -2.274663e-02 9.997371e-01 2.862166e-03 -6.291790e-02 6.753973e-01 1.325612e-02 7.373349e-01 4.102965e+00
6.968328e-01 1.450681e-02 -7.170869e-01 -2.328546e+00 -1.664473e-02 9.998533e-01 4.052633e-03 -6.628824e-02 7.170405e-01 9.111710e-03 6.969720e-01 4.274729e+00
6.543801e-01 1.081452e-02 -7.560885e-01 -2.573781e+00 -1.174178e-02 9.999225e-01 4.139862e-03 -5.987480e-02 7.560747e-01 6.168778e-03 6.544563e-01 4.426366e+00
6.093429e-01 1.016671e-02 -7.928416e-01 -2.833763e+00 -9.224189e-03 9.999411e-01 5.733073e-03 -5.734307e-02 7.928531e-01 3.819914e-03 6.094007e-01 4.574299e+00
5.607502e-01 1.077413e-02 -8.279150e-01 -3.103568e+00 -6.838947e-03 9.999415e-01 8.380763e-03 -5.719537e-02 8.279568e-01 9.625517e-04 5.607911e-01 4.715649e+00
5.094647e-01 1.115837e-02 -8.604192e-01 -3.405943e+00 -4.948462e-03 9.999374e-01 1.003767e-02 -5.076323e-02 8.604773e-01 -8.560879e-04 5.094880e-01 4.842333e+00
4.563180e-01 1.270054e-02 -8.897261e-01 -3.692195e+00 -4.417403e-03 9.999182e-01 1.200792e-02 -5.320653e-02 8.898058e-01 -1.549152e-03 4.563368e-01 4.946259e+00
4.013283e-01 1.472666e-02 -9.158159e-01 -4.016055e+00 -3.452968e-03 9.998879e-01 1.456542e-02 -4.703547e-02 9.159278e-01 -2.683230e-03 4.013342e-01 5.047103e+00
3.455798e-01 1.684492e-02 -9.382381e-01 -4.346838e+00 -1.957261e-03 9.998496e-01 1.723016e-02 -5.106492e-02 9.383873e-01 -4.118018e-03 3.455608e-01 5.129824e+00
2.903939e-01 1.968385e-02 -9.567047e-01 -4.708843e+00 6.119960e-04 9.997844e-01 2.075596e-02 -4.919837e-02 9.569070e-01 -6.612903e-03 2.903192e-01 5.203738e+00
2.362618e-01 2.094378e-02 -9.714637e-01 -5.126276e+00 4.130931e-03 9.997370e-01 2.255798e-02 -3.930866e-02 9.716806e-01 -9.342637e-03 2.361131e-01 5.275039e+00
1.854777e-01 2.168098e-02 -9.824093e-01 -5.479302e+00 6.200138e-03 9.997109e-01 2.323339e-02 -4.496209e-02 9.826289e-01 -1.040035e-02 1.852896e-01 5.308251e+00
1.381091e-01 2.251242e-02 -9.901611e-01 -5.881804e+00 3.615574e-03 9.997235e-01 2.323414e-02 -3.801511e-02 9.904104e-01 -6.788848e-03 1.379895e-01 5.322080e+00
9.529388e-02 2.286119e-02 -9.951866e-01 -6.315711e+00 2.010300e-03 9.997298e-01 2.315805e-02 -3.138763e-02 9.954472e-01 -4.207444e-03 9.522218e-02 5.334767e+00
5.773049e-02 2.142723e-02 -9.981022e-01 -6.703642e+00 5.345897e-05 9.997696e-01 2.146611e-02 -2.666603e-02 9.983322e-01 -1.292607e-03 5.771605e-02 5.320670e+00
2.298546e-02 1.908946e-02 -9.995535e-01 -7.091007e+00 1.406952e-03 9.998161e-01 1.912683e-02 -2.847012e-02 9.997348e-01 -1.845963e-03 2.295438e-02 5.308048e+00
-8.248902e-03 1.616328e-02 -9.998353e-01 -7.634652e+00 1.703606e-03 9.998682e-01 1.614975e-02 -1.677047e-02 9.999645e-01 -1.570108e-03 -8.275350e-03 5.273016e+00
-3.491622e-02 1.476930e-02 -9.992811e-01 -8.016248e+00 6.675977e-04 9.998909e-01 1.475499e-02 -3.007054e-02 9.993900e-01 -1.519295e-04 -3.492227e-02 5.238391e+00
-5.540390e-02 1.223478e-02 -9.983891e-01 -8.548635e+00 -5.288021e-05 9.999249e-01 1.225654e-02 -2.229879e-02 9.984640e-01 7.318550e-04 -5.539909e-02 5.178633e+00
-7.162280e-02 1.141836e-02 -9.973664e-01 -9.090377e+00 6.507008e-04 9.999348e-01 1.140104e-02 -1.397539e-02 9.974316e-01 1.675872e-04 -7.162557e-02 5.122484e+00
-8.482704e-02 1.198727e-02 -9.963236e-01 -9.569395e+00 1.058964e-03 9.999282e-01 1.194048e-02 -1.620158e-02 9.963951e-01 -4.219589e-05 -8.483364e-02 5.077046e+00
-9.456401e-02 1.337455e-02 -9.954289e-01 -1.011622e+01 -5.883439e-05 9.999097e-01 1.344035e-02 -2.417767e-02 9.955188e-01 1.329539e-03 -9.455469e-02 5.016224e+00
-1.014456e-01 1.477297e-02 -9.947314e-01 -1.065227e+01 -1.875315e-03 9.998851e-01 1.504076e-02 -2.664739e-02 9.948393e-01 3.391253e-03 -1.014063e-01 4.960835e+00
-1.062878e-01 1.569760e-02 -9.942115e-01 -1.127683e+01 -1.257558e-03 9.998724e-01 1.592142e-02 -1.744790e-02 9.943346e-01 2.942532e-03 -1.062545e-01 4.899865e+00
-1.075858e-01 1.626830e-02 -9.940627e-01 -1.188872e+01 9.256226e-04 9.998673e-01 1.626311e-02 -1.004692e-02 9.941954e-01 8.295529e-04 -1.075866e-01 4.828074e+00
-1.065194e-01 1.861292e-02 -9.941364e-01 -1.247122e+01 2.356280e-03 9.998267e-01 1.846699e-02 -1.005242e-02 9.943078e-01 -3.753720e-04 -1.065448e-01 4.770166e+00
-1.056585e-01 2.121645e-02 -9.941761e-01 -1.300485e+01 6.676363e-04 9.997737e-01 2.126495e-02 -2.012320e-02 9.944022e-01 1.583075e-03 -1.056487e-01 4.740206e+00
-1.035728e-01 2.136939e-02 -9.943923e-01 -1.365628e+01 -6.538938e-04 9.997675e-01 2.155301e-02 -1.760080e-02 9.946216e-01 2.882532e-03 -1.035347e-01 4.649903e+00
-1.011466e-01 1.827721e-02 -9.947037e-01 -1.447173e+01 -2.133595e-03 9.998249e-01 1.858827e-02 4.563756e-03 9.948692e-01 4.002434e-03 -1.010899e-01 4.519201e+00
-1.001551e-01 1.806917e-02 -9.948078e-01 -1.515246e+01 -2.535369e-03 9.998272e-01 1.841559e-02 1.305767e-02 9.949686e-01 4.366620e-03 -1.000920e-01 4.455182e+00
-9.825817e-02 2.068975e-02 -9.949459e-01 -1.586525e+01 -1.900161e-03 9.997782e-01 2.097789e-02 2.817976e-02 9.951591e-01 3.951806e-03 -9.819707e-02 4.377769e+00
-9.652120e-02 2.432135e-02 -9.950337e-01 -1.658828e+01 -2.955391e-03 9.996900e-01 2.472184e-02 3.280740e-02 9.953265e-01 5.326896e-03 -9.641940e-02 4.304708e+00
-9.481779e-02 2.652880e-02 -9.951411e-01 -1.732476e+01 -3.294233e-03 9.996310e-01 2.696237e-02 3.882147e-02 9.954892e-01 5.834739e-03 -9.469540e-02 4.230473e+00
-9.295504e-02 2.586238e-02 -9.953344e-01 -1.807208e+01 -5.472811e-03 9.996342e-01 2.648522e-02 4.749678e-02 9.956552e-01 7.909212e-03 -9.277949e-02 4.149300e+00
-9.116201e-02 2.274074e-02 -9.955764e-01 -1.882873e+01 -7.372050e-03 9.996964e-01 2.350989e-02 6.160785e-02 9.958088e-01 9.482647e-03 -9.096669e-02 4.067204e+00
-8.942790e-02 2.198359e-02 -9.957507e-01 -1.961949e+01 -8.842982e-03 9.996995e-01 2.286496e-02 7.217436e-02 9.959540e-01 1.085017e-02 -8.920663e-02 3.990831e+00
-8.820639e-02 2.478527e-02 -9.957938e-01 -2.035598e+01 -5.070790e-03 9.996663e-01 2.533082e-02 7.214234e-02 9.960893e-01 7.283802e-03 -8.805127e-02 3.923746e+00
-8.668697e-02 2.687969e-02 -9.958729e-01 -2.112530e+01 -3.820709e-03 9.996196e-01 2.731339e-02 8.432839e-02 9.962283e-01 6.172656e-03 -8.655129e-02 3.844918e+00
-8.537620e-02 2.886470e-02 -9.959306e-01 -2.192440e+01 -2.016556e-03 9.995732e-01 2.914314e-02 8.592293e-02 9.963468e-01 4.496480e-03 -8.528155e-02 3.768119e+00
-8.496091e-02 2.444427e-02 -9.960844e-01 -2.269529e+01 -1.341800e-03 9.996953e-01 2.464733e-02 9.239857e-02 9.963834e-01 3.430606e-03 -8.490222e-02 3.703778e+00
-8.477139e-02 1.741374e-02 -9.962482e-01 -2.350441e+01 -7.924788e-05 9.998472e-01 1.748339e-02 9.706955e-02 9.964004e-01 1.561042e-03 -8.475706e-02 3.633133e+00
-8.473440e-02 1.283875e-02 -9.963208e-01 -2.432314e+01 2.441496e-03 9.999167e-01 1.267744e-02 1.023547e-01 9.964006e-01 -1.358298e-03 -8.475868e-02 3.555909e+00
-8.531900e-02 1.384202e-02 -9.962575e-01 -2.514893e+01 3.440710e-03 9.999017e-01 1.359799e-02 1.028883e-01 9.963477e-01 -2.267665e-03 -8.535824e-02 3.482813e+00
-8.545744e-02 2.134654e-02 -9.961131e-01 -2.599300e+01 2.885525e-03 9.997716e-01 2.117739e-02 1.035572e-01 9.963377e-01 -1.064544e-03 -8.549951e-02 3.409190e+00
-8.580501e-02 2.863259e-02 -9.959005e-01 -2.681046e+01 1.596400e-03 9.995896e-01 2.860112e-02 1.112636e-01 9.963107e-01 8.642635e-04 -8.581550e-02 3.340234e+00
-8.710972e-02 3.469058e-02 -9.955945e-01 -2.778372e+01 2.793995e-03 9.993981e-01 3.457865e-02 1.416121e-01 9.961948e-01 2.304513e-04 -8.715422e-02 3.239405e+00
-8.782757e-02 3.519358e-02 -9.955138e-01 -2.861599e+01 6.067552e-04 9.993774e-01 3.527664e-02 1.467065e-01 9.961355e-01 2.494228e-03 -8.779424e-02 3.164651e+00
-8.763408e-02 3.166609e-02 -9.956493e-01 -2.946739e+01 9.245508e-04 9.994968e-01 3.170707e-02 1.620532e-01 9.961523e-01 1.858092e-03 -8.761925e-02 3.066120e+00
-8.817898e-02 2.909585e-02 -9.956796e-01 -3.029599e+01 4.305908e-04 9.995743e-01 2.917153e-02 1.707826e-01 9.961045e-01 2.143586e-03 -8.815398e-02 2.989816e+00
-8.817231e-02 3.053589e-02 -9.956371e-01 -3.112588e+01 -1.770884e-03 9.995236e-01 3.081192e-02 1.715686e-01 9.961036e-01 4.479915e-03 -8.807623e-02 2.908604e+00
-8.790089e-02 3.275008e-02 -9.955907e-01 -3.198149e+01 -1.919333e-03 9.994520e-01 3.304655e-02 1.851313e-01 9.961274e-01 4.815692e-03 -8.778986e-02 2.819059e+00
-8.782610e-02 3.096790e-02 -9.956543e-01 -3.282084e+01 -3.043898e-03 9.995036e-01 3.135613e-02 1.937695e-01 9.961312e-01 5.784556e-03 -8.768824e-02 2.733386e+00
-8.765785e-02 2.636695e-02 -9.958016e-01 -3.364784e+01 -4.318592e-03 9.996302e-01 2.684847e-02 1.902925e-01 9.961413e-01 6.653940e-03 -8.751157e-02 2.658978e+00
-8.723550e-02 2.198269e-02 -9.959452e-01 -3.446233e+01 -5.601597e-03 9.997299e-01 2.255687e-02 2.038501e-01 9.961720e-01 7.546643e-03 -8.708879e-02 2.567695e+00
-8.650178e-02 2.285323e-02 -9.959896e-01 -3.528506e+01 -5.097024e-03 9.997136e-01 2.338135e-02 2.058747e-01 9.962386e-01 7.099111e-03 -8.636053e-02 2.483802e+00
-8.623028e-02 2.572374e-02 -9.959431e-01 -3.612482e+01 -4.274982e-03 9.996479e-01 2.618956e-02 2.026964e-01 9.962661e-01 6.515972e-03 -8.608994e-02 2.412152e+00
-8.535334e-02 3.050242e-02 -9.958837e-01 -3.699892e+01 -3.700372e-03 9.995147e-01 3.093078e-02 2.179711e-01 9.963439e-01 6.325185e-03 -8.519904e-02 2.321467e+00
-8.466104e-02 3.593108e-02 -9.957618e-01 -3.782295e+01 -3.020633e-03 9.993358e-01 3.631686e-02 2.307552e-01 9.964052e-01 6.082454e-03 -8.449627e-02 2.246549e+00
-8.478794e-02 3.910798e-02 -9.956312e-01 -3.867641e+01 -3.303119e-03 9.992129e-01 3.952996e-02 2.431778e-01 9.963936e-01 6.640352e-03 -8.459203e-02 2.163532e+00
-8.405434e-02 3.899805e-02 -9.956977e-01 -3.951550e+01 -3.684573e-03 9.992149e-01 3.944685e-02 2.597341e-01 9.964544e-01 6.984400e-03 -8.384466e-02 2.077455e+00
-8.440463e-02 3.429018e-02 -9.958414e-01 -4.033073e+01 -3.314306e-03 9.993925e-01 3.469337e-02 2.803556e-01 9.964260e-01 6.228804e-03 -8.423971e-02 2.013322e+00
-8.386884e-02 2.990139e-02 -9.960281e-01 -4.115067e+01 -4.145042e-03 9.995306e-01 3.035557e-02 2.932072e-01 9.964682e-01 6.674464e-03 -8.370553e-02 1.936334e+00
-8.361655e-02 2.746754e-02 -9.961194e-01 -4.200397e+01 -8.457560e-03 9.995645e-01 2.827248e-02 2.975232e-01 9.964621e-01 1.078879e-02 -8.334783e-02 1.848339e+00
-8.454246e-02 2.528374e-02 -9.960991e-01 -4.284682e+01 -1.155334e-02 9.995859e-01 2.635282e-02 3.187171e-01 9.963529e-01 1.373621e-02 -8.421534e-02 1.777347e+00
-8.525977e-02 2.304252e-02 -9.960923e-01 -4.367601e+01 -9.531328e-03 9.996679e-01 2.394106e-02 3.265483e-01 9.963132e-01 1.153529e-02 -8.501183e-02 1.700446e+00
-8.633048e-02 1.982345e-02 -9.960693e-01 -4.449910e+01 -5.787375e-03 9.997752e-01 2.039880e-02 3.264194e-01 9.962497e-01 7.525665e-03 -8.619634e-02 1.628144e+00
-8.728509e-02 1.817971e-02 -9.960175e-01 -4.531023e+01 -1.648611e-03 9.998295e-01 1.839377e-02 3.340112e-01 9.961820e-01 3.247547e-03 -8.724023e-02 1.559321e+00
-8.920050e-02 2.202942e-02 -9.957700e-01 -4.613151e+01 -1.488546e-03 9.997513e-01 2.225084e-02 3.312961e-01 9.960126e-01 3.467036e-03 -8.914553e-02 1.481807e+00
-9.077890e-02 2.846442e-02 -9.954642e-01 -4.695123e+01 1.103907e-03 9.995937e-01 2.848183e-02 3.336436e-01 9.958705e-01 1.486649e-03 -9.077344e-02 1.401583e+00
-9.288158e-02 3.234733e-02 -9.951516e-01 -4.777688e+01 3.015799e-03 9.994767e-01 3.220644e-02 3.365382e-01 9.956726e-01 -9.791985e-06 -9.293053e-02 1.331826e+00
-9.409788e-02 3.120827e-02 -9.950737e-01 -4.858976e+01 2.776432e-03 9.995129e-01 3.108494e-02 3.454018e-01 9.955591e-01 1.622730e-04 -9.413870e-02 1.242826e+00
-9.526512e-02 2.753193e-02 -9.950711e-01 -4.937988e+01 -6.993946e-04 9.996154e-01 2.772462e-02 3.480129e-01 9.954517e-01 3.337137e-03 -9.520922e-02 1.161577e+00
-9.648034e-02 2.367417e-02 -9.950533e-01 -5.017168e+01 -5.245042e-03 9.996911e-01 2.429307e-02 3.597693e-01 9.953211e-01 7.562901e-03 -9.632637e-02 1.069082e+00
-9.807915e-02 2.221193e-02 -9.949307e-01 -5.097954e+01 -9.252033e-03 9.996873e-01 2.323018e-02 3.646334e-01 9.951356e-01 1.148353e-02 -9.784298e-02 9.897373e-01
-9.888047e-02 2.397276e-02 -9.948105e-01 -5.179076e+01 -1.167796e-02 9.996130e-01 2.524923e-02 3.522111e-01 9.950308e-01 1.411401e-02 -9.856225e-02 9.402312e-01
-9.999421e-02 2.537842e-02 -9.946643e-01 -5.258502e+01 -1.131208e-02 9.995810e-01 2.664108e-02 3.600931e-01 9.949237e-01 1.391567e-02 -9.966523e-02 8.590048e-01
-1.009403e-01 2.502207e-02 -9.945778e-01 -5.336126e+01 -1.397669e-02 9.995493e-01 2.656565e-02 3.619430e-01 9.947943e-01 1.658245e-02 -1.005451e-01 7.775393e-01
-1.018014e-01 2.511054e-02 -9.944878e-01 -5.411298e+01 -1.459225e-02 9.995362e-01 2.673175e-02 3.612786e-01 9.946977e-01 1.723314e-02 -1.013877e-01 6.976961e-01
-1.024242e-01 2.713015e-02 -9.943708e-01 -5.490211e+01 -1.311260e-02 9.995043e-01 2.862086e-02 3.638381e-01 9.946544e-01 1.597025e-02 -1.020177e-01 6.135849e-01
-1.023738e-01 2.967491e-02 -9.943033e-01 -5.568413e+01 -1.233135e-02 9.994403e-01 3.109786e-02 3.786767e-01 9.946696e-01 1.544471e-02 -1.019506e-01 5.229285e-01
-1.025459e-01 3.398400e-02 -9.941476e-01 -5.644513e+01 -1.259409e-02 9.992918e-01 3.545892e-02 3.825103e-01 9.946485e-01 1.615655e-02 -1.020453e-01 4.362012e-01
-1.028424e-01 3.612696e-02 -9.940414e-01 -5.720802e+01 -1.220956e-02 9.992191e-01 3.757833e-02 3.939454e-01 9.946227e-01 1.600145e-02 -1.023209e-01 3.455509e-01
-1.035720e-01 3.601271e-02 -9.939698e-01 -5.799773e+01 -1.130844e-02 9.992371e-01 3.738189e-02 4.039483e-01 9.945577e-01 1.511197e-02 -1.030858e-01 2.490792e-01
-1.039220e-01 3.414614e-02 -9.939991e-01 -5.873592e+01 -1.079131e-02 9.993129e-01 3.545690e-02 4.144041e-01 9.945269e-01 1.441130e-02 -1.034821e-01 1.770039e-01
-1.043679e-01 3.069446e-02 -9.940650e-01 -5.948092e+01 -1.064247e-02 9.994319e-01 3.197754e-02 4.175512e-01 9.944818e-01 1.391674e-02 -1.039820e-01 1.051572e-01
-1.040869e-01 2.809361e-02 -9.941713e-01 -6.020366e+01 -1.132748e-02 9.995027e-01 2.943022e-02 4.155573e-01 9.945037e-01 1.432475e-02 -1.037169e-01 1.630276e-02
-1.030202e-01 2.545540e-02 -9.943535e-01 -6.093384e+01 -1.168212e-02 9.995726e-01 2.679934e-02 4.294122e-01 9.946107e-01 1.437702e-02 -1.026788e-01 -6.030889e-02
-1.009612e-01 2.486296e-02 -9.945797e-01 -6.163935e+01 -1.426116e-02 9.995488e-01 2.643485e-02 4.289337e-01 9.947882e-01 1.685275e-02 -1.005610e-01 -1.360815e-01
-9.698899e-02 2.566832e-02 -9.949544e-01 -6.233010e+01 -1.471422e-02 9.995211e-01 2.722049e-02 4.349171e-01 9.951767e-01 1.728006e-02 -9.656486e-02 -2.068378e-01
-9.124612e-02 2.738866e-02 -9.954517e-01 -6.300092e+01 -1.379861e-02 9.994910e-01 2.876462e-02 4.365250e-01 9.957328e-01 1.636051e-02 -9.082175e-02 -2.670693e-01
-8.350927e-02 2.889210e-02 -9.960881e-01 -6.366155e+01 -1.296609e-02 9.994635e-01 3.007704e-02 4.402721e-01 9.964226e-01 1.542707e-02 -8.308984e-02 -3.342641e-01
-7.507082e-02 3.021607e-02 -9.967203e-01 -6.429733e+01 -1.397524e-02 9.994107e-01 3.135021e-02 4.448479e-01 9.970803e-01 1.628289e-02 -7.460431e-02 -3.771370e-01
-6.344192e-02 3.218812e-02 -9.974663e-01 -6.490620e+01 -1.611482e-02 9.993164e-01 3.327277e-02 4.435602e-01 9.978554e-01 1.818487e-02 -6.287985e-02 -4.143544e-01
-4.850569e-02 3.337540e-02 -9.982651e-01 -6.551508e+01 -1.865880e-02 9.992369e-01 3.431452e-02 4.566901e-01 9.986486e-01 2.029088e-02 -4.784593e-02 -4.454242e-01
-3.000034e-02 3.508525e-02 -9.989339e-01 -6.609584e+01 -2.083599e-02 9.991447e-01 3.571841e-02 4.534616e-01 9.993327e-01 2.188534e-02 -2.924365e-02 -4.650619e-01
-7.874276e-03 3.572215e-02 -9.993308e-01 -6.665200e+01 -2.177598e-02 9.991186e-01 3.588615e-02 4.624000e-01 9.997318e-01 2.204399e-02 -7.089450e-03 -4.618928e-01
1.687681e-02 3.565746e-02 -9.992216e-01 -6.720644e+01 -2.145098e-02 9.991468e-01 3.529248e-02 4.737107e-01 9.996275e-01 2.083865e-02 1.762730e-02 -4.236157e-01
4.641853e-02 3.568717e-02 -9.982844e-01 -6.771434e+01 -1.965029e-02 9.992009e-01 3.480623e-02 4.739202e-01 9.987288e-01 1.800092e-02 4.708270e-02 -3.895836e-01
8.075321e-02 3.567377e-02 -9.960955e-01 -6.822304e+01 -1.882402e-02 9.992356e-01 3.426016e-02 4.808051e-01 9.965563e-01 1.598391e-02 8.136301e-02 -3.300620e-01
1.182922e-01 3.591239e-02 -9.923292e-01 -6.870858e+01 -1.822068e-02 9.992560e-01 3.399105e-02 4.907869e-01 9.928116e-01 1.406004e-02 1.188586e-01 -2.471158e-01
1.589911e-01 3.594256e-02 -9.866256e-01 -6.918167e+01 -1.760455e-02 9.992814e-01 3.356670e-02 4.877003e-01 9.871231e-01 1.203230e-02 1.595096e-01 -1.414948e-01
2.041240e-01 3.672440e-02 -9.782559e-01 -6.963084e+01 -1.654931e-02 9.992827e-01 3.406056e-02 4.976847e-01 9.788051e-01 9.236880e-03 2.045854e-01 -2.160710e-02
2.523203e-01 3.501637e-02 -9.670100e-01 -7.008177e+01 -1.390417e-02 9.993731e-01 3.256028e-02 5.064731e-01 9.675439e-01 5.229851e-03 2.526489e-01 1.340495e-01
3.030636e-01 3.034133e-02 -9.524872e-01 -7.048136e+01 -6.717771e-03 9.995362e-01 2.970260e-02 5.046144e-01 9.529467e-01 -2.603185e-03 3.031268e-01 2.926746e-01
3.542202e-01 2.526494e-02 -9.348207e-01 -7.087245e+01 -1.544379e-03 9.996494e-01 2.643185e-02 5.046770e-01 9.351608e-01 -7.918974e-03 3.541350e-01 4.842667e-01
4.073811e-01 2.061460e-02 -9.130256e-01 -7.127185e+01 3.126183e-03 9.997079e-01 2.396661e-02 5.103772e-01 9.132529e-01 -1.261783e-02 4.071977e-01 6.911071e-01
4.586423e-01 2.023906e-02 -8.883905e-01 -7.165515e+01 2.877126e-03 9.997016e-01 2.426026e-02 5.158624e-01 8.886163e-01 -1.368279e-02 4.584472e-01 9.280407e-01
5.071433e-01 1.900671e-02 -8.616522e-01 -7.201566e+01 4.571443e-03 9.996834e-01 2.474209e-02 5.219325e-01 8.618497e-01 -1.648678e-02 5.068958e-01 1.179272e+00
5.511634e-01 1.529827e-02 -8.342571e-01 -7.234662e+01 1.244602e-02 9.995700e-01 2.655235e-02 5.144498e-01 8.343045e-01 -2.501787e-02 5.507360e-01 1.473211e+00
5.975052e-01 9.064728e-03 -8.018138e-01 -7.283056e+01 2.342098e-02 9.993122e-01 2.875063e-02 4.976091e-01 8.015229e-01 -3.595791e-02 5.968819e-01 1.756186e+00
6.400812e-01 3.731712e-03 -7.682982e-01 -7.314816e+01 2.500742e-02 9.993572e-01 2.568807e-02 5.040520e-01 7.679002e-01 -3.565561e-02 6.395764e-01 2.071467e+00
6.815153e-01 3.070638e-04 -7.318038e-01 -7.345506e+01 2.089993e-02 9.995838e-01 1.988314e-02 4.943966e-01 7.315054e-01 -2.884531e-02 6.812252e-01 2.396392e+00
7.222036e-01 -6.100097e-03 -6.916537e-01 -7.373102e+01 1.674651e-02 9.998222e-01 8.668173e-03 4.986861e-01 6.914778e-01 -1.784297e-02 7.221773e-01 2.726668e+00
7.615900e-01 -8.956573e-03 -6.479973e-01 -7.399276e+01 1.213368e-02 9.999263e-01 4.397836e-04 5.032994e-01 6.479456e-01 -8.197529e-03 7.616425e-01 3.073413e+00
7.987001e-01 -9.665033e-03 -6.016517e-01 -7.424351e+01 1.038716e-02 9.999435e-01 -2.274167e-03 4.988956e-01 6.016397e-01 -4.433078e-03 7.987553e-01 3.464832e+00
8.328454e-01 -1.116406e-02 -5.533931e-01 -7.449865e+01 1.068128e-02 9.999346e-01 -4.097406e-03 5.001729e-01 5.534027e-01 -2.498441e-03 8.329101e-01 3.899289e+00
8.636680e-01 -9.565358e-03 -5.039703e-01 -7.473753e+01 7.457284e-03 9.999530e-01 -6.199354e-03 4.943507e-01 5.040060e-01 1.595934e-03 8.636987e-01 4.356534e+00
8.898950e-01 -7.128549e-03 -4.561098e-01 -7.494845e+01 5.745989e-03 9.999737e-01 -4.417873e-03 4.779205e-01 4.561293e-01 1.310641e-03 8.899125e-01 4.819715e+00
9.112716e-01 -8.562873e-04 -4.118049e-01 -7.514990e+01 -6.359988e-04 9.999937e-01 -3.486722e-03 4.709173e-01 4.118053e-01 3.439259e-03 9.112654e-01 5.318218e+00
9.288031e-01 3.305400e-03 -3.705587e-01 -7.534322e+01 -5.679501e-03 9.999697e-01 -5.315861e-03 4.700318e-01 3.705299e-01 7.041977e-03 9.287938e-01 5.853378e+00
9.426076e-01 9.069299e-03 -3.337792e-01 -7.555676e+01 -1.100280e-02 9.999319e-01 -3.902703e-03 4.688968e-01 3.337211e-01 7.351224e-03 9.426432e-01 6.437007e+00
9.525701e-01 9.544364e-03 -3.041696e-01 -7.569269e+01 -1.060156e-02 9.999421e-01 -1.824368e-03 4.565716e-01 3.041346e-01 4.962511e-03 9.526162e-01 6.961784e+00
9.600722e-01 9.091184e-03 -2.796045e-01 -7.585373e+01 -9.531489e-03 9.999545e-01 -2.151149e-04 4.442271e-01 2.795898e-01 2.871573e-03 9.601153e-01 7.549886e+00
9.659238e-01 9.528643e-03 -2.586509e-01 -7.598283e+01 -9.289019e-03 9.999545e-01 2.148550e-03 4.283579e-01 2.586596e-01 3.272774e-04 9.659685e-01 8.104887e+00
9.706088e-01 1.210600e-02 -2.403579e-01 -7.613063e+01 -1.131943e-02 9.999251e-01 4.652879e-03 4.214110e-01 2.403962e-01 -1.795412e-03 9.706732e-01 8.717026e+00
9.742301e-01 1.761493e-02 -2.248675e-01 -7.628322e+01 -1.666457e-02 9.998424e-01 6.123703e-03 4.170544e-01 2.249399e-01 -2.218575e-03 9.743701e-01 9.354661e+00
9.771012e-01 2.052352e-02 -2.117830e-01 -7.641486e+01 -1.941591e-02 9.997848e-01 7.308378e-03 4.143429e-01 2.118874e-01 -3.029065e-03 9.772894e-01 9.992885e+00
9.798765e-01 1.994925e-02 -1.986057e-01 -7.654825e+01 -1.886041e-02 9.997950e-01 7.372851e-03 3.989724e-01 1.987120e-01 -3.478700e-03 9.800518e-01 1.066797e+01
9.826174e-01 1.961830e-02 -1.846029e-01 -7.669131e+01 -1.864221e-02 9.998016e-01 7.021848e-03 3.992575e-01 1.847040e-01 -3.458384e-03 9.827881e-01 1.138356e+01
9.852010e-01 2.063689e-02 -1.701563e-01 -7.680724e+01 -1.964057e-02 9.997787e-01 7.536706e-03 3.988746e-01 1.702742e-01 -4.083203e-03 9.853883e-01 1.207455e+01
9.875149e-01 2.271726e-02 -1.558792e-01 -7.691833e+01 -2.170997e-02 9.997310e-01 8.161647e-03 3.902028e-01 1.560226e-01 -4.675616e-03 9.877424e-01 1.278200e+01
9.894630e-01 2.282432e-02 -1.429753e-01 -7.702480e+01 -2.227661e-02 9.997371e-01 5.430564e-03 3.814098e-01 1.430616e-01 -2.188338e-03 9.897113e-01 1.350360e+01
9.909552e-01 2.287471e-02 -1.322288e-01 -7.711559e+01 -2.305191e-02 9.997342e-01 1.907294e-04 3.714338e-01 1.321981e-01 2.859124e-03 9.912192e-01 1.423776e+01
9.922271e-01 2.128868e-02 -1.226060e-01 -7.720584e+01 -2.219315e-02 9.997356e-01 -6.015932e-03 3.628197e-01 1.224455e-01 8.690184e-03 9.924372e-01 1.497045e+01
9.932108e-01 2.129420e-02 -1.143631e-01 -7.729378e+01 -2.212316e-02 9.997373e-01 -5.984014e-03 3.512971e-01 1.142056e-01 8.473459e-03 9.934210e-01 1.572430e+01
9.939209e-01 2.340836e-02 -1.075788e-01 -7.741269e+01 -2.337689e-02 9.997255e-01 1.553859e-03 3.336216e-01 1.075857e-01 9.704454e-04 9.941953e-01 1.661485e+01
9.943004e-01 2.852798e-02 -1.027274e-01 -7.749786e+01 -2.765770e-02 9.995686e-01 9.886486e-03 3.172157e-01 1.029651e-01 -6.988935e-03 9.946604e-01 1.738583e+01
9.947197e-01 2.949751e-02 -9.829895e-02 -7.757767e+01 -2.828370e-02 9.995058e-01 1.371909e-02 3.072302e-01 9.865505e-02 -1.086639e-02 9.950624e-01 1.814769e+01
9.950569e-01 2.844979e-02 -9.514425e-02 -7.764967e+01 -2.736705e-02 9.995452e-01 1.266586e-02 2.988746e-01 9.546132e-02 -9.999436e-03 9.953829e-01 1.891207e+01
9.953472e-01 2.882586e-02 -9.194033e-02 -7.772923e+01 -2.784602e-02 9.995411e-01 1.192270e-02 2.886342e-01 9.224182e-02 -9.307054e-03 9.956931e-01 1.969938e+01
9.956529e-01 2.771557e-02 -8.892174e-02 -7.780279e+01 -2.655108e-02 9.995459e-01 1.425208e-02 2.814937e-01 8.927637e-02 -1.182916e-02 9.959366e-01 2.047073e+01
9.959221e-01 2.574569e-02 -8.646557e-02 -7.787182e+01 -2.437260e-02 9.995601e-01 1.689873e-02 2.754499e-01 8.686261e-02 -1.472243e-02 9.961115e-01 2.124347e+01
9.962236e-01 2.426962e-02 -8.336371e-02 -7.793890e+01 -2.278416e-02 9.995651e-01 1.872454e-02 2.683063e-01 8.378189e-02 -1.675446e-02 9.963433e-01 2.202247e+01
9.964700e-01 2.330718e-02 -8.064903e-02 -7.800157e+01 -2.216578e-02 9.996415e-01 1.501925e-02 2.654960e-01 8.097017e-02 -1.317858e-02 9.966294e-01 2.277419e+01
9.965545e-01 2.629988e-02 -7.866067e-02 -7.807612e+01 -2.575223e-02 9.996366e-01 7.968748e-03 2.562592e-01 7.884166e-02 -5.915604e-03 9.968696e-01 2.352664e+01
9.966372e-01 2.698590e-02 -7.736905e-02 -7.813577e+01 -2.702067e-02 9.996347e-01 5.975512e-04 2.426246e-01 7.735691e-02 1.495022e-03 9.970024e-01 2.428724e+01
9.967111e-01 2.747806e-02 -7.623652e-02 -7.819479e+01 -2.782793e-02 9.996065e-01 -3.530592e-03 2.329273e-01 7.610951e-02 5.640485e-03 9.970835e-01 2.504242e+01
9.968213e-01 2.914646e-02 -7.414680e-02 -7.825464e+01 -2.936190e-02 9.995672e-01 -1.816885e-03 2.201807e-01 7.406175e-02 3.988201e-03 9.972457e-01 2.579995e+01
9.969144e-01 3.233061e-02 -7.152941e-02 -7.832412e+01 -3.223522e-02 9.994772e-01 2.487856e-03 2.021786e-01 7.157245e-02 -1.744129e-04 9.974354e-01 2.656635e+01
9.969599e-01 3.600849e-02 -6.909630e-02 -7.839321e+01 -3.555742e-02 9.993376e-01 7.747345e-03 1.891346e-01 6.932950e-02 -5.266906e-03 9.975799e-01 2.730590e+01
9.972170e-01 3.355394e-02 -6.657615e-02 -7.844680e+01 -3.298488e-02 9.994095e-01 9.628855e-03 1.800128e-01 6.685992e-02 -7.406052e-03 9.977349e-01 2.808202e+01
9.974014e-01 3.153906e-02 -6.477423e-02 -7.850902e+01 -3.098699e-02 9.994745e-01 9.510261e-03 1.717174e-01 6.504014e-02 -7.478389e-03 9.978547e-01 2.880820e+01
9.975003e-01 2.921796e-02 -6.433889e-02 -7.854514e+01 -2.864872e-02 9.995419e-01 9.752617e-03 1.571091e-01 6.459437e-02 -7.885012e-03 9.978805e-01 2.953826e+01
9.976275e-01 2.960361e-02 -6.215293e-02 -7.857504e+01 -2.911182e-02 9.995374e-01 8.803575e-03 1.464928e-01 6.238480e-02 -6.973304e-03 9.980278e-01 3.038931e+01
9.977720e-01 2.776644e-02 -6.066412e-02 -7.864311e+01 -2.736047e-02 9.995974e-01 7.512656e-03 1.413910e-01 6.084830e-02 -5.836118e-03 9.981300e-01 3.112514e+01
9.978447e-01 2.669777e-02 -5.994345e-02 -7.869862e+01 -2.626507e-02 9.996231e-01 7.995009e-03 1.249410e-01 6.013431e-02 -6.403358e-03 9.981698e-01 3.188197e+01
9.978130e-01 2.972214e-02 -5.903993e-02 -7.875671e+01 -2.922877e-02 9.995304e-01 9.202937e-03 1.164713e-01 5.928573e-02 -7.457146e-03 9.982132e-01 3.264458e+01
9.978551e-01 2.940120e-02 -5.848747e-02 -7.882130e+01 -2.897947e-02 9.995476e-01 8.045963e-03 1.147658e-01 5.869758e-02 -6.333769e-03 9.982557e-01 3.340978e+01
9.978049e-01 2.941135e-02 -5.933272e-02 -7.889759e+01 -2.895985e-02 9.995448e-01 8.455434e-03 1.006852e-01 5.955440e-02 -6.718606e-03 9.982024e-01 3.413486e+01
9.977283e-01 2.716277e-02 -6.164635e-02 -7.893834e+01 -2.664323e-02 9.996024e-01 9.234379e-03 8.780980e-02 6.187266e-02 -7.570945e-03 9.980553e-01 3.492721e+01
9.974436e-01 2.828529e-02 -6.562208e-02 -7.897610e+01 -2.777341e-02 9.995764e-01 8.699656e-03 9.638583e-02 6.584036e-02 -6.854867e-03 9.978066e-01 3.579817e+01
9.971219e-01 3.312953e-02 -6.819392e-02 -7.904388e+01 -3.259729e-02 9.994289e-01 8.903190e-03 7.756487e-02 6.844993e-02 -6.654628e-03 9.976324e-01 3.659468e+01
9.969108e-01 3.357773e-02 -7.100349e-02 -7.910867e+01 -3.337881e-02 9.994348e-01 3.986574e-03 7.090773e-02 7.109722e-02 -1.604246e-03 9.974681e-01 3.738476e+01
9.966921e-01 3.444668e-02 -7.360896e-02 -7.916822e+01 -3.450820e-02 9.994043e-01 4.361416e-04 6.586815e-02 7.358013e-02 2.105414e-03 9.972871e-01 3.816991e+01
9.965960e-01 3.348135e-02 -7.533491e-02 -7.924308e+01 -3.364800e-02 9.994333e-01 -9.436387e-04 5.643898e-02 7.526062e-02 3.475296e-03 9.971578e-01 3.898205e+01
9.964307e-01 3.418962e-02 -7.718093e-02 -7.931895e+01 -3.425235e-02 9.994131e-01 5.112285e-04 4.468840e-02 7.715311e-02 2.134224e-03 9.970170e-01 3.979189e+01
9.962857e-01 3.303919e-02 -7.951850e-02 -7.938470e+01 -3.299854e-02 9.994537e-01 1.825633e-03 2.307015e-02 7.953538e-02 8.051421e-04 9.968317e-01 4.062336e+01
9.961994e-01 3.256628e-02 -8.078478e-02 -7.945721e+01 -3.235486e-02 9.994687e-01 3.925034e-03 6.434826e-03 8.086968e-02 -1.296336e-03 9.967238e-01 4.141615e+01
9.960966e-01 3.269246e-02 -8.199327e-02 -7.953127e+01 -3.217579e-02 9.994532e-01 7.615118e-03 -2.673462e-03 8.219741e-02 -4.947194e-03 9.966038e-01 4.225142e+01
9.960486e-01 3.207007e-02 -8.281724e-02 -7.960607e+01 -3.115483e-02 9.994386e-01 1.232037e-02 -5.681790e-03 8.316587e-02 -9.691527e-03 9.964886e-01 4.309725e+01
9.960938e-01 3.167398e-02 -8.242599e-02 -7.967648e+01 -3.062711e-02 9.994338e-01 1.393455e-02 -4.897701e-03 8.282068e-02 -1.135565e-02 9.964998e-01 4.395707e+01
9.961272e-01 3.529200e-02 -8.052926e-02 -7.974792e+01 -3.421805e-02 9.993066e-01 1.467788e-02 -1.855552e-02 8.099143e-02 -1.186548e-02 9.966441e-01 4.479428e+01
9.962511e-01 3.514004e-02 -7.905015e-02 -7.981126e+01 -3.418144e-02 9.993252e-01 1.344748e-02 -2.626771e-02 7.946935e-02 -1.069502e-02 9.967799e-01 4.565333e+01
9.964253e-01 3.295744e-02 -7.778404e-02 -7.987879e+01 -3.219470e-02 9.994206e-01 1.103998e-02 -2.901675e-02 7.810283e-02 -8.496284e-03 9.969091e-01 4.652448e+01
9.966936e-01 2.920692e-02 -7.582196e-02 -7.994412e+01 -2.853666e-02 9.995436e-01 9.908672e-03 -4.326564e-02 7.607676e-02 -7.712205e-03 9.970722e-01 4.739338e+01
9.969111e-01 2.766547e-02 -7.350416e-02 -8.002644e+01 -2.702010e-02 9.995872e-01 9.760061e-03 -5.414387e-02 7.374384e-02 -7.743824e-03 9.972472e-01 4.826585e+01
9.971290e-01 2.630949e-02 -7.100352e-02 -8.014046e+01 -2.539468e-02 9.995828e-01 1.375626e-02 -8.038382e-02 7.133581e-02 -1.191366e-02 9.973812e-01 4.917931e+01
9.972672e-01 2.375165e-02 -6.995764e-02 -8.020163e+01 -2.265941e-02 9.996093e-01 1.636541e-02 -8.490107e-02 7.031900e-02 -1.473549e-02 9.974157e-01 5.005210e+01
9.973382e-01 2.350293e-02 -6.902189e-02 -8.026838e+01 -2.239610e-02 9.996086e-01 1.676634e-02 -9.176578e-02 6.938893e-02 -1.517589e-02 9.974743e-01 5.090569e+01
9.973699e-01 2.525088e-02 -6.793805e-02 -8.033906e+01 -2.438263e-02 9.996105e-01 1.357905e-02 -9.602649e-02 6.825447e-02 -1.188683e-02 9.975972e-01 5.177236e+01
9.973529e-01 2.680299e-02 -6.759325e-02 -8.039742e+01 -2.632332e-02 9.996216e-01 7.977211e-03 -1.059179e-01 6.778149e-02 -6.176815e-03 9.976811e-01 5.261588e+01
9.973896e-01 2.855582e-02 -6.632154e-02 -8.047035e+01 -2.843363e-02 9.995918e-01 2.785702e-03 -1.179913e-01 6.637402e-02 -8.926676e-04 9.977944e-01 5.347049e+01
9.972827e-01 3.317790e-02 -6.577484e-02 -8.054030e+01 -3.346935e-02 9.994342e-01 -3.333666e-03 -1.264951e-01 6.562702e-02 5.526049e-03 9.978289e-01 5.433211e+01
9.973678e-01 3.305954e-02 -6.453337e-02 -8.060293e+01 -3.336486e-02 9.994366e-01 -3.658964e-03 -1.514159e-01 6.437605e-02 5.802480e-03 9.979088e-01 5.516886e+01
9.974746e-01 3.060524e-02 -6.409128e-02 -8.066862e+01 -3.054984e-02 9.995316e-01 1.844399e-03 -1.593823e-01 6.411771e-02 1.182376e-04 9.979423e-01 5.603981e+01
9.974236e-01 3.052237e-02 -6.491967e-02 -8.072018e+01 -2.989142e-02 9.994962e-01 1.066840e-02 -1.686237e-01 6.521259e-02 -8.700375e-03 9.978335e-01 5.688456e+01
9.973900e-01 2.978456e-02 -6.577287e-02 -8.078580e+01 -2.863664e-02 9.994218e-01 1.832731e-02 -1.792910e-01 6.628072e-02 -1.639596e-02 9.976663e-01 5.773675e+01
9.972848e-01 2.755821e-02 -6.829063e-02 -8.084305e+01 -2.648275e-02 9.995114e-01 1.660401e-02 -1.869418e-01 6.871483e-02 -1.475040e-02 9.975273e-01 5.857529e+01
9.972690e-01 2.279925e-02 -7.024815e-02 -8.090538e+01 -2.197541e-02 9.996806e-01 1.247825e-02 -1.820902e-01 7.051021e-02 -1.090044e-02 9.974515e-01 5.942447e+01
9.971445e-01 2.079366e-02 -7.259870e-02 -8.097264e+01 -2.002477e-02 9.997356e-01 1.130293e-02 -1.909044e-01 7.281452e-02 -9.816882e-03 9.972972e-01 6.025467e+01
9.968809e-01 2.286865e-02 -7.553388e-02 -8.104040e+01 -2.225125e-02 9.997119e-01 9.005393e-03 -2.006419e-01 7.571806e-02 -7.296581e-03 9.971026e-01 6.107968e+01
9.965867e-01 2.461524e-02 -7.879722e-02 -8.111957e+01 -2.425774e-02 9.996907e-01 5.491086e-03 -2.057688e-01 7.890801e-02 -3.560901e-03 9.968755e-01 6.190404e+01
9.962161e-01 2.547168e-02 -8.309514e-02 -8.119572e+01 -2.537648e-02 9.996755e-01 2.201802e-03 -2.190236e-01 8.312427e-02 -8.480821e-05 9.965392e-01 6.271151e+01
9.959151e-01 2.703016e-02 -8.615357e-02 -8.127744e+01 -2.726208e-02 9.996272e-01 -1.516268e-03 -2.355532e-01 8.608046e-02 3.858799e-03 9.962807e-01 6.352465e+01
9.954325e-01 3.221000e-02 -8.987042e-02 -8.135285e+01 -3.247947e-02 9.994712e-01 -1.537227e-03 -2.507584e-01 8.977339e-02 4.449150e-03 9.959523e-01 6.434562e+01
9.950517e-01 3.492688e-02 -9.301686e-02 -8.145467e+01 -3.505855e-02 9.993852e-01 2.186238e-04 -2.619618e-01 9.296730e-02 3.043494e-03 9.956645e-01 6.513132e+01
9.948505e-01 3.957286e-02 -9.330829e-02 -8.159839e+01 -3.906849e-02 9.992104e-01 7.226686e-03 -2.845867e-01 9.352060e-02 -3.544059e-03 9.956110e-01 6.583529e+01
9.944599e-01 3.957076e-02 -9.738456e-02 -8.168362e+01 -3.848393e-02 9.991745e-01 1.301411e-02 -2.957386e-01 9.781914e-02 -9.194265e-03 9.951617e-01 6.662968e+01
9.940190e-01 3.845194e-02 -1.022134e-01 -8.177428e+01 -3.693859e-02 9.991787e-01 1.665828e-02 -2.966549e-01 1.027700e-01 -1.278303e-02 9.946230e-01 6.742625e+01
9.933670e-01 3.786786e-02 -1.085724e-01 -8.187479e+01 -3.612433e-02 9.991855e-01 1.798157e-02 -2.996320e-01 1.091649e-01 -1.394020e-02 9.939259e-01 6.821275e+01
9.927982e-01 3.547136e-02 -1.144268e-01 -8.197031e+01 -3.318016e-02 9.992102e-01 2.186674e-02 -3.010613e-01 1.151120e-01 -1.791256e-02 9.931910e-01 6.898745e+01
9.920945e-01 3.528073e-02 -1.204320e-01 -8.207754e+01 -3.287823e-02 9.992199e-01 2.187868e-02 -3.035645e-01 1.211099e-01 -1.774613e-02 9.924805e-01 6.972146e+01
9.911743e-01 4.057923e-02 -1.262017e-01 -8.219608e+01 -3.821965e-02 9.990473e-01 2.106340e-02 -3.061097e-01 1.269363e-01 -1.605411e-02 9.917809e-01 7.050163e+01
9.902336e-01 4.280422e-02 -1.326849e-01 -8.230062e+01 -4.088533e-02 9.990166e-01 1.715413e-02 -3.032945e-01 1.332887e-01 -1.156173e-02 9.910098e-01 7.124832e+01
9.895013e-01 4.045364e-02 -1.387466e-01 -8.241575e+01 -3.878919e-02 9.991395e-01 1.468055e-02 -3.058942e-01 1.392211e-01 -9.144557e-03 9.902191e-01 7.199233e+01
9.886638e-01 4.179197e-02 -1.442126e-01 -8.253530e+01 -4.027022e-02 9.990982e-01 1.345631e-02 -3.076013e-01 1.446449e-01 -7.496289e-03 9.894552e-01 7.276503e+01
9.879881e-01 4.369256e-02 -1.482244e-01 -8.267458e+01 -4.141678e-02 9.989724e-01 1.840705e-02 -3.062059e-01 1.488764e-01 -1.204697e-02 9.887824e-01 7.352613e+01
9.870375e-01 4.437030e-02 -1.542343e-01 -8.280650e+01 -4.130211e-02 9.988810e-01 2.304228e-02 -3.058694e-01 1.550841e-01 -1.637339e-02 9.877656e-01 7.429796e+01
9.860327e-01 4.363203e-02 -1.607353e-01 -8.293443e+01 -4.015591e-02 9.988853e-01 2.481319e-02 -3.016866e-01 1.616387e-01 -1.801214e-02 9.866856e-01 7.505500e+01
9.849701e-01 4.112388e-02 -1.677579e-01 -8.307078e+01 -3.814922e-02 9.990531e-01 2.091763e-02 -2.968320e-01 1.684593e-01 -1.420341e-02 9.856063e-01 7.580049e+01
9.835415e-01 3.984511e-02 -1.762341e-01 -8.321098e+01 -3.791378e-02 9.991785e-01 1.431389e-02 -2.978706e-01 1.766597e-01 -7.396603e-03 9.842442e-01 7.653292e+01
9.822850e-01 3.930577e-02 -1.832245e-01 -8.337603e+01 -3.759442e-02 9.992110e-01 1.280571e-02 -3.068765e-01 1.835833e-01 -5.690639e-03 9.829877e-01 7.721379e+01
9.802683e-01 3.868609e-02 -1.938489e-01 -8.353713e+01 -3.628029e-02 9.992144e-01 1.594687e-02 -3.111323e-01 1.943135e-01 -8.599314e-03 9.809018e-01 7.795235e+01
9.780877e-01 3.799716e-02 -2.046964e-01 -8.369968e+01 -3.417994e-02 9.991701e-01 2.215303e-02 -3.077787e-01 2.053683e-01 -1.467110e-02 9.785748e-01 7.867413e+01
9.754067e-01 4.074860e-02 -2.166133e-01 -8.387186e+01 -3.511568e-02 9.989391e-01 2.979182e-02 -2.976154e-01 2.175974e-01 -2.145262e-02 9.758028e-01 7.941303e+01
9.729675e-01 4.147165e-02 -2.271878e-01 -8.406853e+01 -3.478207e-02 9.988376e-01 3.337154e-02 -2.931176e-01 2.283077e-01 -2.456736e-02 9.732790e-01 8.014304e+01
9.700370e-01 4.480023e-02 -2.387909e-01 -8.425954e+01 -3.894967e-02 9.988154e-01 2.916586e-02 -2.911935e-01 2.398146e-01 -1.899114e-02 9.706329e-01 8.085870e+01
9.671366e-01 4.378421e-02 -2.504592e-01 -8.446886e+01 -4.004127e-02 9.989974e-01 2.002295e-02 -2.785996e-01 2.510847e-01 -9.336227e-03 9.679201e-01 8.154118e+01
9.639195e-01 4.082670e-02 -2.630447e-01 -8.466791e+01 -3.803648e-02 9.991531e-01 1.569325e-02 -2.746483e-01 2.634626e-01 -5.121735e-03 9.646560e-01 8.225702e+01
9.605433e-01 4.149373e-02 -2.750180e-01 -8.486810e+01 -3.728375e-02 9.990940e-01 2.052039e-02 -2.654794e-01 2.756203e-01 -9.457017e-03 9.612201e-01 8.293780e+01
9.573570e-01 4.250759e-02 -2.857634e-01 -8.510490e+01 -3.605500e-02 9.989629e-01 2.780623e-02 -2.590277e-01 2.866490e-01 -1.631729e-02 9.578967e-01 8.365511e+01
9.537072e-01 4.249270e-02 -2.977194e-01 -8.534563e+01 -3.403878e-02 9.988580e-01 3.352534e-02 -2.546165e-01 2.988040e-01 -2.183935e-02 9.540645e-01 8.437565e+01
9.497201e-01 3.983195e-02 -3.105561e-01 -8.557150e+01 -3.154376e-02 9.990006e-01 3.166706e-02 -2.436236e-01 3.115071e-01 -2.027874e-02 9.500274e-01 8.507281e+01
