1.000000e+00 0.000000e+00 0.000000e+00 0.000000e+00 0.000000e+00 1.000000e+00 0.000000e+00 0.000000e+00 0.000000e+00 0.000000e+00 1.000000e+00 0.000000e+00
9.999803e-01 7.114030e-04 -6.230399e-03 -1.284242e-02 -7.102212e-04 9.999997e-01 1.918920e-04 -1.794559e-03 6.230535e-03 -1.874633e-04 9.999806e-01 9.409548e-02
9.999105e-01 1.316617e-03 -1.331300e-02 -2.154128e-02 -1.314503e-03 9.999991e-01 1.675765e-04 -3.527158e-03 1.331321e-02 -1.500615e-04 9.999114e-01 1.912095e-01
9.997805e-01 1.518196e-03 -2.089844e-02 -3.169991e-02 -1.533215e-03 9.999986e-01 -7.026688e-04 -3.244769e-03 2.089734e-02 7.345563e-04 9.997814e-01 2.884124e-01
9.995412e-01 2.129873e-03 -3.021196e-02 -4.413243e-02 -2.189426e-03 9.999957e-01 -1.938220e-03 -6.405717e-03 3.020770e-02 2.003478e-03 9.995416e-01 3.910034e-01
9.991266e-01 2.178851e-03 -4.172969e-02 -5.704634e-02 -2.331466e-03 9.999908e-01 -3.608908e-03 -5.758913e-03 4.172144e-02 3.703047e-03 9.991224e-01 4.996061e-01
9.984497e-01 1.854882e-03 -5.563102e-02 -7.187591e-02 -2.108846e-03 9.999876e-01 -4.506783e-03 -5.351826e-03 5.562197e-02 4.617113e-03 9.984412e-01 6.205813e-01
9.974388e-01 1.716187e-03 -7.150398e-02 -1.070613e-01 -2.043393e-03 9.999878e-01 -4.503163e-03 -4.952401e-03 7.149538e-02 4.637741e-03 9.974301e-01 7.643262e-01
9.959121e-01 2.123002e-04 -9.032752e-02 -1.364341e-01 -6.271185e-04 9.999894e-01 -4.564023e-03 -5.056721e-03 9.032559e-02 4.602012e-03 9.959016e-01 9.161723e-01
9.939003e-01 -9.342622e-04 -1.102784e-01 -1.732762e-01 4.110238e-04 9.999886e-01 -4.767340e-03 -9.298823e-03 1.102816e-01 4.692933e-03 9.938893e-01 1.077348e+00
9.912050e-01 -9.431744e-04 -1.323317e-01 -2.236000e-01 2.654014e-04 9.999868e-01 -5.139318e-03 -9.911041e-03 1.323348e-01 5.058997e-03 9.911922e-01 1.246927e+00
9.877162e-01 2.615456e-03 -1.562365e-01 -2.887695e-01 -3.695680e-03 9.999712e-01 -6.623950e-03 -1.266033e-02 1.562146e-01 7.119983e-03 9.876975e-01 1.423758e+00
9.834017e-01 6.692096e-03 -1.813183e-01 -3.611185e-01 -8.295851e-03 9.999329e-01 -8.088029e-03 -1.841047e-02 1.812520e-01 9.457971e-03 9.833912e-01 1.606789e+00
9.779612e-01 9.451163e-03 -2.085727e-01 -4.267142e-01 -1.158693e-02 9.998922e-01 -9.020463e-03 -2.536433e-02 2.084649e-01 1.123838e-02 9.779653e-01 1.788117e+00
9.712858e-01 1.041396e-02 -2.376879e-01 -5.103050e-01 -1.297761e-02 9.998732e-01 -9.223536e-03 -2.832697e-02 2.375617e-01 1.204331e-02 9.712978e-01 1.977983e+00
9.632235e-01 1.212208e-02 -2.684279e-01 -5.970196e-01 -1.495131e-02 9.998521e-01 -8.498263e-03 -3.478841e-02 2.682852e-01 1.219907e-02 9.632623e-01 2.176117e+00
9.538087e-01 1.418488e-02 -3.000797e-01 -6.985092e-01 -1.727541e-02 9.998215e-01 -7.648282e-03 -3.508043e-02 2.999176e-01 1.247900e-02 9.538835e-01 2.373101e+00
9.426100e-01 1.657900e-02 -3.334840e-01 -8.058040e-01 -1.984996e-02 9.997824e-01 -6.403228e-03 -4.049039e-02 3.333053e-01 1.265539e-02 9.427340e-01 2.567880e+00
9.300590e-01 1.860655e-02 -3.669389e-01 -9.130872e-01 -2.234990e-02 9.997325e-01 -5.955074e-03 -4.092229e-02 3.667299e-01 1.373961e-02 9.302260e-01 2.747547e+00
9.161362e-01 2.139417e-02 -4.002958e-01 -1.032355e+00 -2.562782e-02 9.996579e-01 -5.225446e-03 -4.328115e-02 4.000470e-01 1.504593e-02 9.163711e-01 2.934327e+00
9.002277e-01 2.197669e-02 -4.348646e-01 -1.170113e+00 -2.670391e-02 9.996321e-01 -4.762379e-03 -3.957199e-02 4.345999e-01 1.589981e-02 9.004833e-01 3.129977e+00
8.815464e-01 1.682086e-02 -4.717976e-01 -1.273998e+00 -2.195133e-02 9.997446e-01 -5.372120e-03 -4.152879e-02 4.715867e-01 1.509236e-02 8.816906e-01 3.293349e+00
8.602232e-01 1.174026e-02 -5.097825e-01 -1.398157e+00 -1.700051e-02 9.998395e-01 -5.660955e-03 -4.861413e-02 5.096341e-01 1.353624e-02 8.602847e-01 3.459893e+00
8.350889e-01 1.254934e-02 -5.499718e-01 -1.551537e+00 -1.699219e-02 9.998512e-01 -2.986536e-03 -4.677761e-02 5.498525e-01 1.183925e-02 8.351778e-01 3.635847e+00
8.059568e-01 1.691666e-02 -5.917325e-01 -1.721255e+00 -2.061003e-02 9.997874e-01 5.108241e-04 -5.272124e-02 5.916154e-01 1.178392e-02 8.061342e-01 3.791944e+00
7.731594e-01 1.893175e-02 -6.339291e-01 -1.882848e+00 -2.273022e-02 9.997393e-01 2.133891e-03 -5.653693e-02 6.338043e-01 1.275951e-02 7.733881e-01 3.914062e+00
7.368212e-01 1.811029e-02 -6.758450e-01 -2.088477e+00 -2.228563e-02 9.997485e-01 2.493485e-03 -5.594889e-02 6.757203e-01 1.322438e-02 7.370395e-01 4.082837e+00
6.966169e-01 1.380862e-02 -7.173104e-01 -2.302059e+00 -1.600426e-02 9.998651e-01 3.705398e-03 -5.922776e-02 7.172648e-01 8.898778e-03 6.967439e-01 4.249207e+00
6.538811e-01 1.052436e-02 -7.565241e-01 -2.543953e+00 -1.130339e-02 9.999275e-01 4.140685e-03 -5.904339e-02 7.565129e-01 5.843771e-03 6.539527e-01 4.406899e+00
6.088176e-01 9.780193e-03 -7.932499e-01 -2.807388e+00 -9.124927e-03 9.999442e-01 5.325220e-03 -4.969448e-02 7.932577e-01 3.996260e-03 6.088729e-01 4.561156e+00
5.602515e-01 1.017696e-02 -8.282601e-01 -3.089732e+00 -6.825559e-03 9.999473e-01 7.669566e-03 -4.508257e-02 8.282945e-01 1.356452e-03 5.602914e-01 4.709755e+00
5.085787e-01 1.067508e-02 -8.609493e-01 -3.396790e+00 -5.043706e-03 9.999429e-01 9.419083e-03 -4.316519e-02 8.610008e-01 -4.479690e-04 5.086035e-01 4.849969e+00
4.555597e-01 1.245162e-02 -8.901181e-01 -3.686409e+00 -3.961439e-03 9.999206e-01 1.196016e-02 -4.915502e-02 8.901964e-01 -1.922419e-03 4.555729e-01 4.944795e+00
4.006353e-01 1.397551e-02 -9.161310e-01 -4.091021e+00 -3.564631e-03 9.998999e-01 1.369454e-02 -3.937818e-02 9.162307e-01 -2.220849e-03 4.006450e-01 5.075721e+00
3.448168e-01 1.603341e-02 -9.385331e-01 -4.442646e+00 -2.167481e-03 9.998651e-01 1.628484e-02 -4.422691e-02 9.386675e-01 -3.581034e-03 3.448050e-01 5.160861e+00
2.894712e-01 1.908306e-02 -9.569965e-01 -4.790718e+00 3.360860e-04 9.997991e-01 2.003823e-02 -4.784867e-02 9.571867e-01 -6.122123e-03 2.894066e-01 5.237548e+00
2.352383e-01 2.078497e-02 -9.717155e-01 -5.207205e+00 4.708084e-03 9.997352e-01 2.252407e-02 -4.370284e-02 9.719263e-01 -9.873442e-03 2.350782e-01 5.320931e+00
1.848660e-01 2.172330e-02 -9.825236e-01 -5.487529e+00 7.697952e-03 9.996930e-01 2.355132e-02 -5.493354e-02 9.827336e-01 -1.191726e-02 1.846420e-01 5.315482e+00
1.378736e-01 2.272303e-02 -9.901891e-01 -5.877045e+00 4.276741e-03 9.997138e-01 2.353709e-02 -4.935226e-02 9.904406e-01 -7.479927e-03 1.377370e-01 5.312635e+00
9.500626e-02 2.297085e-02 -9.952116e-01 -6.302253e+00 2.566135e-03 9.997247e-01 2.331999e-02 -4.086211e-02 9.954734e-01 -4.769392e-03 9.492116e-02 5.327233e+00
5.706315e-02 2.207148e-02 -9.981266e-01 -6.609988e+00 1.496872e-03 9.997526e-01 2.219301e-02 -4.880828e-02 9.983695e-01 -2.760471e-03 5.701600e-02 5.318871e+00
2.308818e-02 1.895068e-02 -9.995538e-01 -7.138932e+00 2.336540e-03 9.998166e-01 1.900963e-02 -3.137660e-02 9.997307e-01 -2.774395e-03 2.303967e-02 5.285992e+00
-8.751319e-03 1.683030e-02 -9.998201e-01 -7.515666e+00 3.243308e-03 9.998536e-01 1.680247e-02 -4.201893e-02 9.999564e-01 -3.095681e-03 -8.804624e-03 5.269718e+00
-3.521056e-02 1.515958e-02 -9.992650e-01 -7.984541e+00 2.289518e-03 9.998835e-01 1.508829e-02 -4.283124e-02 9.993773e-01 -1.756568e-03 -3.524116e-02 5.229218e+00
-5.576058e-02 1.220595e-02 -9.983696e-01 -8.668252e+00 2.039033e-03 9.999246e-01 1.211108e-02 -2.730728e-02 9.984421e-01 -1.360387e-03 -5.578127e-02 5.166936e+00
-7.246075e-02 1.163570e-02 -9.973034e-01 -9.185198e+00 2.611404e-03 9.999307e-01 1.147662e-02 -2.567537e-02 9.973679e-01 -1.772757e-03 -7.248612e-02 5.128127e+00
-8.556619e-02 1.229514e-02 -9.962566e-01 -9.684203e+00 3.404927e-03 9.999216e-01 1.204793e-02 -2.885369e-02 9.963267e-01 -2.361286e-03 -8.560134e-02 5.075960e+00
-9.530900e-02 1.343435e-02 -9.953571e-01 -1.020723e+01 2.185559e-03 9.999093e-01 1.328651e-02 -3.090335e-02 9.954453e-01 -9.090878e-04 -9.532972e-02 5.020793e+00
-1.018559e-01 1.468663e-02 -9.946908e-01 -1.082920e+01 -2.101555e-04 9.998907e-01 1.478493e-02 -3.015954e-02 9.947991e-01 1.714972e-03 -1.018416e-01 4.943954e+00
-1.063878e-01 1.626018e-02 -9.941918e-01 -1.140032e+01 6.986153e-04 9.998673e-01 1.627824e-02 -5.073390e-02 9.943244e-01 1.037249e-03 -1.063850e-01 4.870605e+00
-1.079653e-01 1.653621e-02 -9.940171e-01 -1.195684e+01 2.700960e-03 9.998628e-01 1.634009e-02 -2.085905e-02 9.941510e-01 -9.206375e-04 -1.079952e-01 4.805097e+00
-1.068944e-01 1.897771e-02 -9.940892e-01 -1.247584e+01 5.153720e-03 9.998150e-01 1.853283e-02 -3.202693e-02 9.942570e-01 -3.142201e-03 -1.069725e-01 4.742416e+00
-1.057479e-01 2.154942e-02 -9.941595e-01 -1.317346e+01 2.864282e-03 9.997676e-01 2.136631e-02 -2.926730e-02 9.943888e-01 -5.881101e-04 -1.057851e-01 4.687531e+00
-1.038464e-01 2.136027e-02 -9.943640e-01 -1.383628e+01 5.232185e-04 9.997704e-01 2.142176e-02 -2.510214e-02 9.945932e-01 1.704304e-03 -1.038337e-01 4.603044e+00
-1.022186e-01 1.872627e-02 -9.945857e-01 -1.451116e+01 -6.881806e-04 9.998212e-01 1.889557e-02 -1.622306e-02 9.947617e-01 2.615933e-03 -1.021874e-01 4.521675e+00
-1.012205e-01 1.878029e-02 -9.946867e-01 -1.517931e+01 -1.288841e-03 9.998185e-01 1.900834e-02 -1.014752e-02 9.948632e-01 3.206027e-03 -1.011779e-01 4.464528e+00
-9.918369e-02 2.117271e-02 -9.948438e-01 -1.587817e+01 -1.129126e-03 9.997706e-01 2.139014e-02 5.221227e-03 9.950685e-01 3.244857e-03 -9.913703e-02 4.386435e+00
-9.756132e-02 2.479684e-02 -9.949206e-01 -1.660477e+01 -1.214855e-03 9.996858e-01 2.503473e-02 1.770802e-02 9.952288e-01 3.651106e-03 -9.750055e-02 4.310915e+00
-9.569605e-02 2.696899e-02 -9.950452e-01 -1.734745e+01 -1.914300e-03 9.996261e-01 2.727725e-02 2.023259e-02 9.954088e-01 4.515140e-03 -9.560864e-02 4.233855e+00
-9.376936e-02 2.641490e-02 -9.952435e-01 -1.808633e+01 -4.000534e-03 9.996299e-01 2.690824e-02 2.724030e-02 9.955859e-01 6.504674e-03 -9.362899e-02 4.153400e+00
-9.204285e-02 2.322240e-02 -9.954842e-01 -1.883635e+01 -6.294865e-03 9.996945e-01 2.390264e-02 4.332619e-02 9.957352e-01 8.466506e-03 -9.186854e-02 4.071570e+00
-9.026957e-02 2.250257e-02 -9.956631e-01 -1.960159e+01 -7.463012e-03 9.997013e-01 2.327045e-02 5.464025e-02 9.958894e-01 9.531260e-03 -9.007467e-02 3.993721e+00
-8.896983e-02 2.494718e-02 -9.957219e-01 -2.037192e+01 -4.274939e-03 9.996675e-01 2.542801e-02 6.594169e-02 9.960251e-01 6.518976e-03 -8.883360e-02 3.924105e+00
-8.783551e-02 2.716294e-02 -9.957646e-01 -2.116092e+01 -1.923844e-03 9.996217e-01 2.743786e-02 7.650997e-02 9.961331e-01 4.325714e-03 -8.775002e-02 3.853553e+00
-8.648615e-02 2.915043e-02 -9.958265e-01 -2.192868e+01 -5.360869e-04 9.995703e-01 2.930658e-02 7.954364e-02 9.962529e-01 3.068463e-03 -8.643337e-02 3.778322e+00
-8.557481e-02 2.446461e-02 -9.960313e-01 -2.272967e+01 2.676627e-04 9.996990e-01 2.453169e-02 9.024778e-02 9.963317e-01 1.832694e-03 -8.555560e-02 3.691039e+00
-8.541854e-02 1.754949e-02 -9.961906e-01 -2.353677e+01 1.785644e-03 9.998460e-01 1.746077e-02 9.451157e-02 9.963436e-01 -2.873678e-04 -8.543671e-02 3.620444e+00
-8.582254e-02 1.304463e-02 -9.962251e-01 -2.434758e+01 4.966410e-03 9.999074e-01 1.266501e-02 9.881570e-02 9.962981e-01 -3.860719e-03 -8.587939e-02 3.552022e+00
-8.639443e-02 1.387422e-02 -9.961644e-01 -2.518283e+01 5.914978e-03 9.998925e-01 1.341316e-02 1.021354e-01 9.962435e-01 -4.733469e-03 -8.646721e-02 3.482487e+00
-8.679086e-02 2.144639e-02 -9.959957e-01 -2.600611e+01 5.107243e-03 9.997647e-01 2.108251e-02 1.035421e-01 9.962134e-01 -3.257023e-03 -8.687997e-02 3.416750e+00
-8.765584e-02 2.859110e-02 -9.957404e-01 -2.684851e+01 4.128426e-03 9.995899e-01 2.833820e-02 1.147216e-01 9.961423e-01 -1.626832e-03 -8.773793e-02 3.355332e+00
-8.750505e-02 3.392215e-02 -9.955863e-01 -2.772290e+01 1.782810e-03 9.994237e-01 3.389620e-02 1.145698e-01 9.961625e-01 1.191148e-03 -8.751511e-02 3.244785e+00
-8.871926e-02 3.526761e-02 -9.954321e-01 -2.872640e+01 3.261377e-03 9.993779e-01 3.511673e-02 1.008183e-01 9.960513e-01 -1.309488e-04 -8.877908e-02 3.147706e+00
-8.876497e-02 3.189943e-02 -9.955417e-01 -2.956849e+01 3.098523e-03 9.994910e-01 3.174971e-02 1.101982e-01 9.960478e-01 -2.664471e-04 -8.881864e-02 3.058475e+00
-8.903802e-02 2.932587e-02 -9.955964e-01 -3.041613e+01 2.955754e-03 9.995698e-01 2.917857e-02 1.211948e-01 9.960238e-01 -3.447365e-04 -8.908640e-02 2.967369e+00
-8.905874e-02 3.052349e-02 -9.955586e-01 -3.126994e+01 1.141439e-03 9.995328e-01 3.054323e-02 1.283319e-01 9.960257e-01 1.583772e-03 -8.905197e-02 2.874307e+00
-8.875991e-02 3.299842e-02 -9.955063e-01 -3.210284e+01 1.104328e-03 9.994537e-01 3.303080e-02 1.374759e-01 9.960524e-01 1.832446e-03 -8.874787e-02 2.783142e+00
-8.855299e-02 3.137322e-02 -9.955773e-01 -3.297643e+01 4.865627e-05 9.995040e-01 3.149263e-02 1.439437e-01 9.960715e-01 2.740326e-03 -8.851060e-02 2.687203e+00
-8.822029e-02 2.629598e-02 -9.957538e-01 -3.380247e+01 -1.099208e-03 9.996483e-01 2.649621e-02 1.487751e-01 9.961004e-01 3.432044e-03 -8.816037e-02 2.608107e+00
-8.818863e-02 2.207367e-02 -9.958592e-01 -3.462984e+01 -2.460858e-03 9.997466e-01 2.237776e-02 1.587116e-01 9.961007e-01 4.424132e-03 -8.811196e-02 2.529250e+00
-8.740240e-02 2.278967e-02 -9.959124e-01 -3.546869e+01 -2.174086e-03 9.997315e-01 2.306786e-02 1.639775e-01 9.961707e-01 4.181385e-03 -8.732939e-02 2.447798e+00
-8.689466e-02 2.538839e-02 -9.958940e-01 -3.631197e+01 -1.366264e-03 9.996712e-01 2.560390e-02 1.673424e-01 9.962166e-01 3.585496e-03 -8.683141e-02 2.368989e+00
-8.653272e-02 3.031232e-02 -9.957877e-01 -3.714135e+01 -6.035017e-04 9.995352e-01 3.047884e-02 1.766154e-01 9.962488e-01 3.238377e-03 -8.647421e-02 2.299176e+00
-8.580865e-02 3.566502e-02 -9.956731e-01 -3.801007e+01 8.056603e-05 9.993593e-01 3.579012e-02 1.965915e-01 9.963116e-01 2.990885e-03 -8.575655e-02 2.217696e+00
-8.595432e-02 3.946638e-02 -9.955171e-01 -3.884066e+01 -3.807675e-05 9.992149e-01 3.961627e-02 1.945831e-01 9.962991e-01 3.443096e-03 -8.588534e-02 2.141392e+00
-8.549848e-02 3.922379e-02 -9.955660e-01 -3.967895e+01 -9.222031e-05 9.992245e-01 3.937585e-02 2.098051e-01 9.963383e-01 3.458386e-03 -8.542856e-02 2.058611e+00
-8.543613e-02 3.465037e-02 -9.957410e-01 -4.050013e+01 9.841721e-05 9.993954e-01 3.476910e-02 2.301815e-01 9.963437e-01 2.872539e-03 -8.538788e-02 1.983498e+00
-8.470751e-02 3.024592e-02 -9.959467e-01 -4.132252e+01 -1.052840e-03 9.995359e-01 3.044446e-02 2.444018e-01 9.964053e-01 3.627447e-03 -8.463635e-02 1.898243e+00
-8.455440e-02 2.752011e-02 -9.960387e-01 -4.214249e+01 -5.321276e-03 9.995918e-01 2.807000e-02 2.510879e-01 9.964046e-01 7.673639e-03 -8.437344e-02 1.815055e+00
-8.449955e-02 2.569342e-02 -9.960922e-01 -4.298454e+01 -8.487265e-03 9.996127e-01 2.650421e-02 2.610119e-01 9.963874e-01 1.069369e-02 -8.424875e-02 1.710294e+00
-8.529601e-02 2.340777e-02 -9.960806e-01 -4.378549e+01 -6.248635e-03 9.996918e-01 2.402771e-02 2.740400e-01 9.963360e-01 8.273612e-03 -8.512345e-02 1.638368e+00
-8.631451e-02 1.999472e-02 -9.960673e-01 -4.462019e+01 -2.591545e-03 9.997907e-01 2.029404e-02 2.757853e-01 9.962646e-01 4.333023e-03 -8.624463e-02 1.557621e+00
-8.692241e-02 1.863278e-02 -9.960408e-01 -4.544301e+01 1.378897e-03 9.998264e-01 1.858326e-02 2.789863e-01 9.962142e-01 2.418636e-04 -8.693301e-02 1.479646e+00
-8.887625e-02 2.215315e-02 -9.957963e-01 -4.626650e+01 1.967098e-03 9.997546e-01 2.206564e-02 2.827954e-01 9.960408e-01 2.282768e-06 -8.889802e-02 1.393713e+00
-9.027009e-02 2.847464e-02 -9.955102e-01 -4.711047e+01 4.804679e-03 9.995920e-01 2.815572e-02 2.858077e-01 9.959058e-01 -2.241487e-03 -9.037007e-02 1.295439e+00
-9.175762e-02 3.251417e-02 -9.952504e-01 -4.796316e+01 7.035369e-03 9.994630e-01 3.200316e-02 2.863929e-01 9.957565e-01 -4.065420e-03 -9.193709e-02 1.200464e+00
-9.302120e-02 3.138487e-02 -9.951693e-01 -4.877470e+01 6.750448e-03 9.995000e-01 3.089046e-02 2.943470e-01 9.956412e-01 -3.844371e-03 -9.318655e-02 1.111356e+00
-9.410094e-02 2.762343e-02 -9.951794e-01 -4.957135e+01 3.039315e-03 9.996183e-01 2.745925e-02 2.976544e-01 9.955580e-01 -4.407224e-04 -9.414898e-02 1.024255e+00
-9.520315e-02 2.376131e-02 -9.951742e-01 -5.037395e+01 -7.516964e-04 9.997131e-01 2.394159e-02 3.094250e-01 9.954576e-01 3.027384e-03 -9.515797e-02 9.245091e-01
-9.642446e-02 2.237750e-02 -9.950887e-01 -5.117347e+01 -5.129920e-03 9.997228e-01 2.297880e-02 3.094130e-01 9.953271e-01 7.320444e-03 -9.628294e-02 8.367672e-01
-9.806338e-02 2.344947e-02 -9.949039e-01 -5.196421e+01 -6.628702e-03 9.996848e-01 2.421552e-02 3.116696e-01 9.951581e-01 8.969577e-03 -9.787703e-02 7.768183e-01
-9.937964e-02 2.504004e-02 -9.947345e-01 -5.274652e+01 -6.440455e-03 9.996462e-01 2.580712e-02 3.086241e-01 9.950287e-01 8.971244e-03 -9.918321e-02 7.054254e-01
-1.015835e-01 2.504341e-02 -9.945117e-01 -5.353989e+01 -1.117756e-02 9.995912e-01 2.631304e-02 3.309906e-01 9.947642e-01 1.378919e-02 -1.012620e-01 7.268886e-01
-1.023516e-01 2.501635e-02 -9.944337e-01 -5.430005e+01 -1.143265e-02 9.995881e-01 2.632272e-02 3.306757e-01 9.946826e-01 1.406319e-02 -1.020234e-01 6.443291e-01
-1.027384e-01 2.690921e-02 -9.943444e-01 -5.509624e+01 -9.653696e-03 9.995599e-01 2.804780e-02 3.332393e-01 9.946616e-01 1.248069e-02 -1.024335e-01 5.543140e-01
-1.028491e-01 2.997556e-02 -9.942452e-01 -5.585806e+01 -8.932896e-03 9.994777e-01 3.105737e-02 3.312444e-01 9.946569e-01 1.207571e-02 -1.025276e-01 4.695361e-01
-1.026343e-01 3.411408e-02 -9.941340e-01 -5.664114e+01 -8.805539e-03 9.993414e-01 3.520186e-02 3.458972e-01 9.946802e-01 1.236681e-02 -1.022664e-01 3.612400e-01
-1.026902e-01 3.668123e-02 -9.940368e-01 -5.743336e+01 -8.688167e-03 9.992486e-01 3.777110e-02 3.397462e-01 9.946755e-01 1.251508e-02 -1.022944e-01 2.545435e-01
-1.045385e-01 3.626667e-02 -9.938594e-01 -5.819895e+01 -7.815723e-03 9.992741e-01 3.728635e-02 3.614600e-01 9.944901e-01 1.166559e-02 -1.041792e-01 2.052826e-01
-1.044111e-01 3.489321e-02 -9.939219e-01 -5.892276e+01 -7.339590e-03 9.993301e-01 3.585409e-02 3.519769e-01 9.945071e-01 1.103854e-02 -1.040851e-01 1.147962e-01
-1.047687e-01 3.093272e-02 -9.940155e-01 -5.965745e+01 -6.965584e-03 9.994688e-01 3.183659e-02 3.746208e-01 9.944722e-01 1.025938e-02 -1.044976e-01 4.017338e-02
-1.037965e-01 2.793649e-02 -9.942061e-01 -6.035413e+01 -7.423478e-03 9.995558e-01 2.886184e-02 3.867269e-01 9.945709e-01 1.037623e-02 -1.035430e-01 -7.161137e-02
-1.038592e-01 2.537502e-02 -9.942682e-01 -6.106153e+01 -7.882481e-03 9.996221e-01 2.633504e-02 3.980203e-01 9.945608e-01 1.057244e-02 -1.036199e-01 -1.074937e-01
-1.012636e-01 2.497357e-02 -9.945461e-01 -6.176740e+01 -1.025617e-02 9.996055e-01 2.614489e-02 3.973731e-01 9.948068e-01 1.284776e-02 -1.009676e-01 -1.934071e-01
-9.738708e-02 2.579782e-02 -9.949121e-01 -6.245596e+01 -1.100919e-02 9.995749e-01 2.699636e-02 4.005284e-01 9.951857e-01 1.358228e-02 -9.706167e-02 -2.635452e-01
-9.172345e-02 2.745865e-02 -9.954059e-01 -6.313179e+01 -9.905359e-03 9.995451e-01 2.848558e-02 4.024076e-01 9.957352e-01 1.247265e-02 -9.140974e-02 -3.260869e-01
-8.440606e-02 2.903038e-02 -9.960085e-01 -6.377885e+01 -9.205416e-03 9.995101e-01 2.991255e-02 4.052921e-01 9.963889e-01 1.169347e-02 -8.409747e-02 -3.841673e-01
-7.556202e-02 3.013051e-02 -9.966858e-01 -6.440895e+01 -1.009834e-02 9.994690e-01 3.098024e-02 4.155126e-01 9.970900e-01 1.240580e-02 -7.521763e-02 -4.342247e-01
-6.405080e-02 3.187304e-02 -9.974375e-01 -6.502234e+01 -1.237786e-02 9.993876e-01 3.273020e-02 4.185663e-01 9.978698e-01 1.444254e-02 -6.361706e-02 -4.716133e-01
-4.946689e-02 3.297179e-02 -9.982314e-01 -6.563229e+01 -1.513474e-02 9.993154e-01 3.375759e-02 4.321281e-01 9.986611e-01 1.677785e-02 -4.893401e-02 -4.949471e-01
-3.063540e-02 3.422169e-02 -9.989446e-01 -6.620461e+01 -1.719505e-02 9.992478e-01 3.475941e-02 4.377267e-01 9.993827e-01 1.824177e-02 -3.002391e-02 -5.185406e-01
-8.904613e-03 3.519042e-02 -9.993410e-01 -6.677484e+01 -1.805223e-02 9.992120e-01 3.534674e-02 4.426498e-01 9.997974e-01 1.835508e-02 -8.262331e-03 -5.042489e-01
1.586604e-02 3.548647e-02 -9.992442e-01 -6.733614e+01 -1.747469e-02 9.992272e-01 3.520840e-02 4.494351e-01 9.997214e-01 1.690286e-02 1.647390e-02 -4.645311e-01
4.473237e-02 3.521101e-02 -9.983783e-01 -6.785736e+01 -1.569184e-02 9.992802e-01 3.453974e-02 4.527661e-01 9.988757e-01 1.412135e-02 4.525269e-02 -4.133421e-01
7.901313e-02 3.537916e-02 -9.962456e-01 -6.836694e+01 -1.515454e-02 9.992971e-01 3.428561e-02 4.570499e-01 9.967584e-01 1.238863e-02 7.949375e-02 -3.542826e-01
1.160341e-01 3.558052e-02 -9.926077e-01 -6.885853e+01 -1.450040e-02 9.993123e-01 3.412578e-02 4.682786e-01 9.931394e-01 1.043346e-02 1.164703e-01 -2.609548e-01
1.568299e-01 3.555763e-02 -9.869853e-01 -6.932439e+01 -1.399459e-02 9.993314e-01 3.377870e-02 4.667528e-01 9.875265e-01 8.514944e-03 1.572226e-01 -1.605981e-01
2.019783e-01 3.637728e-02 -9.787142e-01 -6.977727e+01 -1.290518e-02 9.993221e-01 3.447999e-02 4.752822e-01 9.793050e-01 5.666276e-03 2.023108e-01 -3.889015e-02
2.508422e-01 3.490923e-02 -9.673983e-01 -7.021998e+01 -9.793895e-03 9.993899e-01 3.352415e-02 4.780160e-01 9.679785e-01 1.065328e-03 2.510310e-01 9.918621e-02
3.010622e-01 3.020254e-02 -9.531261e-01 -7.060966e+01 -2.435118e-03 9.995194e-01 3.090346e-02 4.771307e-01 9.536014e-01 -6.982889e-03 3.009910e-01 2.635058e-01
3.521443e-01 2.507337e-02 -9.356098e-01 -7.102187e+01 3.355297e-03 9.996009e-01 2.805113e-02 4.782590e-01 9.359397e-01 -1.301729e-02 3.519196e-01 4.621352e-01
4.052359e-01 2.040330e-02 -9.139844e-01 -7.141961e+01 8.184929e-03 9.996299e-01 2.594418e-02 4.837408e-01 9.141755e-01 -1.799441e-02 4.049190e-01 6.678531e-01
4.563067e-01 2.007067e-02 -8.895962e-01 -7.179671e+01 7.566225e-03 9.996219e-01 2.643402e-02 4.902284e-01 8.897904e-01 -1.879290e-02 4.559823e-01 9.022856e-01
5.045808e-01 1.853163e-02 -8.631656e-01 -7.216447e+01 9.197611e-03 9.995975e-01 2.683739e-02 5.021411e-01 8.633155e-01 -2.148069e-02 5.042073e-01 1.157565e+00
5.495438e-01 1.490582e-02 -8.353319e-01 -7.252004e+01 1.667180e-02 9.994461e-01 2.880226e-02 4.979362e-01 8.352985e-01 -2.975460e-02 5.489909e-01 1.443029e+00
5.931949e-01 8.033602e-03 -8.050188e-01 -7.283319e+01 2.701967e-02 9.991882e-01 2.988130e-02 5.050136e-01 8.046054e-01 -3.947678e-02 5.924963e-01 1.752758e+00
6.360635e-01 4.002434e-03 -7.716264e-01 -7.315380e+01 2.751894e-02 9.992328e-01 2.786732e-02 4.971791e-01 7.711459e-01 -3.895972e-02 6.354653e-01 2.070333e+00
6.773535e-01 -4.632397e-04 -7.356576e-01 -7.344467e+01 2.404130e-02 9.994796e-01 2.150656e-02 5.011992e-01 7.352648e-01 -3.225371e-02 6.770121e-01 2.391043e+00
7.197114e-01 -6.062925e-03 -6.942469e-01 -7.383807e+01 1.943818e-02 9.997458e-01 1.142028e-02 4.869927e-01 6.940013e-01 -2.171420e-02 7.196463e-01 2.702153e+00
7.593602e-01 -9.169065e-03 -6.506059e-01 -7.411714e+01 1.471763e-02 9.998869e-01 3.086287e-03 5.002566e-01 6.505040e-01 -1.191898e-02 7.594093e-01 3.062905e+00
7.966807e-01 -9.674896e-03 -6.043229e-01 -7.438237e+01 1.266434e-02 9.999196e-01 6.872395e-04 4.917505e-01 6.042677e-01 -8.200859e-03 7.967392e-01 3.464185e+00
8.309127e-01 -1.105260e-02 -5.562930e-01 -7.462761e+01 1.270257e-02 9.999189e-01 -8.933614e-04 4.900694e-01 5.562577e-01 -6.324047e-03 8.309857e-01 3.890146e+00
8.619834e-01 -9.881986e-03 -5.068402e-01 -7.487305e+01 9.615356e-03 9.999489e-01 -3.143403e-03 4.953174e-01 5.068453e-01 -2.163887e-03 8.620343e-01 4.340397e+00
8.883429e-01 -7.374986e-03 -4.591215e-01 -7.508358e+01 7.636705e-03 9.999700e-01 -1.286700e-03 4.807898e-01 4.591172e-01 -2.363145e-03 8.883725e-01 4.811965e+00
9.099003e-01 -1.074739e-03 -4.148256e-01 -7.528461e+01 1.117760e-03 9.999993e-01 -1.390650e-04 4.724744e-01 4.148255e-01 -3.371402e-04 9.099010e-01 5.296331e+00
9.275765e-01 3.256283e-03 -3.736190e-01 -7.547246e+01 -4.223407e-03 9.999895e-01 -1.769943e-03 4.697011e-01 3.736093e-01 3.219703e-03 9.275806e-01 5.820990e+00
9.414788e-01 8.486468e-03 -3.369653e-01 -7.568970e+01 -9.178465e-03 9.999578e-01 -4.606426e-04 4.762590e-01 3.369471e-01 3.526509e-03 9.415170e-01 6.404832e+00
9.516178e-01 9.141770e-03 -3.071480e-01 -7.583574e+01 -9.036051e-03 9.999576e-01 1.766300e-03 4.614377e-01 3.071511e-01 1.094562e-03 9.516602e-01 6.935716e+00
9.591882e-01 8.240731e-03 -2.826486e-01 -7.599619e+01 -7.563548e-03 9.999653e-01 3.486942e-03 4.517950e-01 2.826675e-01 -1.206807e-03 9.592172e-01 7.521777e+00
9.651341e-01 9.363172e-03 -2.615884e-01 -7.613048e+01 -8.088218e-03 9.999496e-01 5.950130e-03 4.348605e-01 2.616309e-01 -3.626890e-03 9.651612e-01 8.072643e+00
9.697974e-01 1.138786e-02 -2.436459e-01 -7.626737e+01 -9.646555e-03 9.999187e-01 8.338871e-03 4.392188e-01 2.437211e-01 -5.736671e-03 9.698284e-01 8.672577e+00
9.734768e-01 1.673674e-02 -2.281727e-01 -7.641912e+01 -1.486942e-02 9.998404e-01 9.900557e-03 4.349887e-01 2.283020e-01 -6.245167e-03 9.735703e-01 9.303698e+00
9.763994e-01 2.059600e-02 -2.149886e-01 -7.655327e+01 -1.859965e-02 9.997631e-01 1.130496e-02 4.285280e-01 2.151705e-01 -7.039439e-03 9.765511e-01 9.939977e+00
9.792240e-01 1.927808e-02 -2.018629e-01 -7.668801e+01 -1.738667e-02 9.997868e-01 1.113891e-02 4.246087e-01 2.020346e-01 -7.397767e-03 9.793504e-01 1.060321e+01
9.819317e-01 1.970835e-02 -1.882066e-01 -7.680154e+01 -1.794266e-02 9.997776e-01 1.108088e-02 4.179522e-01 1.883831e-01 -7.503740e-03 9.820669e-01 1.126809e+01
9.845605e-01 2.049471e-02 -1.738407e-01 -7.691556e+01 -1.874304e-02 9.997557e-01 1.171212e-02 4.158464e-01 1.740383e-01 -8.272991e-03 9.847041e-01 1.195460e+01
9.868840e-01 2.280100e-02 -1.598126e-01 -7.701449e+01 -2.109352e-02 9.997010e-01 1.237275e-02 4.067561e-01 1.600469e-01 -8.839463e-03 9.870698e-01 1.264853e+01
9.888759e-01 2.309866e-02 -1.469381e-01 -7.712840e+01 -2.190230e-02 9.997125e-01 9.754864e-03 3.986009e-01 1.471212e-01 -6.428068e-03 9.890976e-01 1.339298e+01
9.904465e-01 2.373102e-02 -1.358401e-01 -7.723075e+01 -2.331025e-02 9.997173e-01 4.687576e-03 3.886536e-01 1.359129e-01 -1.476327e-03 9.907197e-01 1.412601e+01
9.917406e-01 2.182787e-02 -1.263889e-01 -7.732068e+01 -2.219230e-02 9.997526e-01 -1.475850e-03 3.861580e-01 1.263254e-01 4.268520e-03 9.919797e-01 1.486850e+01
9.927607e-01 2.162013e-02 -1.181471e-01 -7.741572e+01 -2.197637e-02 9.997571e-01 -1.713128e-03 3.834819e-01 1.180814e-01 4.297171e-03 9.929946e-01 1.562490e+01
9.934686e-01 2.382829e-02 -1.115899e-01 -7.749261e+01 -2.344722e-02 9.997139e-01 4.726187e-03 3.655491e-01 1.116706e-01 -2.078844e-03 9.937431e-01 1.641328e+01
9.939843e-01 2.780135e-02 -1.059357e-01 -7.761197e+01 -2.648142e-02 9.995534e-01 1.384631e-02 3.584008e-01 1.062733e-01 -1.095769e-02 9.942766e-01 1.731141e+01
9.944379e-01 2.820413e-02 -1.014784e-01 -7.769863e+01 -2.654658e-02 9.994918e-01 1.764782e-02 3.537159e-01 1.019245e-01 -1.485576e-02 9.946812e-01 1.808528e+01
9.947682e-01 2.701267e-02 -9.852161e-02 -7.776463e+01 -2.551333e-02 9.995392e-01 1.644690e-02 3.530881e-01 9.892048e-02 -1.384724e-02 9.949990e-01 1.884267e+01
9.950569e-01 2.723055e-02 -9.549986e-02 -7.784052e+01 -2.584776e-02 9.995428e-01 1.568702e-02 3.455493e-01 9.588336e-02 -1.314102e-02 9.953058e-01 1.961788e+01
9.953675e-01 2.521382e-02 -9.277887e-02 -7.791171e+01 -2.364935e-02 9.995596e-01 1.792349e-02 3.479292e-01 9.318992e-02 -1.564629e-02 9.955254e-01 2.039323e+01
9.956388e-01 2.387099e-02 -9.018656e-02 -7.798486e+01 -2.211214e-02 9.995463e-01 2.045148e-02 3.433560e-01 9.063384e-02 -1.836807e-02 9.957149e-01 2.117455e+01
9.959557e-01 2.168560e-02 -8.718938e-02 -7.805489e+01 -1.982147e-02 9.995573e-01 2.218964e-02 3.458315e-01 8.763198e-02 -2.037168e-02 9.959446e-01 2.195025e+01
9.961907e-01 2.123049e-02 -8.457725e-02 -7.812130e+01 -1.970797e-02 9.996291e-01 1.879605e-02 3.397202e-01 8.494493e-02 -1.705761e-02 9.962396e-01 2.272161e+01
9.962658e-01 2.446352e-02 -8.280107e-02 -7.819236e+01 -2.358767e-02 9.996552e-01 1.153960e-02 3.342149e-01 8.305481e-02 -9.543423e-03 9.964993e-01 2.348057e+01
9.963661e-01 2.532682e-02 -8.132171e-02 -7.825704e+01 -2.508518e-02 9.996774e-01 3.991859e-03 3.266689e-01 8.139657e-02 -1.937383e-03 9.966799e-01 2.423053e+01
9.964406e-01 2.621021e-02 -8.011899e-02 -7.831755e+01 -2.629718e-02 9.996542e-01 -3.040732e-05 3.170679e-01 8.009049e-02 2.137203e-03 9.967853e-01 2.498752e+01
9.965678e-01 2.754966e-02 -7.806173e-02 -7.838149e+01 -2.749294e-02 9.996204e-01 1.801450e-03 3.046539e-01 7.808172e-02 3.508789e-04 9.969469e-01 2.575188e+01
9.966701e-01 3.047181e-02 -7.563266e-02 -7.845162e+01 -3.009891e-02 9.995285e-01 6.065719e-03 2.905664e-01 7.578184e-02 -3.769059e-03 9.971173e-01 2.650104e+01
9.967519e-01 3.437788e-02 -7.282711e-02 -7.853043e+01 -3.363505e-02 9.993691e-01 1.140229e-02 2.766931e-01 7.317315e-02 -8.915711e-03 9.972794e-01 2.723716e+01
9.970275e-01 3.160721e-02 -7.026558e-02 -7.858937e+01 -3.075104e-02 9.994395e-01 1.323361e-02 2.718206e-01 7.064448e-02 -1.103353e-02 9.974405e-01 2.801049e+01
9.972056e-01 2.887074e-02 -6.890224e-02 -7.864361e+01 -2.804856e-02 9.995237e-01 1.287047e-02 2.677404e-01 6.924099e-02 -1.090190e-02 9.975404e-01 2.874809e+01
9.972918e-01 2.759027e-02 -6.817473e-02 -7.868768e+01 -2.676670e-02 9.995576e-01 1.296457e-02 2.603743e-01 6.850228e-02 -1.110465e-02 9.975892e-01 2.951891e+01
9.974230e-01 2.622991e-02 -6.677821e-02 -7.873128e+01 -2.550490e-02 9.996064e-01 1.168660e-02 2.431028e-01 6.705847e-02 -9.953314e-03 9.976994e-01 3.033212e+01
9.975500e-01 2.319385e-02 -6.600021e-02 -7.878318e+01 -2.253257e-02 9.996883e-01 1.074628e-02 2.255431e-01 6.622888e-02 -9.232798e-03 9.977617e-01 3.110336e+01
9.976286e-01 2.256408e-02 -6.502319e-02 -7.885120e+01 -2.190347e-02 9.997011e-01 1.085478e-02 2.229989e-01 6.524869e-02 -9.404806e-03 9.978247e-01 3.184629e+01
9.975984e-01 2.638116e-02 -6.404297e-02 -7.890951e+01 -2.567748e-02 9.996008e-01 1.178604e-02 2.282092e-01 6.432833e-02 -1.011327e-02 9.978775e-01 3.260891e+01
9.976296e-01 2.560366e-02 -6.387265e-02 -7.897013e+01 -2.496883e-02 9.996307e-01 1.071762e-02 2.259229e-01 6.412347e-02 -9.097385e-03 9.979005e-01 3.337911e+01
9.975249e-01 2.540918e-02 -6.556334e-02 -7.902457e+01 -2.476371e-02 9.996367e-01 1.063896e-02 2.224558e-01 6.580985e-02 -8.989040e-03 9.977917e-01 3.416662e+01
9.974497e-01 2.382149e-02 -6.728008e-02 -7.908485e+01 -2.309694e-02 9.996668e-01 1.152670e-02 2.111092e-01 6.753225e-02 -9.943340e-03 9.976676e-01 3.490451e+01
9.972056e-01 2.495242e-02 -7.041536e-02 -7.914737e+01 -2.421975e-02 9.996434e-01 1.123974e-02 2.142081e-01 7.067071e-02 -9.502890e-03 9.974544e-01 3.568818e+01
9.969345e-01 2.884948e-02 -7.272753e-02 -7.922546e+01 -2.809050e-02 9.995400e-01 1.143742e-02 2.000916e-01 7.302403e-02 -9.359406e-03 9.972863e-01 3.650177e+01
9.966847e-01 2.896633e-02 -7.603016e-02 -7.927625e+01 -2.853607e-02 9.995701e-01 6.739510e-03 1.872495e-01 7.619269e-02 -4.547564e-03 9.970828e-01 3.730020e+01
9.964555e-01 2.965378e-02 -7.872140e-02 -7.934103e+01 -2.950028e-02 9.995599e-01 3.112383e-03 1.794903e-01 7.877906e-02 -7.790473e-04 9.968918e-01 3.809974e+01
9.963081e-01 3.077328e-02 -8.014490e-02 -7.942783e+01 -3.075209e-02 9.995259e-01 1.498992e-03 1.791449e-01 8.015303e-02 9.711651e-04 9.967821e-01 3.890950e+01
9.960891e-01 3.341285e-02 -8.179316e-02 -7.953225e+01 -3.326755e-02 9.994416e-01 3.138962e-03 1.721737e-01 8.185236e-02 -4.056270e-04 9.966444e-01 3.978246e+01
9.959781e-01 3.197465e-02 -8.369689e-02 -7.961589e+01 -3.175956e-02 9.994879e-01 3.900380e-03 1.620980e-01 8.377875e-02 -1.226517e-03 9.964836e-01 4.061739e+01
9.958869e-01 3.111947e-02 -8.509345e-02 -7.969350e+01 -3.074511e-02 9.995109e-01 5.706586e-03 1.568922e-01 8.522942e-02 -3.066907e-03 9.963566e-01 4.144204e+01
9.957587e-01 3.119804e-02 -8.655313e-02 -7.976538e+01 -3.048200e-02 9.994894e-01 9.582460e-03 1.487883e-01 8.680790e-02 -6.903504e-03 9.962012e-01 4.227444e+01
9.957381e-01 3.063593e-02 -8.698855e-02 -7.985345e+01 -2.949310e-02 9.994614e-01 1.439295e-02 1.488672e-01 8.738264e-02 -1.176605e-02 9.961053e-01 4.312590e+01
9.958441e-01 3.005553e-02 -8.597271e-02 -7.994368e+01 -2.876567e-02 9.994549e-01 1.620314e-02 1.522211e-01 8.641284e-02 -1.366274e-02 9.961658e-01 4.399083e+01
9.958996e-01 3.368911e-02 -8.395800e-02 -8.002795e+01 -3.243224e-02 9.993412e-01 1.628976e-02 1.473521e-01 8.445147e-02 -1.350002e-02 9.963362e-01 4.485019e+01
9.960400e-01 3.363589e-02 -8.229778e-02 -8.010079e+01 -3.246453e-02 9.993522e-01 1.553057e-02 1.352258e-01 8.276685e-02 -1.279731e-02 9.964868e-01 4.572071e+01
9.962367e-01 3.122507e-02 -8.085468e-02 -8.017464e+01 -3.027428e-02 9.994576e-01 1.295883e-02 1.378722e-01 8.121547e-02 -1.046224e-02 9.966416e-01 4.659412e+01
9.965177e-01 2.748989e-02 -7.871954e-02 -8.024865e+01 -2.663031e-02 9.995739e-01 1.194873e-02 1.239877e-01 7.901447e-02 -9.810793e-03 9.968252e-01 4.746421e+01
9.967242e-01 2.615901e-02 -7.652837e-02 -8.033265e+01 -2.533948e-02 9.996109e-01 1.166060e-02 1.188618e-01 7.680362e-02 -9.683216e-03 9.969992e-01 4.834385e+01
9.968876e-01 2.406461e-02 -7.507313e-02 -8.040707e+01 -2.302575e-02 9.996272e-01 1.467301e-02 1.016324e-01 7.539824e-02 -1.289873e-02 9.970701e-01 4.919025e+01
9.971482e-01 1.972161e-02 -7.284575e-02 -8.052781e+01 -1.837092e-02 9.996476e-01 1.916556e-02 6.537651e-02 7.319805e-02 -1.777266e-02 9.971591e-01 5.010409e+01
9.972093e-01 1.955770e-02 -7.205012e-02 -8.059758e+01 -1.822326e-02 9.996509e-01 1.913198e-02 6.694523e-02 7.239914e-02 -1.776560e-02 9.972175e-01 5.098345e+01
9.972735e-01 2.103972e-02 -7.073137e-02 -8.067617e+01 -1.995146e-02 9.996720e-01 1.605731e-02 6.125889e-02 7.104602e-02 -1.460234e-02 9.973661e-01 5.186191e+01
9.972610e-01 2.317152e-02 -7.023986e-02 -8.074081e+01 -2.250357e-02 9.996939e-01 1.028621e-02 5.424204e-02 7.045670e-02 -8.677392e-03 9.974771e-01 5.271114e+01
9.972766e-01 2.496945e-02 -6.939700e-02 -8.080135e+01 -2.465331e-02 9.996814e-01 5.408323e-03 3.912980e-02 6.950994e-02 -3.682727e-03 9.975744e-01 5.355438e+01
9.971815e-01 2.926475e-02 -6.908442e-02 -8.087215e+01 -2.938877e-02 9.995677e-01 -7.793441e-04 3.704331e-02 6.903175e-02 2.807454e-03 9.976105e-01 5.440670e+01
9.972504e-01 2.905118e-02 -6.817422e-02 -8.092566e+01 -2.920766e-02 9.995725e-01 -1.299517e-03 1.952259e-02 6.810733e-02 3.287153e-03 9.976726e-01 5.523647e+01
9.973536e-01 2.621614e-02 -6.781179e-02 -8.099043e+01 -2.595353e-02 9.996518e-01 4.750899e-03 6.447958e-03 6.791273e-02 -2.978371e-03 9.976868e-01 5.609087e+01
9.973485e-01 2.491541e-02 -6.837516e-02 -8.105627e+01 -2.403446e-02 9.996176e-01 1.367672e-02 2.911906e-03 6.868977e-02 -1.199709e-02 9.975659e-01 5.693715e+01
9.973375e-01 2.408784e-02 -6.883086e-02 -8.113560e+01 -2.266275e-02 9.995139e-01 2.141076e-02 -5.135513e-03 6.931314e-02 -1.979385e-02 9.973986e-01 5.780144e+01
9.971977e-01 2.177462e-02 -7.157136e-02 -8.119652e+01 -2.044485e-02 9.996055e-01 1.926001e-02 -2.286354e-03 7.196251e-02 -1.774278e-02 9.972495e-01 5.863298e+01
9.971325e-01 1.705845e-02 -7.372687e-02 -8.125281e+01 -1.595634e-02 9.997523e-01 1.551188e-02 -3.137517e-03 7.397322e-02 -1.429099e-02 9.971578e-01 5.947457e+01
9.969794e-01 1.537381e-02 -7.612918e-02 -8.131921e+01 -1.432276e-02 9.997947e-01 1.433297e-02 -1.104173e-02 7.633390e-02 -1.319929e-02 9.969949e-01 6.031435e+01
9.967060e-01 1.789573e-02 -7.910064e-02 -8.138836e+01 -1.699832e-02 9.997835e-01 1.200402e-02 -1.846318e-02 7.929832e-02 -1.061990e-02 9.967943e-01 6.113403e+01
9.964365e-01 1.953002e-02 -8.205397e-02 -8.147723e+01 -1.888244e-02 9.997842e-01 8.660844e-03 -2.236927e-02 8.220541e-02 -7.080602e-03 9.965903e-01 6.196588e+01
9.960698e-01 2.021131e-02 -8.623505e-02 -8.155202e+01 -1.982925e-02 9.997894e-01 5.284879e-03 -3.109368e-02 8.632370e-02 -3.554133e-03 9.962608e-01 6.278768e+01
9.957165e-01 2.215267e-02 -8.976629e-02 -8.162872e+01 -2.208209e-02 9.997545e-01 1.779424e-03 -5.162260e-02 8.978368e-02 2.104255e-04 9.959612e-01 6.359033e+01
9.952960e-01 2.659228e-02 -9.315965e-02 -8.171241e+01 -2.653505e-02 9.996462e-01 1.853229e-03 -6.703677e-02 9.317598e-02 6.274841e-04 9.956495e-01 6.443341e+01
9.949213e-01 3.002410e-02 -9.607330e-02 -8.181704e+01 -2.981401e-02 9.995489e-01 3.621798e-03 -7.251955e-02 9.613870e-02 -7.390736e-04 9.953676e-01 6.521421e+01
9.944190e-01 3.355954e-02 -1.000232e-01 -8.190595e+01 -3.278314e-02 9.994183e-01 9.396282e-03 -8.324187e-02 1.002803e-01 -6.064767e-03 9.949408e-01 6.602420e+01
9.940608e-01 3.314725e-02 -1.036550e-01 -8.200897e+01 -3.170660e-02 9.993768e-01 1.551597e-02 -9.757488e-02 1.041047e-01 -1.213727e-02 9.944923e-01 6.680939e+01
9.935102e-01 3.232534e-02 -1.090530e-01 -8.209461e+01 -3.042498e-02 9.993556e-01 1.904556e-02 -1.008127e-01 1.095983e-01 -1.560402e-02 9.938534e-01 6.764668e+01
9.927840e-01 3.138483e-02 -1.157368e-01 -8.218877e+01 -2.923513e-02 9.993679e-01 2.022545e-02 -1.015192e-01 1.162984e-01 -1.669592e-02 9.930740e-01 6.843320e+01
9.927343e-01 3.041460e-02 -1.164203e-01 -8.237661e+01 -2.763703e-02 9.992953e-01 2.539884e-02 -9.419529e-02 1.171107e-01 -2.199679e-02 9.928752e-01 6.901402e+01
9.919471e-01 3.042080e-02 -1.229451e-01 -8.248177e+01 -2.753919e-02 9.993063e-01 2.507031e-02 -9.398098e-02 1.236224e-01 -2.148261e-02 9.920968e-01 6.980539e+01
9.910296e-01 3.573845e-02 -1.287754e-01 -8.260211e+01 -3.287243e-02 9.991637e-01 2.431376e-02 -9.373491e-02 1.295367e-01 -1.986249e-02 9.913757e-01 7.059177e+01
9.900925e-01 3.812132e-02 -1.351428e-01 -8.270878e+01 -3.568511e-02 9.991547e-01 2.040465e-02 -8.663787e-02 1.358064e-01 -1.537990e-02 9.906160e-01 7.135901e+01
9.892808e-01 3.638573e-02 -1.414199e-01 -8.283293e+01 -3.424673e-02 9.992597e-01 1.753048e-02 -8.149590e-02 1.419531e-01 -1.249940e-02 9.897945e-01 7.215807e+01
9.885250e-01 3.753348e-02 -1.463200e-01 -8.296201e+01 -3.543121e-02 9.992284e-01 1.694834e-02 -9.238805e-02 1.468433e-01 -1.156956e-02 9.890921e-01 7.284150e+01
9.879261e-01 4.002225e-02 -1.496670e-01 -8.311658e+01 -3.717580e-02 9.990716e-01 2.176933e-02 -9.399682e-02 1.503993e-01 -1.594250e-02 9.884968e-01 7.356630e+01
9.869463e-01 4.116378e-02 -1.556999e-01 -8.324564e+01 -3.751339e-02 9.989496e-01 2.631237e-02 -9.209578e-02 1.566195e-01 -2.012806e-02 9.874539e-01 7.433241e+01
9.858639e-01 4.032442e-02 -1.626232e-01 -8.336681e+01 -3.621362e-02 9.989471e-01 2.816489e-02 -8.720063e-02 1.635877e-01 -2.187757e-02 9.862862e-01 7.509993e+01
9.848133e-01 3.793976e-02 -1.694204e-01 -8.350547e+01 -3.435193e-02 9.991202e-01 2.405934e-02 -7.983318e-02 1.701841e-01 -1.787405e-02 9.852502e-01 7.583021e+01
9.833090e-01 3.607405e-02 -1.783316e-01 -8.364429e+01 -3.357037e-02 9.992911e-01 1.703810e-02 -7.512159e-02 1.788198e-01 -1.076706e-02 9.838229e-01 7.657892e+01
9.817750e-01 3.361120e-02 -1.870508e-01 -8.380025e+01 -3.129823e-02 9.993929e-01 1.530586e-02 -7.591761e-02 1.874517e-01 -9.172550e-03 9.822310e-01 7.731903e+01
9.797382e-01 3.330647e-02 -1.974934e-01 -8.397346e+01 -3.026416e-02 9.993725e-01 1.840370e-02 -7.771397e-02 1.979824e-01 -1.205383e-02 9.801314e-01 7.805983e+01
9.774641e-01 3.197864e-02 -2.086652e-01 -8.413621e+01 -2.745754e-02 9.993220e-01 2.452825e-02 -6.975447e-02 2.093081e-01 -1.824605e-02 9.776795e-01 7.877450e+01
9.748697e-01 3.434540e-02 -2.201125e-01 -8.431447e+01 -2.784183e-02 9.990812e-01 3.258190e-02 -6.675875e-02 2.210293e-01 -2.563477e-02 9.749302e-01 7.949665e+01
9.723378e-01 3.477592e-02 -2.309756e-01 -8.450745e+01 -2.712729e-02 9.989760e-01 3.620912e-02 -6.571775e-02 2.319983e-01 -2.894175e-02 9.722856e-01 8.021740e+01
9.693516e-01 3.842559e-02 -2.426538e-01 -8.468941e+01 -3.165672e-02 9.989949e-01 3.173442e-02 -5.503798e-02 2.436293e-01 -2.308019e-02 9.695938e-01 8.091378e+01
9.662110e-01 3.838832e-02 -2.548776e-01 -8.487836e+01 -3.376435e-02 9.991767e-01 2.249399e-02 -4.051664e-02 2.555313e-01 -1.312817e-02 9.667116e-01 8.158416e+01
9.630094e-01 3.562179e-02 -2.671031e-01 -8.508642e+01 -3.216053e-02 9.993326e-01 1.732339e-02 -2.351961e-02 2.675419e-01 -8.092406e-03 9.635122e-01 8.228846e+01
9.596406e-01 3.432135e-02 -2.791273e-01 -8.530717e+01 -2.927371e-02 9.993241e-01 2.223330e-02 -1.399748e-02 2.797017e-01 -1.316488e-02 9.599967e-01 8.300176e+01
9.563660e-01 3.551798e-02 -2.900044e-01 -8.553799e+01 -2.810885e-02 9.991643e-01 2.967526e-02 -1.024776e-02 2.908160e-01 -2.022872e-02 9.565651e-01 8.370225e+01
9.525695e-01 3.568069e-02 -3.022221e-01 -8.576360e+01 -2.625294e-02 9.990354e-01 3.520102e-02 -4.706471e-03 3.031866e-01 -2.559720e-02 9.525874e-01 8.441383e+01
9.486277e-01 3.150189e-02 -3.148224e-01 -8.599898e+01 -2.202077e-02 9.991918e-01 3.362821e-02 -3.399021e-03 3.156273e-01 -2.496802e-02 9.485547e-01 8.507320e+01
