1.000000e+00 0.000000e+00 0.000000e+00 0.000000e+00 0.000000e+00 1.000000e+00 0.000000e+00 0.000000e+00 0.000000e+00 0.000000e+00 1.000000e+00 0.000000e+00
9.999969e-01 2.404399e-03 6.189074e-04 -2.558318e-02 -2.405562e-03 9.999954e-01 1.884943e-03 -2.063850e-02 -6.143723e-04 -1.886426e-03 9.999980e-01 7.677436e-01
9.999856e-01 5.181557e-03 1.428261e-03 -6.053933e-02 -5.185284e-03 9.999831e-01 2.618036e-03 -4.968630e-02 -1.414671e-03 -2.625404e-03 9.999955e-01 1.523034e+00
9.999784e-01 6.235391e-03 2.104481e-03 -7.012021e-02 -6.240577e-03 9.999775e-01 2.466953e-03 -6.913179e-02 -2.089051e-03 -2.480033e-03 9.999948e-01 2.248032e+00
9.999621e-01 8.369269e-03 2.396312e-03 -7.807246e-02 -8.374597e-03 9.999624e-01 2.222367e-03 -8.142471e-02 -2.377623e-03 -2.242351e-03 9.999946e-01 2.967153e+00
9.999615e-01 8.418058e-03 2.489230e-03 -7.818681e-02 -8.422466e-03 9.999630e-01 1.766006e-03 -9.306037e-02 -2.474271e-03 -1.786903e-03 9.999954e-01 3.671860e+00
9.999586e-01 8.723848e-03 2.603070e-03 -7.488012e-02 -8.731272e-03 9.999578e-01 2.853992e-03 -1.107149e-01 -2.578062e-03 -2.876602e-03 9.999925e-01 4.374168e+00
9.999479e-01 9.609115e-03 3.440200e-03 -8.957738e-02 -9.627528e-03 9.999392e-01 5.376120e-03 -1.193129e-01 -3.388331e-03 -5.408960e-03 9.999796e-01 5.060529e+00
9.999440e-01 9.541229e-03 4.582250e-03 -7.808647e-02 -9.583102e-03 9.999117e-01 9.204511e-03 -1.246837e-01 -4.494023e-03 -9.247907e-03 9.999471e-01 5.741692e+00
9.999441e-01 8.579576e-03 6.184507e-03 -8.871553e-02 -8.656452e-03 9.998842e-01 1.251269e-02 -1.262820e-01 -6.076438e-03 -1.256553e-02 9.999026e-01 6.371300e+00
9.999421e-01 8.159962e-03 7.013198e-03 -7.938717e-02 -8.263530e-03 9.998553e-01 1.486763e-02 -1.355123e-01 -6.890864e-03 -1.492473e-02 9.998649e-01 6.989979e+00
9.999271e-01 8.627286e-03 8.444372e-03 -7.778227e-02 -8.749709e-03 9.998556e-01 1.456964e-02 -1.398810e-01 -8.317456e-03 -1.464246e-02 9.998582e-01 7.576297e+00
9.999051e-01 9.822676e-03 9.658336e-03 -7.835761e-02 -9.937359e-03 9.998798e-01 1.189862e-02 -1.482991e-01 -9.540299e-03 -1.199347e-02 9.998826e-01 8.140134e+00
9.998962e-01 9.816079e-03 1.055179e-02 -7.273405e-02 -9.908619e-03 9.999126e-01 8.753819e-03 -1.474903e-01 -1.046494e-02 -8.857464e-03 9.999060e-01 8.676963e+00
9.998964e-01 8.101257e-03 1.189505e-02 -6.391745e-02 -8.191438e-03 9.999380e-01 7.552323e-03 -1.583933e-01 -1.183313e-02 -7.648979e-03 9.999008e-01 9.180230e+00
9.998962e-01 4.219828e-03 1.377648e-02 -5.640547e-02 -4.290450e-03 9.999778e-01 5.100715e-03 -1.647685e-01 -1.375465e-02 -5.159293e-03 9.998921e-01 9.656687e+00
9.998796e-01 2.243217e-03 1.535369e-02 -4.140434e-02 -2.304813e-03 9.999894e-01 3.995291e-03 -1.754344e-01 -1.534456e-02 -4.030197e-03 9.998741e-01 1.009630e+01
9.998189e-01 6.747317e-03 1.779322e-02 -4.424325e-02 -6.782813e-03 9.999751e-01 1.935283e-03 -1.842932e-01 -1.777972e-02 -2.055621e-03 9.998398e-01 1.051574e+01
9.997120e-01 1.143096e-02 2.109723e-02 -4.907067e-02 -1.146226e-02 9.999334e-01 1.362868e-03 -1.969365e-01 -2.108025e-02 -1.604298e-03 9.997765e-01 1.089338e+01
9.996313e-01 1.170177e-02 2.449931e-02 -3.835617e-02 -1.175888e-02 9.999285e-01 2.188453e-03 -2.048019e-01 -2.447195e-02 -2.475731e-03 9.996974e-01 1.125888e+01
9.995950e-01 7.447721e-03 2.746437e-02 -2.178647e-02 -7.522112e-03 9.999683e-01 2.606340e-03 -2.083424e-01 -2.744409e-02 -2.811875e-03 9.996194e-01 1.158367e+01
9.995475e-01 2.784483e-03 2.995009e-02 3.212410e-03 -2.852357e-03 9.999934e-01 2.223757e-03 -2.094214e-01 -2.994370e-02 -2.308179e-03 9.995489e-01 1.187297e+01
9.994680e-01 -8.659816e-04 3.260259e-02 1.343208e-02 7.456890e-04 9.999928e-01 3.701644e-03 -2.168084e-01 -3.260557e-02 -3.675363e-03 9.994615e-01 1.213020e+01
9.993887e-01 -9.767255e-04 3.494648e-02 2.598932e-02 8.186062e-04 9.999894e-01 4.538633e-03 -2.203312e-01 -3.495054e-02 -4.507252e-03 9.993789e-01 1.236956e+01
9.993116e-01 -2.970429e-04 3.709859e-02 3.175436e-02 1.535379e-04 9.999925e-01 3.870994e-03 -2.305610e-01 -3.709946e-02 -3.862633e-03 9.993041e-01 1.258159e+01
9.992309e-01 7.483969e-04 3.920530e-02 4.110985e-02 -8.411974e-04 9.999969e-01 2.350597e-03 -2.338959e-01 -3.920342e-02 -2.381769e-03 9.992284e-01 1.276765e+01
9.991276e-01 2.873436e-03 4.166242e-02 4.522789e-02 -2.942735e-03 9.999944e-01 1.602112e-03 -2.383980e-01 -4.165758e-02 -1.723316e-03 9.991305e-01 1.294516e+01
9.990589e-01 5.728353e-03 4.299453e-02 5.304522e-02 -5.773090e-03 9.999829e-01 9.164366e-04 -2.435360e-01 -4.298855e-02 -1.163785e-03 9.990749e-01 1.310986e+01
9.989786e-01 6.958034e-03 4.464703e-02 5.147396e-02 -6.957903e-03 9.999758e-01 -1.583434e-04 -2.554749e-01 -4.464705e-02 -1.524681e-04 9.990028e-01 1.326425e+01
9.988928e-01 6.174910e-03 4.663746e-02 5.917130e-02 -6.088142e-03 9.999794e-01 -2.002283e-03 -2.599356e-01 -4.664886e-02 1.716131e-03 9.989099e-01 1.342451e+01
9.988444e-01 4.524570e-03 4.784775e-02 7.807593e-02 -4.357003e-03 9.999840e-01 -3.605799e-03 -2.599277e-01 -4.786330e-02 3.393159e-03 9.988481e-01 1.356776e+01
9.987906e-01 3.816701e-03 4.901809e-02 8.720398e-02 -3.603316e-03 9.999837e-01 -4.440818e-03 -2.652715e-01 -4.903423e-02 4.258820e-03 9.987880e-01 1.370044e+01
9.987108e-01 4.479563e-03 5.056360e-02 9.625987e-02 -4.188356e-03 9.999740e-01 -5.863708e-03 -2.674037e-01 -5.058856e-02 5.644370e-03 9.987037e-01 1.383406e+01
9.986502e-01 5.501937e-03 5.164782e-02 1.028186e-01 -5.100299e-03 9.999558e-01 -7.905055e-03 -2.755636e-01 -5.168903e-02 7.630966e-03 9.986341e-01 1.395659e+01
9.985971e-01 5.814629e-03 5.263117e-02 1.085723e-01 -5.280986e-03 9.999333e-01 -1.027269e-02 -2.737117e-01 -5.268739e-02 9.980336e-03 9.985612e-01 1.407753e+01
9.985495e-01 5.099056e-03 5.359880e-02 1.121709e-01 -4.420897e-03 9.999087e-01 -1.276345e-02 -2.764331e-01 -5.365899e-02 1.250798e-02 9.984810e-01 1.419613e+01
9.985868e-01 3.637204e-03 5.302050e-02 1.232690e-01 -2.878673e-03 9.998925e-01 -1.437571e-02 -2.814519e-01 -5.306709e-02 1.420277e-02 9.984899e-01 1.432729e+01
9.986940e-01 3.334093e-03 5.098225e-02 1.274582e-01 -2.542255e-03 9.998752e-01 -1.558860e-02 -2.852521e-01 -5.102786e-02 1.543863e-02 9.985779e-01 1.443855e+01
9.988709e-01 3.224988e-03 4.739772e-02 1.475962e-01 -2.445645e-03 9.998610e-01 -1.649144e-02 -2.949301e-01 -4.744431e-02 1.635690e-02 9.987400e-01 1.458706e+01
9.990276e-01 4.313443e-03 4.387815e-02 1.327309e-01 -3.531309e-03 9.998338e-01 -1.788707e-02 -2.907482e-01 -4.394801e-02 1.771473e-02 9.988768e-01 1.469707e+01
9.992467e-01 4.604808e-03 3.853455e-02 1.204773e-01 -3.882546e-03 9.998158e-01 -1.879711e-02 -2.979038e-01 -3.861401e-02 1.863334e-02 9.990805e-01 1.479920e+01
9.994925e-01 4.131642e-03 3.158446e-02 1.248250e-01 -3.514596e-03 9.998024e-01 -1.956698e-02 -3.010498e-01 -3.165907e-02 1.944604e-02 9.993095e-01 1.492527e+01
9.996936e-01 4.649364e-03 2.431131e-02 1.224532e-01 -4.155366e-03 9.997846e-01 -2.033088e-02 -3.025122e-01 -2.440060e-02 2.022363e-02 9.994977e-01 1.505589e+01
9.998570e-01 4.372772e-03 1.633497e-02 1.130463e-01 -4.026714e-03 9.997680e-01 -2.115827e-02 -3.099104e-01 -1.642370e-02 2.108947e-02 9.996427e-01 1.518451e+01
9.999735e-01 3.217229e-03 6.528294e-03 1.036629e-01 -3.070042e-03 9.997436e-01 -2.243226e-02 -3.110971e-01 -6.598790e-03 2.241162e-02 9.997271e-01 1.533159e+01
9.999763e-01 1.585583e-03 -6.694451e-03 9.598099e-02 -1.746804e-03 9.997069e-01 -2.414595e-02 -3.110645e-01 6.654204e-03 2.415707e-02 9.996860e-01 1.549190e+01
9.997396e-01 1.120628e-03 -2.279130e-02 7.849920e-02 -1.713763e-03 9.996599e-01 -2.602174e-02 -3.195210e-01 2.275439e-02 2.605402e-02 9.994015e-01 1.565031e+01
9.991074e-01 1.426869e-03 -4.221942e-02 5.785240e-02 -2.564293e-03 9.996349e-01 -2.689891e-02 -3.240533e-01 4.216562e-02 2.698316e-02 9.987462e-01 1.583011e+01
9.979507e-01 1.888019e-03 -6.395967e-02 1.835489e-02 -3.593069e-03 9.996409e-01 -2.655368e-02 -3.260483e-01 6.388658e-02 2.672907e-02 9.975991e-01 1.601142e+01
9.961618e-01 3.015840e-03 -8.747941e-02 -2.855899e-02 -5.219289e-03 9.996746e-01 -2.497042e-02 -3.387809e-01 8.737564e-02 2.533115e-02 9.958533e-01 1.621952e+01
9.934756e-01 4.104111e-03 -1.139713e-01 -8.160514e-02 -6.819195e-03 9.997019e-01 -2.344289e-02 -3.468111e-01 1.138411e-01 2.406713e-02 9.932074e-01 1.643376e+01
9.895616e-01 5.263309e-03 -1.440144e-01 -1.457851e-01 -8.436545e-03 9.997347e-01 -2.143235e-02 -3.507834e-01 1.438634e-01 2.242362e-02 9.893435e-01 1.665586e+01
9.841579e-01 5.402460e-03 -1.772122e-01 -2.067769e-01 -8.674448e-03 9.998058e-01 -1.769412e-02 -3.600283e-01 1.770822e-01 1.895103e-02 9.840136e-01 1.688045e+01
9.767811e-01 6.182963e-03 -2.141506e-01 -2.642015e-01 -9.342915e-03 9.998618e-01 -1.374674e-02 -3.639480e-01 2.140360e-01 1.542835e-02 9.767039e-01 1.708129e+01
9.672540e-01 7.706788e-03 -2.536933e-01 -3.732910e-01 -1.021266e-02 9.999112e-01 -8.562043e-03 -3.625671e-01 2.536048e-01 1.087255e-02 9.672468e-01 1.733862e+01
9.552372e-01 1.056328e-02 -2.956523e-01 -4.677818e-01 -1.215428e-02 9.999198e-01 -3.543966e-03 -3.646360e-01 2.955912e-01 6.978768e-03 9.552890e-01 1.756425e+01
9.413767e-01 1.434851e-02 -3.370518e-01 -6.081524e-01 -1.489653e-02 9.998886e-01 9.602763e-04 -3.689165e-01 3.370281e-01 4.116920e-03 9.414856e-01 1.779951e+01
9.246306e-01 1.642151e-02 -3.805110e-01 -7.531936e-01 -1.504437e-02 9.998651e-01 6.593275e-03 -3.724373e-01 3.805679e-01 -3.717970e-04 9.247529e-01 1.807706e+01
9.053980e-01 2.006935e-02 -4.240892e-01 -9.162749e-01 -1.537740e-02 9.997768e-01 1.448328e-02 -3.814525e-01 4.242852e-01 -6.591743e-03 9.055046e-01 1.835007e+01
8.836042e-01 2.469297e-02 -4.675831e-01 -1.098710e+00 -1.670104e-02 9.996351e-01 2.123015e-02 -3.849333e-01 4.679367e-01 -1.094992e-02 8.836942e-01 1.862176e+01
8.586672e-01 3.000486e-02 -5.116545e-01 -1.279393e+00 -1.946499e-02 9.994738e-01 2.594548e-02 -3.905465e-01 5.121638e-01 -1.231919e-02 8.587995e-01 1.887247e+01
8.308583e-01 3.225262e-02 -5.555485e-01 -1.518407e+00 -1.957531e-02 9.993951e-01 2.874419e-02 -3.765951e-01 5.561395e-01 -1.300732e-02 8.309872e-01 1.915211e+01
7.996793e-01 3.604641e-02 -5.993444e-01 -1.756556e+00 -2.216504e-02 9.992881e-01 3.052640e-02 -3.741603e-01 6.000181e-01 -1.112684e-02 7.999090e-01 1.942426e+01
7.659862e-01 3.893474e-02 -6.416768e-01 -2.043433e+00 -2.270297e-02 9.991800e-01 3.352568e-02 -3.678501e-01 6.424560e-01 -1.111224e-02 7.662420e-01 1.970438e+01
7.289430e-01 4.327256e-02 -6.832053e-01 -2.360435e+00 -2.422660e-02 9.990057e-01 3.742611e-02 -3.566868e-01 6.841455e-01 -1.072975e-02 7.292666e-01 1.998760e+01
6.898122e-01 4.433602e-02 -7.226295e-01 -2.691694e+00 -2.184853e-02 9.989434e-01 4.043260e-02 -3.435431e-01 7.236586e-01 -1.210251e-02 6.900521e-01 2.025515e+01
6.489321e-01 4.428727e-02 -7.595563e-01 -3.050036e+00 -1.920891e-02 9.989399e-01 4.183369e-02 -3.309517e-01 7.606038e-01 -1.255697e-02 6.490949e-01 2.051631e+01
6.065120e-01 4.281581e-02 -7.939207e-01 -3.428309e+00 -1.378192e-02 9.989651e-01 4.334513e-02 -3.114784e-01 7.949549e-01 -1.534759e-02 6.064744e-01 2.075932e+01
5.618152e-01 4.320130e-02 -8.261340e-01 -3.817041e+00 -9.348941e-03 9.989033e-01 4.587821e-02 -2.994305e-01 8.272099e-01 -1.805160e-02 5.616030e-01 2.099067e+01
5.147831e-01 4.435976e-02 -8.561720e-01 -4.236041e+00 -7.169776e-03 9.988483e-01 4.744116e-02 -2.807707e-01 8.572904e-01 -1.828335e-02 5.145082e-01 2.120901e+01
4.647519e-01 4.393289e-02 -8.843504e-01 -4.683525e+00 -5.252284e-03 9.988875e-01 4.686266e-02 -2.633173e-01 8.854254e-01 -1.713465e-02 4.644656e-01 2.141073e+01
4.124009e-01 4.271922e-02 -9.100003e-01 -5.141201e+00 -1.574630e-04 9.989033e-01 4.682133e-02 -2.401409e-01 9.110025e-01 -1.916587e-02 4.119554e-01 2.158691e+01
3.587941e-01 4.160999e-02 -9.324888e-01 -5.637445e+00 3.853089e-03 9.989313e-01 4.605738e-02 -2.121070e-01 9.334088e-01 -2.011808e-02 3.582503e-01 2.174871e+01
3.048932e-01 4.044329e-02 -9.515274e-01 -6.181400e+00 5.978507e-03 9.989970e-01 4.437658e-02 -1.802068e-01 9.523678e-01 -1.921883e-02 3.043456e-01 2.189022e+01
2.514210e-01 4.614948e-02 -9.667770e-01 -6.747291e+00 6.867291e-03 9.987524e-01 4.946175e-02 -1.538028e-01 9.678535e-01 -1.907486e-02 2.507904e-01 2.200283e+01
2.000470e-01 5.131966e-02 -9.784414e-01 -7.320159e+00 9.770733e-03 9.984732e-01 5.436800e-02 -1.303759e-01 9.797376e-01 -2.043625e-02 1.992401e-01 2.208442e+01
1.518801e-01 5.279411e-02 -9.869879e-01 -7.877312e+00 1.527655e-02 9.983278e-01 5.575147e-02 -1.128206e-01 9.882809e-01 -2.354531e-02 1.508196e-01 2.214535e+01
1.073277e-01 5.417380e-02 -9.927467e-01 -8.509994e+00 1.791234e-02 9.982470e-01 5.641048e-02 -9.290690e-02 9.940623e-01 -2.383683e-02 1.061692e-01 2.218814e+01
6.671385e-02 5.243154e-02 -9.963936e-01 -9.112796e+00 1.766821e-02 9.983997e-01 5.372009e-02 -6.628431e-02 9.976157e-01 -2.118837e-02 6.568072e-02 2.221183e+01
3.128660e-02 4.807555e-02 -9.983536e-01 -9.772530e+00 1.502807e-02 9.987071e-01 4.856352e-02 -3.141367e-02 9.993975e-01 -1.652272e-02 3.052367e-02 2.220159e+01
2.663939e-03 4.795953e-02 -9.988458e-01 -1.041519e+01 1.266693e-02 9.987675e-01 4.798956e-02 2.800844e-04 9.999162e-01 -1.278015e-02 2.053155e-03 2.218845e+01
-1.693098e-02 5.228135e-02 -9.984888e-01 -1.123535e+01 1.299120e-02 9.985592e-01 5.206475e-02 4.994905e-02 9.997723e-01 -1.209006e-02 -1.758578e-02 2.218637e+01
-2.974898e-02 5.815197e-02 -9.978644e-01 -1.195184e+01 1.449672e-02 9.982263e-01 5.774087e-02 8.352120e-02 9.994523e-01 -1.274803e-02 -3.053923e-02 2.215368e+01
-3.766660e-02 6.075487e-02 -9.974418e-01 -1.270897e+01 1.377746e-02 9.980868e-01 6.027388e-02 1.185059e-01 9.991954e-01 -1.147190e-02 -3.843159e-02 2.211325e+01
-4.159999e-02 5.795176e-02 -9.974523e-01 -1.346290e+01 1.494536e-02 9.982409e-01 5.737426e-02 1.517803e-01 9.990225e-01 -1.252052e-02 -4.239292e-02 2.207566e+01
-4.059117e-02 5.411985e-02 -9.977091e-01 -1.425672e+01 2.251171e-02 9.983281e-01 5.323755e-02 1.874009e-01 9.989222e-01 -2.029916e-02 -4.174164e-02 2.204674e+01
-3.674241e-02 5.273501e-02 -9.979324e-01 -1.506330e+01 3.432364e-02 9.980841e-01 5.147928e-02 2.208049e-01 9.987351e-01 -3.236119e-02 -3.848207e-02 2.204681e+01
-3.139542e-02 5.311078e-02 -9.980950e-01 -1.587714e+01 3.553040e-02 9.980154e-01 5.198893e-02 2.523556e-01 9.988753e-01 -3.383050e-02 -3.322016e-02 2.202376e+01
-2.674523e-02 5.134703e-02 -9.983227e-01 -1.677572e+01 3.331066e-02 9.981711e-01 5.044683e-02 2.942588e-01 9.990872e-01 -3.190558e-02 -2.840672e-02 2.201480e+01
-2.396881e-02 4.499233e-02 -9.986997e-01 -1.764497e+01 3.725604e-02 9.983330e-01 4.408166e-02 3.299808e-01 9.990183e-01 -3.615101e-02 -2.560510e-02 2.200655e+01
-2.154609e-02 3.445271e-02 -9.991741e-01 -1.848272e+01 3.500866e-02 9.988191e-01 3.368555e-02 3.541576e-01 9.991547e-01 -3.425395e-02 -2.272679e-02 2.197643e+01
-2.081471e-02 2.623625e-02 -9.994391e-01 -1.935241e+01 2.754897e-02 9.992911e-01 2.565862e-02 3.706070e-01 9.994037e-01 -2.699944e-02 -2.152274e-02 2.193569e+01
-2.214172e-02 2.320424e-02 -9.994855e-01 -2.025478e+01 2.139280e-02 9.995127e-01 2.273095e-02 3.962140e-01 9.995259e-01 -2.087849e-02 -2.262734e-02 2.190118e+01
-2.580356e-02 2.929978e-02 -9.992375e-01 -2.124273e+01 1.237326e-02 9.995032e-01 2.898805e-02 4.185807e-01 9.995905e-01 -1.161584e-02 -2.615328e-02 2.185832e+01
-3.104442e-02 3.755891e-02 -9.988121e-01 -2.221217e+01 7.306565e-03 9.992756e-01 3.734924e-02 4.362915e-01 9.994913e-01 -6.138399e-03 -3.129636e-02 2.181323e+01
-3.586341e-02 4.688217e-02 -9.982564e-01 -2.318993e+01 5.762169e-03 9.988921e-01 4.670502e-02 4.728564e-01 9.993401e-01 -4.077121e-03 -3.609382e-02 2.177092e+01
-3.737460e-02 5.699710e-02 -9.976745e-01 -2.415085e+01 4.522445e-03 9.983715e-01 5.686750e-02 5.054938e-01 9.992911e-01 -2.386528e-03 -3.757150e-02 2.173025e+01
-3.827652e-02 6.453642e-02 -9.971810e-01 -2.515448e+01 6.746740e-03 9.979062e-01 6.432439e-02 5.554171e-01 9.992444e-01 -4.265607e-03 -3.863179e-02 2.168425e+01
-3.990341e-02 6.571986e-02 -9.970399e-01 -2.615062e+01 7.459095e-03 9.978265e-01 6.547318e-02 5.912404e-01 9.991757e-01 -4.824413e-03 -4.030688e-02 2.164017e+01
-4.191737e-02 6.280178e-02 -9.971454e-01 -2.716742e+01 6.240433e-03 9.980195e-01 6.259450e-02 6.461257e-01 9.991016e-01 -3.598822e-03 -4.222626e-02 2.160139e+01
-4.432099e-02 5.755734e-02 -9.973579e-01 -2.816609e+01 5.329334e-03 9.983383e-01 5.737709e-02 6.914091e-01 9.990031e-01 -2.772244e-03 -4.455408e-02 2.154240e+01
-4.920097e-02 5.258539e-02 -9.974036e-01 -2.918610e+01 5.915717e-03 9.986109e-01 5.235722e-02 7.315688e-01 9.987714e-01 -3.324332e-03 -4.944370e-02 2.149133e+01
-5.495781e-02 4.768210e-02 -9.973495e-01 -3.021694e+01 6.204003e-03 9.988561e-01 4.741227e-02 7.772403e-01 9.984694e-01 -3.581886e-03 -5.519076e-02 2.143252e+01
-6.173138e-02 4.609568e-02 -9.970278e-01 -3.122549e+01 5.539426e-03 9.989334e-01 4.584081e-02 8.058972e-01 9.980775e-01 -2.693145e-03 -6.192088e-02 2.135818e+01
-6.844612e-02 4.842191e-02 -9.964790e-01 -3.227155e+01 5.490283e-03 9.988246e-01 4.815877e-02 8.471653e-01 9.976397e-01 -2.174671e-03 -6.863152e-02 2.128166e+01
-7.486808e-02 5.337730e-02 -9.957638e-01 -3.333328e+01 3.877867e-03 9.985744e-01 5.323639e-02 8.805036e-01 9.971859e-01 1.242663e-04 -7.496834e-02 2.119453e+01
-8.087303e-02 5.629421e-02 -9.951334e-01 -3.440938e+01 1.299744e-03 9.984089e-01 5.637388e-02 9.222875e-01 9.967236e-01 3.265708e-03 -8.081751e-02 2.109079e+01
-8.570418e-02 5.832652e-02 -9.946119e-01 -3.545382e+01 -1.923232e-03 9.982734e-01 5.870696e-02 9.749169e-01 9.963188e-01 6.944302e-03 -8.544403e-02 2.099123e+01
-8.800040e-02 5.939612e-02 -9.943480e-01 -3.655877e+01 -6.455091e-03 9.981657e-01 6.019545e-02 1.028447e+00 9.960995e-01 1.171583e-02 -8.745558e-02 2.086635e+01
-8.957359e-02 6.100088e-02 -9.941104e-01 -3.764378e+01 -1.059019e-02 9.980079e-01 6.219426e-02 1.070033e+00 9.959239e-01 1.609877e-02 -8.874914e-02 2.074991e+01
-9.165844e-02 6.115984e-02 -9.939106e-01 -3.867704e+01 -1.249173e-02 9.979630e-01 6.256119e-02 1.086812e+00 9.957122e-01 1.814992e-02 -9.070773e-02 2.066072e+01
-9.387151e-02 6.209267e-02 -9.936461e-01 -3.956702e+01 -8.703764e-03 9.979639e-01 6.318474e-02 1.122278e+00 9.955463e-01 1.457971e-02 -9.313994e-02 2.059128e+01
-9.506263e-02 6.136454e-02 -9.935781e-01 -4.065699e+01 -9.502024e-03 9.979968e-01 6.254657e-02 1.173726e+00 9.954259e-01 1.538684e-02 -9.428911e-02 2.048113e+01
-9.600035e-02 6.082611e-02 -9.935211e-01 -4.171423e+01 -1.137346e-02 9.979990e-01 6.219923e-02 1.214951e+00 9.953163e-01 1.727092e-02 -9.511645e-02 2.036950e+01
-9.674167e-02 5.794027e-02 -9.936216e-01 -4.280377e+01 -1.642902e-02 9.980752e-01 5.979954e-02 1.274587e+00 9.951739e-01 2.210933e-02 -9.560356e-02 2.024658e+01
-9.774118e-02 5.373786e-02 -9.937600e-01 -4.388807e+01 -2.096368e-02 9.982084e-01 5.604029e-02 1.303999e+00 9.949911e-01 2.631031e-02 -9.643953e-02 2.014357e+01
-9.643510e-02 5.306115e-02 -9.939240e-01 -4.501313e+01 -2.231255e-02 9.982119e-01 5.545493e-02 1.352483e+00 9.950892e-01 2.752478e-02 -9.507873e-02 2.001294e+01
-9.543526e-02 5.749757e-02 -9.937737e-01 -4.614767e+01 -2.337526e-02 9.979257e-01 5.998260e-02 1.395056e+00 9.951612e-01 2.895418e-02 -9.389327e-02 1.990637e+01
-9.342825e-02 6.050057e-02 -9.937861e-01 -4.727535e+01 -2.363735e-02 9.977359e-01 6.296323e-02 1.446305e+00 9.953454e-01 2.937301e-02 -9.178665e-02 1.979227e+01
-9.203447e-02 5.979478e-02 -9.939589e-01 -4.837587e+01 -2.209042e-02 9.978271e-01 6.207292e-02 1.509761e+00 9.955108e-01 2.766982e-02 -9.051360e-02 1.969010e+01
-8.957455e-02 5.910190e-02 -9.942250e-01 -4.949721e+01 -2.181251e-02 9.978819e-01 6.128448e-02 1.560230e+00 9.957412e-01 2.717607e-02 -8.809566e-02 1.958814e+01
-8.528752e-02 5.961462e-02 -9.945713e-01 -5.063967e+01 -2.604904e-02 9.977338e-01 6.203797e-02 1.615136e+00 9.960158e-01 3.119870e-02 -8.354133e-02 1.947728e+01
-7.904789e-02 6.047533e-02 -9.950348e-01 -5.176520e+01 -3.142223e-02 9.975110e-01 6.312209e-02 1.669261e+00 9.963754e-01 3.625588e-02 -7.695087e-02 1.935980e+01
-7.311349e-02 5.978429e-02 -9.955301e-01 -5.289464e+01 -3.554606e-02 9.974113e-01 6.250782e-02 1.728010e+00 9.966900e-01 3.995734e-02 -7.079912e-02 1.926128e+01
-6.715484e-02 5.935239e-02 -9.959757e-01 -5.401662e+01 -3.661049e-02 9.974103e-01 6.190638e-02 1.775281e+00 9.970707e-01 4.062047e-02 -6.480800e-02 1.917430e+01
-6.157247e-02 5.836584e-02 -9.963946e-01 -5.514106e+01 -3.634639e-02 9.974955e-01 6.067636e-02 1.829842e+00 9.974406e-01 3.995135e-02 -5.929688e-02 1.910757e+01
-5.529271e-02 5.806429e-02 -9.967805e-01 -5.631633e+01 -3.472770e-02 9.975918e-01 6.003794e-02 1.886579e+00 9.978661e-01 3.793556e-02 -5.314311e-02 1.901802e+01
-5.000845e-02 5.904159e-02 -9.970021e-01 -5.741721e+01 -3.430120e-02 9.975607e-01 6.079517e-02 1.928544e+00 9.981596e-01 3.723864e-02 -4.786127e-02 1.897128e+01
-4.465051e-02 6.056290e-02 -9.971652e-01 -5.856688e+01 -3.347272e-02 9.975095e-01 6.208263e-02 1.982728e+00 9.984418e-01 3.614985e-02 -4.251211e-02 1.892075e+01
-3.944094e-02 6.187237e-02 -9.973045e-01 -5.972001e+01 -3.422465e-02 9.974118e-01 6.323253e-02 2.034826e+00 9.986356e-01 3.662634e-02 -3.722130e-02 1.887269e+01
-3.400019e-02 6.111377e-02 -9.975516e-01 -6.088332e+01 -3.434674e-02 9.974676e-01 6.227930e-02 2.091274e+00 9.988315e-01 3.638015e-02 -3.181503e-02 1.882133e+01
-2.907458e-02 5.692735e-02 -9.979549e-01 -6.204313e+01 -3.419333e-02 9.977360e-01 5.791105e-02 2.130387e+00 9.989923e-01 3.580714e-02 -2.706222e-02 1.878843e+01
-2.461260e-02 5.159248e-02 -9.983649e-01 -6.319649e+01 -3.421709e-02 9.980388e-01 5.241918e-02 2.177061e+00 9.991113e-01 3.545132e-02 -2.279898e-02 1.875579e+01
-2.091174e-02 5.137853e-02 -9.984603e-01 -6.436001e+01 -3.375401e-02 9.980730e-01 5.206555e-02 2.215509e+00 9.992114e-01 3.479082e-02 -1.913721e-02 1.872985e+01
-1.761816e-02 5.373470e-02 -9.983998e-01 -6.550885e+01 -3.336346e-02 9.979671e-01 5.430016e-02 2.261671e+00 9.992880e-01 3.426674e-02 -1.578956e-02 1.870115e+01
-1.466728e-02 5.283478e-02 -9.984955e-01 -6.682657e+01 -3.185728e-02 9.980713e-01 5.328029e-02 2.323560e+00 9.993848e-01 3.259083e-02 -1.295582e-02 1.867332e+01
-1.345790e-02 5.257825e-02 -9.985261e-01 -6.801156e+01 -3.387073e-02 9.980195e-01 5.300808e-02 2.371148e+00 9.993356e-01 3.453419e-02 -1.165038e-02 1.864962e+01
-1.263269e-02 5.310883e-02 -9.985088e-01 -6.919182e+01 -3.538077e-02 9.979395e-01 5.352617e-02 2.423992e+00 9.992940e-01 3.600419e-02 -1.072763e-02 1.862443e+01
-1.164863e-02 5.286835e-02 -9.985335e-01 -7.036447e+01 -3.600387e-02 9.979316e-01 5.325649e-02 2.466605e+00 9.992837e-01 3.657144e-02 -9.721073e-03 1.860783e+01
-1.050929e-02 5.058381e-02 -9.986645e-01 -7.155051e+01 -3.652476e-02 9.980338e-01 5.093623e-02 2.512621e+00 9.992775e-01 3.701129e-02 -8.641069e-03 1.858799e+01
-9.889985e-03 4.939435e-02 -9.987304e-01 -7.273277e+01 -3.472532e-02 9.981598e-01 4.971000e-02 2.553426e+00 9.993480e-01 3.517286e-02 -8.156552e-03 1.857183e+01
-9.143745e-03 4.934388e-02 -9.987400e-01 -7.392640e+01 -3.126901e-02 9.982792e-01 4.960739e-02 2.595284e+00 9.994692e-01 3.168321e-02 -7.585076e-03 1.855025e+01
-8.912404e-03 5.006927e-02 -9.987060e-01 -7.513063e+01 -2.931252e-02 9.983034e-01 5.031066e-02 2.634359e+00 9.995306e-01 2.972298e-02 -7.429627e-03 1.853646e+01
-8.620775e-03 5.307274e-02 -9.985535e-01 -7.629530e+01 -2.876745e-02 9.981641e-01 5.330040e-02 2.672055e+00 9.995490e-01 2.918532e-02 -7.078181e-03 1.851736e+01
-7.567227e-03 5.647359e-02 -9.983754e-01 -7.748971e+01 -3.107721e-02 9.979085e-01 5.668273e-02 2.719235e+00 9.994884e-01 3.145565e-02 -5.796358e-03 1.847969e+01
-7.284311e-03 5.662864e-02 -9.983687e-01 -7.867610e+01 -3.360577e-02 9.978174e-01 5.684257e-02 2.760882e+00 9.994086e-01 3.396501e-02 -5.365363e-03 1.847278e+01
-6.922631e-03 5.440431e-02 -9.984950e-01 -7.987447e+01 -3.453290e-02 9.979103e-01 5.461188e-02 2.814897e+00 9.993796e-01 3.485899e-02 -5.029426e-03 1.845600e+01
-7.153217e-03 5.249098e-02 -9.985958e-01 -8.103777e+01 -3.461152e-02 9.980100e-01 5.270812e-02 2.848016e+00 9.993752e-01 3.493995e-02 -5.322189e-03 1.845946e+01
-7.521613e-03 5.187384e-02 -9.986253e-01 -8.221770e+01 -3.283988e-02 9.981021e-01 5.209401e-02 2.886079e+00 9.994323e-01 3.318656e-02 -5.803807e-03 1.844667e+01
-7.775359e-03 5.314538e-02 -9.985565e-01 -8.339650e+01 -3.154191e-02 9.980768e-01 5.336545e-02 2.930704e+00 9.994722e-01 3.191131e-02 -6.084099e-03 1.844155e+01
-7.177595e-03 5.566576e-02 -9.984236e-01 -8.458334e+01 -3.104476e-02 9.979557e-01 5.586285e-02 2.981299e+00 9.994922e-01 3.139678e-02 -5.434792e-03 1.842272e+01
-6.759439e-03 5.778149e-02 -9.983064e-01 -8.575273e+01 -3.178928e-02 9.978122e-01 5.796813e-02 3.029495e+00 9.994717e-01 3.212727e-02 -4.907819e-03 1.841367e+01
-6.403371e-03 5.792460e-02 -9.983004e-01 -8.696101e+01 -3.138778e-02 9.978173e-01 5.809790e-02 3.078171e+00 9.994867e-01 3.170646e-02 -4.571270e-03 1.840093e+01
-6.550174e-03 5.614632e-02 -9.984010e-01 -8.814050e+01 -3.136086e-02 9.979199e-01 5.632500e-02 3.114239e+00 9.994867e-01 3.167966e-02 -4.775752e-03 1.839428e+01
-6.068816e-03 5.474611e-02 -9.984819e-01 -8.932041e+01 -2.990641e-02 9.980437e-01 5.490386e-02 3.161328e+00 9.995343e-01 3.019421e-02 -4.419684e-03 1.838519e+01
-5.849416e-03 5.555022e-02 -9.984388e-01 -9.049771e+01 -2.841771e-02 9.980434e-01 5.569470e-02 3.208079e+00 9.995790e-01 2.869913e-02 -4.259361e-03 1.836655e+01
-5.574899e-03 5.863535e-02 -9.982639e-01 -9.168051e+01 -2.634292e-02 9.979243e-01 5.876252e-02 3.252143e+00 9.996374e-01 2.662479e-02 -4.018701e-03 1.835402e+01
-5.589972e-03 6.130158e-02 -9.981036e-01 -9.286676e+01 -2.553374e-02 9.977850e-01 6.142502e-02 3.300197e+00 9.996583e-01 2.582868e-02 -4.012332e-03 1.834914e+01
-4.768724e-03 6.305759e-02 -9.979985e-01 -9.405711e+01 -2.525870e-02 9.976838e-01 6.315840e-02 3.349025e+00 9.996696e-01 2.550933e-02 -3.164926e-03 1.833348e+01
-4.233213e-03 6.491923e-02 -9.978815e-01 -9.521880e+01 -2.788254e-02 9.974948e-01 6.501235e-02 3.399682e+00 9.996023e-01 2.809868e-02 -2.412495e-03 1.831133e+01
-4.265893e-03 6.402684e-02 -9.979391e-01 -9.636236e+01 -3.016422e-02 9.974858e-01 6.412670e-02 3.452920e+00 9.995359e-01 3.037561e-02 -2.323848e-03 1.830419e+01
-4.367773e-03 6.022884e-02 -9.981750e-01 -9.748481e+01 -3.251161e-02 9.976483e-01 6.033932e-02 3.500890e+00 9.994618e-01 3.271583e-02 -2.399365e-03 1.828693e+01
-4.057481e-03 5.897682e-02 -9.982511e-01 -9.860758e+01 -3.289304e-02 9.977112e-01 5.907862e-02 3.534261e+00 9.994506e-01 3.307522e-02 -2.108268e-03 1.826853e+01
-4.082012e-03 5.731582e-02 -9.983478e-01 -9.975801e+01 -3.310722e-02 9.978010e-01 5.741980e-02 3.581509e+00 9.994435e-01 3.328691e-02 -2.175468e-03 1.826131e+01
-3.984337e-03 5.766915e-02 -9.983278e-01 -1.009399e+02 -3.167242e-02 9.978276e-01 5.776666e-02 3.632932e+00 9.994904e-01 3.184962e-02 -2.149160e-03 1.825585e+01
-4.180767e-03 5.982627e-02 -9.982001e-01 -1.021041e+02 -3.067080e-02 9.977314e-01 5.992664e-02 3.677589e+00 9.995208e-01 3.086613e-02 -2.336363e-03 1.824686e+01
-4.034792e-03 6.147148e-02 -9.981007e-01 -1.032603e+02 -2.974590e-02 9.976597e-01 6.156457e-02 3.733883e+00 9.995493e-01 2.993781e-02 -2.196825e-03 1.823613e+01
-4.482136e-03 6.045775e-02 -9.981607e-01 -1.044137e+02 -3.272633e-02 9.976272e-01 6.057239e-02 3.784873e+00 9.994543e-01 3.293762e-02 -2.492940e-03 1.821995e+01
-5.717917e-03 6.223590e-02 -9.980451e-01 -1.056225e+02 -3.752929e-02 9.973449e-01 6.240725e-02 3.848418e+00 9.992791e-01 3.781277e-02 -3.367066e-03 1.821511e+01
-5.928648e-03 6.162143e-02 -9.980820e-01 -1.068104e+02 -4.099341e-02 9.972456e-01 6.181329e-02 3.895007e+00 9.991418e-01 4.128125e-02 -3.386245e-03 1.819160e+01
-6.090881e-03 5.783864e-02 -9.983073e-01 -1.080103e+02 -4.213645e-02 9.974244e-01 5.804457e-02 3.950999e+00 9.990933e-01 4.241868e-02 -3.638078e-03 1.817586e+01
-7.047240e-03 5.396973e-02 -9.985177e-01 -1.092157e+02 -4.241020e-02 9.976279e-01 5.422096e-02 4.002501e+00 9.990754e-01 4.272944e-02 -4.741657e-03 1.816796e+01
-8.001397e-03 5.328862e-02 -9.985471e-01 -1.104111e+02 -3.879778e-02 9.978106e-01 5.356020e-02 4.041945e+00 9.992151e-01 3.916997e-02 -5.916399e-03 1.815661e+01
-8.205386e-03 5.233723e-02 -9.985958e-01 -1.115989e+02 -3.431866e-02 9.980264e-01 5.258938e-02 4.093299e+00 9.993773e-01 3.470198e-02 -6.393048e-03 1.813650e+01
-8.720037e-03 5.443654e-02 -9.984791e-01 -1.128665e+02 -3.338717e-02 9.979445e-01 5.469897e-02 4.135362e+00 9.994044e-01 3.381337e-02 -6.884631e-03 1.814035e+01
-9.268407e-03 5.849200e-02 -9.982448e-01 -1.140900e+02 -3.259291e-02 9.977396e-01 5.876501e-02 4.185188e+00 9.994257e-01 3.308037e-02 -7.341032e-03 1.812452e+01
-9.812851e-03 5.823002e-02 -9.982550e-01 -1.153162e+02 -3.082815e-02 9.978109e-01 5.850716e-02 4.241940e+00 9.994766e-01 3.134848e-02 -7.996246e-03 1.810481e+01
-1.007819e-02 5.389515e-02 -9.984958e-01 -1.165606e+02 -3.091338e-02 9.980524e-01 5.418324e-02 4.297406e+00 9.994712e-01 3.141295e-02 -8.392479e-03 1.808338e+01
-1.110769e-02 5.039607e-02 -9.986675e-01 -1.178082e+02 -3.054824e-02 9.982459e-01 5.071457e-02 4.340402e+00 9.994715e-01 3.107086e-02 -9.548698e-03 1.807153e+01
-1.267689e-02 4.921818e-02 -9.987076e-01 -1.190265e+02 -2.891923e-02 9.983520e-01 4.956774e-02 4.373509e+00 9.995013e-01 2.951022e-02 -1.123265e-02 1.805941e+01
-1.333774e-02 5.020841e-02 -9.986497e-01 -1.202862e+02 -3.103148e-02 9.982367e-01 5.060209e-02 4.425781e+00 9.994294e-01 3.166450e-02 -1.175618e-02 1.803317e+01
-1.387471e-02 5.501206e-02 -9.983893e-01 -1.215290e+02 -3.628843e-02 9.977999e-01 5.548389e-02 4.473490e+00 9.992450e-01 3.699981e-02 -1.184789e-02 1.800706e+01
-1.400798e-02 5.832623e-02 -9.981993e-01 -1.227980e+02 -4.197872e-02 9.973828e-01 5.886761e-02 4.523832e+00 9.990203e-01 4.272775e-02 -1.152286e-02 1.797372e+01
-1.385574e-02 5.819641e-02 -9.982090e-01 -1.240678e+02 -4.989564e-02 9.970209e-01 5.881973e-02 4.582281e+00 9.986583e-01 5.062127e-02 -1.091071e-02 1.793610e+01
-1.331800e-02 5.595881e-02 -9.983442e-01 -1.253329e+02 -5.300247e-02 9.969896e-01 5.658994e-02 4.641713e+00 9.985056e-01 5.366838e-02 -1.031196e-02 1.789669e+01
-1.387242e-02 5.484998e-02 -9.983982e-01 -1.266112e+02 -5.529562e-02 9.969243e-01 5.553732e-02 4.693391e+00 9.983736e-01 5.597749e-02 -1.079679e-02 1.786432e+01
-1.357336e-02 5.401766e-02 -9.984477e-01 -1.280313e+02 -5.417287e-02 9.970334e-01 5.467759e-02 4.736182e+00 9.984393e-01 5.483093e-02 -1.060680e-02 1.782319e+01
-1.400723e-02 5.348137e-02 -9.984706e-01 -1.292799e+02 -5.183162e-02 9.971873e-01 5.413976e-02 4.777357e+00 9.985576e-01 5.251070e-02 -1.119580e-02 1.780011e+01
-1.507071e-02 5.407884e-02 -9.984229e-01 -1.305156e+02 -5.177364e-02 9.971547e-01 5.479164e-02 4.824129e+00 9.985451e-01 5.251773e-02 -1.222797e-02 1.779029e+01
-1.588243e-02 5.962991e-02 -9.980942e-01 -1.317781e+02 -5.187029e-02 9.968268e-01 6.037959e-02 4.863328e+00 9.985275e-01 5.273041e-02 -1.273901e-02 1.776286e+01
-1.640016e-02 6.352316e-02 -9.978456e-01 -1.330461e+02 -5.104689e-02 9.966252e-01 6.428445e-02 4.920326e+00 9.985616e-01 5.199119e-02 -1.310215e-02 1.773274e+01
-1.603612e-02 6.226806e-02 -9.979306e-01 -1.343112e+02 -5.130117e-02 9.966932e-01 6.301523e-02 4.976224e+00 9.985545e-01 5.220553e-02 -1.278867e-02 1.769717e+01
-1.543008e-02 6.051048e-02 -9.980483e-01 -1.355863e+02 -5.062111e-02 9.968398e-01 6.121983e-02 5.042772e+00 9.985988e-01 5.146694e-02 -1.231821e-02 1.768151e+01
-1.439054e-02 5.984322e-02 -9.981040e-01 -1.368495e+02 -5.012026e-02 9.969094e-01 6.049422e-02 5.099189e+00 9.986395e-01 5.089578e-02 -1.134670e-02 1.766038e+01
-1.348700e-02 5.913758e-02 -9.981588e-01 -1.381231e+02 -5.043836e-02 9.969385e-01 5.974680e-02 5.152833e+00 9.986361e-01 5.115129e-02 -1.046290e-02 1.764372e+01
-1.315851e-02 6.137639e-02 -9.980280e-01 -1.393525e+02 -5.050865e-02 9.967993e-01 6.196676e-02 5.201398e+00 9.986370e-01 5.122444e-02 -1.001635e-02 1.762886e+01
-1.201067e-02 6.521116e-02 -9.977992e-01 -1.406105e+02 -5.121659e-02 9.965212e-01 6.574414e-02 5.255990e+00 9.986153e-01 5.189350e-02 -8.628991e-03 1.760258e+01
-1.044024e-02 6.639374e-02 -9.977389e-01 -1.418462e+02 -5.299994e-02 9.963540e-01 6.685618e-02 5.309198e+00 9.985399e-01 5.357809e-02 -6.883314e-03 1.756669e+01
-9.017393e-03 6.365249e-02 -9.979314e-01 -1.430970e+02 -5.484286e-02 9.964384e-01 6.405283e-02 5.363997e+00 9.984543e-01 5.530700e-02 -5.494392e-03 1.753813e+01
-9.161154e-03 6.061317e-02 -9.981193e-01 -1.443245e+02 -5.422741e-02 9.966623e-01 6.102241e-02 5.426288e+00 9.984866e-01 5.468446e-02 -5.843681e-03 1.752248e+01
-8.583583e-03 5.874217e-02 -9.982363e-01 -1.455984e+02 -5.152914e-02 9.969208e-01 5.910784e-02 5.485149e+00 9.986346e-01 5.194562e-02 -5.530218e-03 1.750352e+01
-9.209775e-03 5.788160e-02 -9.982810e-01 -1.468699e+02 -5.067202e-02 9.970137e-01 5.827560e-02 5.550241e+00 9.986729e-01 5.112162e-02 -6.249295e-03 1.750011e+01
-1.011634e-02 5.841452e-02 -9.982411e-01 -1.480857e+02 -4.802844e-02 9.971117e-01 5.883515e-02 5.595161e+00 9.987947e-01 4.853916e-02 -7.281558e-03 1.750292e+01
-1.047316e-02 5.675226e-02 -9.983333e-01 -1.492817e+02 -4.639931e-02 9.972851e-01 5.717943e-02 5.659842e+00 9.988680e-01 4.692083e-02 -7.811465e-03 1.750712e+01
-9.591749e-03 5.678033e-02 -9.983406e-01 -1.505756e+02 -4.472354e-02 9.973631e-01 5.715443e-02 5.684183e+00 9.989533e-01 4.519754e-02 -7.027039e-03 1.751966e+01
-9.911720e-03 5.914165e-02 -9.982004e-01 -1.518076e+02 -4.241566e-02 9.973261e-01 5.951102e-02 5.737245e+00 9.990509e-01 4.292919e-02 -7.376685e-03 1.751118e+01
-9.933538e-03 6.058361e-02 -9.981137e-01 -1.530275e+02 -3.995485e-02 9.973418e-01 6.093440e-02 5.789917e+00 9.991521e-01 4.048478e-02 -7.486523e-03 1.749656e+01
-9.438696e-03 5.901564e-02 -9.982125e-01 -1.542914e+02 -3.748956e-02 9.975342e-01 5.933002e-02 5.843795e+00 9.992524e-01 3.798254e-02 -7.202953e-03 1.747447e+01
-1.040952e-02 5.937379e-02 -9.981815e-01 -1.555325e+02 -3.869596e-02 9.974640e-01 5.973465e-02 5.893099e+00 9.991968e-01 3.924740e-02 -8.085593e-03 1.746131e+01
-1.069752e-02 6.404676e-02 -9.978896e-01 -1.567432e+02 -3.863763e-02 9.971749e-01 6.441510e-02 5.940404e+00 9.991961e-01 3.924517e-02 -8.192686e-03 1.744724e+01
-1.021043e-02 7.050068e-02 -9.974595e-01 -1.580201e+02 -4.402188e-02 9.965127e-01 7.088438e-02 6.007600e+00 9.989784e-01 4.463380e-02 -7.071252e-03 1.742773e+01
-8.499014e-03 7.097206e-02 -9.974421e-01 -1.593322e+02 -4.845424e-02 9.962772e-01 7.130204e-02 6.058495e+00 9.987893e-01 4.893630e-02 -5.028477e-03 1.739270e+01
-7.744740e-03 6.692309e-02 -9.977280e-01 -1.605658e+02 -5.235793e-02 9.963622e-01 6.723790e-02 6.126804e+00 9.985983e-01 5.275972e-02 -4.212611e-03 1.738656e+01
-5.473345e-03 6.162826e-02 -9.980842e-01 -1.617981e+02 -5.414904e-02 9.966165e-01 6.183458e-02 6.183597e+00 9.985179e-01 5.438374e-02 -2.117714e-03 1.735185e+01
-4.502685e-03 6.024382e-02 -9.981735e-01 -1.630625e+02 -5.584921e-02 9.966105e-01 6.040142e-02 6.232514e+00 9.984291e-01 5.601917e-02 -1.122853e-03 1.733797e+01
-3.539730e-03 5.669668e-02 -9.983852e-01 -1.642802e+02 -5.075110e-02 9.970946e-01 5.680333e-02 6.290937e+00 9.987051e-01 5.087021e-02 -6.520263e-04 1.733951e+01
-3.551654e-03 5.226083e-02 -9.986271e-01 -1.655050e+02 -4.761318e-02 9.974920e-01 5.237077e-02 6.336951e+00 9.988595e-01 4.773382e-02 -1.054442e-03 1.733873e+01
-3.756080e-03 4.890901e-02 -9.987962e-01 -1.667108e+02 -4.110507e-02 9.979515e-01 4.902223e-02 6.378055e+00 9.991478e-01 4.123972e-02 -1.737977e-03 1.733269e+01
-4.926823e-03 5.198888e-02 -9.986355e-01 -1.679156e+02 -3.902942e-02 9.978767e-01 5.214194e-02 6.420368e+00 9.992259e-01 3.923306e-02 -2.887265e-03 1.732285e+01
-4.249083e-03 5.857555e-02 -9.982739e-01 -1.691256e+02 -3.963058e-02 9.974888e-01 5.869817e-02 6.462633e+00 9.992054e-01 3.981159e-02 -1.917029e-03 1.730569e+01
-2.732977e-03 6.128738e-02 -9.981164e-01 -1.703488e+02 -4.153889e-02 9.972517e-01 6.134802e-02 6.523128e+00 9.991332e-01 4.162831e-02 -1.796561e-04 1.729156e+01
-8.128202e-04 5.805112e-02 -9.983133e-01 -1.715769e+02 -4.260029e-02 9.974054e-01 5.803301e-02 6.573906e+00 9.990919e-01 4.257561e-02 1.662283e-03 1.727927e+01
-1.562128e-04 5.829823e-02 -9.982992e-01 -1.727868e+02 -4.490870e-02 9.972916e-01 5.824642e-02 6.621191e+00 9.989911e-01 4.484142e-02 2.462308e-03 1.726468e+01
1.029316e-03 5.986200e-02 -9.982061e-01 -1.740320e+02 -4.279783e-02 9.972947e-01 5.976321e-02 6.660016e+00 9.990832e-01 4.265954e-02 3.588496e-03 1.725715e+01
2.290505e-03 5.781320e-02 -9.983248e-01 -1.753156e+02 -4.229163e-02 9.974398e-01 5.766492e-02 6.737388e+00 9.991027e-01 4.208870e-02 4.729656e-03 1.729700e+01
3.936768e-03 5.613030e-02 -9.984157e-01 -1.764793e+02 -4.180845e-02 9.975597e-01 5.591732e-02 6.789984e+00 9.991179e-01 4.152208e-02 6.273882e-03 1.729252e+01
4.934710e-03 5.802651e-02 -9.983028e-01 -1.776193e+02 -4.300328e-02 9.974038e-01 5.776168e-02 6.829171e+00 9.990627e-01 4.264526e-02 7.417229e-03 1.730413e+01
6.315900e-03 6.028244e-02 -9.981614e-01 -1.787495e+02 -4.341826e-02 9.972565e-01 5.995306e-02 6.860146e+00 9.990370e-01 4.295977e-02 8.915931e-03 1.730230e+01
6.920447e-03 6.171779e-02 -9.980696e-01 -1.798513e+02 -4.410377e-02 9.971411e-01 6.135457e-02 6.896978e+00 9.990030e-01 4.359404e-02 9.622649e-03 1.729541e+01
7.119976e-03 6.319475e-02 -9.979758e-01 -1.809517e+02 -4.488031e-02 9.970157e-01 6.281376e-02 6.929579e+00 9.989670e-01 4.434223e-02 9.934927e-03 1.729988e+01
6.442728e-03 6.396346e-02 -9.979314e-01 -1.820261e+02 -4.350327e-02 9.970253e-01 6.362452e-02 6.968228e+00 9.990325e-01 4.300337e-02 9.206183e-03 1.731594e+01
6.837027e-03 6.321596e-02 -9.979764e-01 -1.830631e+02 -4.333269e-02 9.970810e-01 6.286237e-02 7.007053e+00 9.990373e-01 4.281521e-02 9.556388e-03 1.731795e+01
8.406474e-03 6.356465e-02 -9.979423e-01 -1.840160e+02 -4.459450e-02 9.970085e-01 6.312951e-02 7.029975e+00 9.989698e-01 4.397205e-02 1.121596e-02 1.731883e+01
9.638822e-03 6.453380e-02 -9.978690e-01 -1.849830e+02 -4.509420e-02 9.969282e-01 6.403738e-02 7.064815e+00 9.989362e-01 4.438086e-02 1.251931e-02 1.732487e+01
8.717531e-03 6.302897e-02 -9.979736e-01 -1.859545e+02 -4.365953e-02 9.970838e-01 6.259140e-02 7.098296e+00 9.990084e-01 4.302542e-02 1.144393e-02 1.733530e+01
5.763535e-03 5.984097e-02 -9.981913e-01 -1.868769e+02 -4.053679e-02 9.974014e-01 5.955955e-02 7.133730e+00 9.991614e-01 4.012020e-02 8.174319e-03 1.733297e+01
2.735225e-04 5.641574e-02 -9.984073e-01 -1.877960e+02 -4.036840e-02 9.975942e-01 5.635873e-02 7.166045e+00 9.991848e-01 4.028869e-02 2.550278e-03 1.733983e+01
-4.041567e-03 5.363079e-02 -9.985527e-01 -1.887923e+02 -4.239424e-02 9.976538e-01 5.375411e-02 7.189415e+00 9.990928e-01 4.255013e-02 -1.758449e-03 1.731421e+01
-8.491093e-03 5.302143e-02 -9.985573e-01 -1.896994e+02 -4.472408e-02 9.975739e-01 5.334951e-02 7.220699e+00 9.989633e-01 4.511255e-02 -6.099158e-03 1.730934e+01
-1.155016e-02 5.407868e-02 -9.984699e-01 -1.906235e+02 -4.602463e-02 9.974495e-01 5.455582e-02 7.245971e+00 9.988735e-01 4.658434e-02 -9.031751e-03 1.729101e+01
-1.372572e-02 5.605869e-02 -9.983331e-01 -1.915438e+02 -4.416741e-02 9.974187e-01 5.661459e-02 7.275222e+00 9.989299e-01 4.487087e-02 -1.121433e-02 1.727716e+01
-1.474077e-02 5.721002e-02 -9.982533e-01 -1.924540e+02 -4.181487e-02 9.974532e-01 5.778162e-02 7.312846e+00 9.990166e-01 4.259358e-02 -1.231100e-02 1.725617e+01
-1.575775e-02 5.805630e-02 -9.981889e-01 -1.933701e+02 -3.959300e-02 9.974937e-01 5.864089e-02 7.340364e+00 9.990916e-01 4.044534e-02 -1.341964e-02 1.723326e+01
-1.681782e-02 5.700069e-02 -9.982325e-01 -1.942864e+02 -4.038773e-02 9.975201e-01 5.764045e-02 7.372741e+00 9.990425e-01 4.128573e-02 -1.447399e-02 1.721092e+01
-1.718651e-02 5.615695e-02 -9.982740e-01 -1.951951e+02 -4.215461e-02 9.974930e-01 5.683876e-02 7.403200e+00 9.989633e-01 4.305871e-02 -1.477615e-02 1.717895e+01
-1.677003e-02 5.542932e-02 -9.983218e-01 -1.961005e+02 -4.550518e-02 9.973853e-01 5.614173e-02 7.438705e+00 9.988233e-01 4.637031e-02 -1.420386e-02 1.714137e+01
-1.617854e-02 5.375297e-02 -9.984232e-01 -1.970043e+02 -4.828584e-02 9.973468e-01 5.447745e-02 7.472829e+00 9.987025e-01 4.909107e-02 -1.354011e-02 1.712010e+01
-1.367569e-02 5.082353e-02 -9.986140e-01 -1.979776e+02 -4.769870e-02 9.975373e-01 5.142195e-02 7.534111e+00 9.987682e-01 4.833582e-02 -1.121779e-02 1.707904e+01
