1.000000e+00 0.000000e+00 0.000000e+00 0.000000e+00 0.000000e+00 1.000000e+00 0.000000e+00 0.000000e+00 0.000000e+00 0.000000e+00 1.000000e+00 0.000000e+00
9.999962e-01 2.725981e-03 2.855495e-04 -1.232850e-02 -2.726425e-03 9.999951e-01 1.565828e-03 -1.532669e-02 -2.812796e-04 -1.566600e-03 9.999987e-01 7.929480e-01
9.999841e-01 5.517112e-03 1.155060e-03 -5.275743e-02 -5.519633e-03 9.999824e-01 2.190595e-03 -4.278822e-02 -1.142954e-03 -2.196936e-03 9.999970e-01 1.563710e+00
9.999747e-01 7.040214e-03 1.034849e-03 -3.204724e-02 -7.042324e-03 9.999731e-01 2.049768e-03 -6.738052e-02 -1.020390e-03 -2.057004e-03 9.999974e-01 2.302322e+00
9.999563e-01 9.168709e-03 1.863936e-03 -6.122330e-02 -9.171765e-03 9.999566e-01 1.638175e-03 -7.557833e-02 -1.848835e-03 -1.655198e-03 9.999969e-01 3.034004e+00
9.999562e-01 9.073819e-03 2.289676e-03 -7.252436e-02 -9.076814e-03 9.999580e-01 1.300737e-03 -9.109420e-02 -2.277777e-03 -1.321463e-03 9.999965e-01 3.746325e+00
9.999527e-01 9.465113e-03 2.252647e-03 -6.370826e-02 -9.470310e-03 9.999525e-01 2.307760e-03 -1.079575e-01 -2.230697e-03 -2.328984e-03 9.999948e-01 4.453093e+00
9.999424e-01 1.024278e-02 3.214729e-03 -8.408716e-02 -1.025855e-02 9.999353e-01 4.926444e-03 -1.204632e-01 -3.164060e-03 -4.959139e-03 9.999827e-01 5.138182e+00
9.999379e-01 1.016335e-02 4.568476e-03 -8.279257e-02 -1.020300e-02 9.999097e-01 8.742888e-03 -1.245393e-01 -4.479206e-03 -8.788957e-03 9.999514e-01 5.820307e+00
9.999392e-01 9.130849e-03 6.182227e-03 -9.264900e-02 -9.205938e-03 9.998829e-01 1.222852e-02 -1.333116e-01 -6.069846e-03 -1.228469e-02 9.999061e-01 6.456975e+00
9.999373e-01 8.432844e-03 7.369021e-03 -9.895332e-02 -8.539553e-03 9.998574e-01 1.457132e-02 -1.435275e-01 -7.245092e-03 -1.463334e-02 9.998667e-01 7.076676e+00
9.999222e-01 9.009099e-03 8.633288e-03 -9.581240e-02 -9.131808e-03 9.998563e-01 1.428107e-02 -1.450124e-01 -8.503388e-03 -1.435880e-02 9.998608e-01 7.655184e+00
9.998983e-01 1.019491e-02 9.974817e-03 -9.946603e-02 -1.031050e-02 9.998795e-01 1.160685e-02 -1.528913e-01 -9.855283e-03 -1.170852e-02 9.998829e-01 8.212727e+00
9.998887e-01 1.017675e-02 1.090979e-02 -9.773347e-02 -1.027005e-02 9.999109e-01 8.530368e-03 -1.546186e-01 -1.082200e-02 -8.641463e-03 9.999041e-01 8.748552e+00
9.998884e-01 8.376307e-03 1.236720e-02 -9.309313e-02 -8.465714e-03 9.999383e-01 7.194820e-03 -1.633637e-01 -1.230617e-02 -7.298715e-03 9.998977e-01 9.257244e+00
9.998886e-01 4.490797e-03 1.423560e-02 -8.612030e-02 -4.559862e-03 9.999779e-01 4.822845e-03 -1.714223e-01 -1.421362e-02 -4.887220e-03 9.998870e-01 9.737409e+00
9.998678e-01 2.519613e-03 1.606200e-02 -7.300539e-02 -2.579758e-03 9.999897e-01 3.724939e-03 -1.840834e-01 -1.605245e-02 -3.765883e-03 9.998640e-01 1.017757e+01
9.998103e-01 6.966164e-03 1.818946e-02 -7.362490e-02 -6.995368e-03 9.999744e-01 1.542428e-03 -1.894280e-01 -1.817825e-02 -1.669378e-03 9.998333e-01 1.060881e+01
9.997020e-01 1.152460e-02 2.151754e-02 -7.880770e-02 -1.155009e-02 9.999327e-01 1.061121e-03 -2.018834e-01 -2.150386e-02 -1.309335e-03 9.997679e-01 1.098061e+01
9.996231e-01 1.168079e-02 2.484556e-02 -6.960659e-02 -1.173092e-02 9.999294e-01 1.872543e-03 -2.117597e-01 -2.482193e-02 -2.163298e-03 9.996895e-01 1.133733e+01
9.995796e-01 7.646573e-03 2.796565e-02 -5.450870e-02 -7.712575e-03 9.999677e-01 2.253013e-03 -2.169451e-01 -2.794752e-02 -2.467753e-03 9.996064e-01 1.166543e+01
9.995333e-01 2.921873e-03 3.040714e-02 -3.345375e-02 -2.979723e-03 9.999939e-01 1.857357e-03 -2.172159e-01 -3.040152e-02 -1.947096e-03 9.995359e-01 1.196541e+01
9.994494e-01 -7.226403e-04 3.317014e-02 -2.494837e-02 6.080793e-04 9.999938e-01 3.463697e-03 -2.270617e-01 -3.317244e-02 -3.441620e-03 9.994437e-01 1.221426e+01
9.993700e-01 -9.880502e-04 3.547706e-02 -1.124582e-02 8.331135e-04 9.999900e-01 4.381755e-03 -2.303137e-01 -3.548104e-02 -4.349438e-03 9.993609e-01 1.244741e+01
9.992984e-01 -2.655604e-04 3.745127e-02 -4.756577e-03 1.287385e-04 9.999933e-01 3.655694e-03 -2.393342e-01 -3.745199e-02 -3.648308e-03 9.992918e-01 1.266812e+01
9.992129e-01 8.663595e-04 3.966019e-02 2.810515e-03 -9.524704e-04 9.999973e-01 2.152374e-03 -2.429569e-01 -3.965822e-02 -2.188455e-03 9.992109e-01 1.285446e+01
9.991094e-01 3.048761e-03 4.208291e-02 6.953554e-03 -3.109817e-03 9.999942e-01 1.385470e-03 -2.482281e-01 -4.207845e-02 -1.515106e-03 9.991131e-01 1.303061e+01
9.990373e-01 6.113378e-03 4.344056e-02 1.625014e-02 -6.148716e-03 9.999809e-01 6.799131e-04 -2.551646e-01 -4.343557e-02 -9.463622e-04 9.990558e-01 1.319746e+01
9.989619e-01 7.124702e-03 4.499185e-02 1.535039e-02 -7.103524e-03 9.999745e-01 -6.305682e-04 -2.620880e-01 -4.499520e-02 3.103129e-04 9.989871e-01 1.334573e+01
9.988779e-01 6.348259e-03 4.693299e-02 2.491474e-02 -6.246763e-03 9.999778e-01 -2.308932e-03 -2.684072e-01 -4.694661e-02 2.013162e-03 9.988953e-01 1.349256e+01
9.988297e-01 4.872330e-03 4.811876e-02 4.417729e-02 -4.691939e-03 9.999815e-01 -3.861110e-03 -2.690280e-01 -4.813669e-02 3.630822e-03 9.988341e-01 1.364237e+01
9.987817e-01 3.873162e-03 4.919416e-02 5.787674e-02 -3.645510e-03 9.999822e-01 -4.716501e-03 -2.730083e-01 -4.921155e-02 4.531417e-03 9.987781e-01 1.378139e+01
9.987063e-01 4.654672e-03 5.063697e-02 6.499504e-02 -4.352486e-03 9.999720e-01 -6.076310e-03 -2.788046e-01 -5.066384e-02 5.848052e-03 9.986987e-01 1.390701e+01
9.986529e-01 5.723986e-03 5.157074e-02 7.683315e-02 -5.311165e-03 9.999528e-01 -8.138425e-03 -2.854418e-01 -5.161488e-02 7.853561e-03 9.986362e-01 1.403061e+01
9.985996e-01 5.872829e-03 5.257632e-02 8.540052e-02 -5.332795e-03 9.999316e-01 -1.040583e-02 -2.900895e-01 -5.263383e-02 1.011088e-02 9.985627e-01 1.413107e+01
9.985457e-01 4.937873e-03 5.368512e-02 8.271307e-02 -4.253821e-03 9.999084e-01 -1.284873e-02 -2.901322e-01 -5.374365e-02 1.260168e-02 9.984753e-01 1.426290e+01
9.985919e-01 3.321641e-03 5.294506e-02 9.725364e-02 -2.565447e-03 9.998938e-01 -1.434420e-02 -2.988730e-01 -5.298708e-02 1.418817e-02 9.984944e-01 1.438069e+01
9.987018e-01 3.187216e-03 5.083905e-02 1.038469e-01 -2.394315e-03 9.998747e-01 -1.564959e-02 -3.016250e-01 -5.088256e-02 1.550755e-02 9.985842e-01 1.450823e+01
9.988516e-01 3.141153e-03 4.780833e-02 1.049557e-01 -2.349656e-03 9.998594e-01 -1.660282e-02 -3.064667e-01 -4.785376e-02 1.647142e-02 9.987186e-01 1.462985e+01
9.990276e-01 3.521790e-03 4.394953e-02 9.952860e-02 -2.747730e-03 9.998403e-01 -1.766049e-02 -3.111032e-01 -4.400471e-02 1.752255e-02 9.988776e-01 1.474085e+01
9.992567e-01 4.155691e-03 3.832339e-02 9.691188e-02 -3.436980e-03 9.998174e-01 -1.880069e-02 -3.159920e-01 -3.839451e-02 1.865500e-02 9.990885e-01 1.487353e+01
9.994957e-01 3.846221e-03 3.152138e-02 9.886808e-02 -3.230726e-03 9.998036e-01 -1.955400e-02 -3.194937e-01 -3.159039e-02 1.944230e-02 9.993118e-01 1.499908e+01
9.996989e-01 3.903893e-03 2.422296e-02 9.521985e-02 -3.413481e-03 9.997891e-01 -2.025418e-02 -3.168747e-01 -2.429692e-02 2.016539e-02 9.995014e-01 1.514498e+01
9.998580e-01 4.214355e-03 1.631712e-02 8.163733e-02 -3.870535e-03 9.997710e-01 -2.104570e-02 -3.290086e-01 -1.640208e-02 2.097955e-02 9.996454e-01 1.523895e+01
9.999735e-01 3.170617e-03 6.546762e-03 6.822146e-02 -3.023080e-03 9.997440e-01 -2.242415e-02 -3.271596e-01 -6.616184e-03 2.240376e-02 9.997271e-01 1.539425e+01
9.999760e-01 1.464376e-03 -6.775036e-03 6.700360e-02 -1.627007e-03 9.997091e-01 -2.406153e-02 -3.269157e-01 6.737831e-03 2.407197e-02 9.996875e-01 1.553832e+01
9.997349e-01 1.106446e-03 -2.299921e-02 5.349938e-02 -1.708712e-03 9.996557e-01 -2.618326e-02 -3.304234e-01 2.296232e-02 2.621561e-02 9.993926e-01 1.571835e+01
9.991022e-01 1.393292e-03 -4.234154e-02 2.690448e-02 -2.535918e-03 9.996337e-01 -2.694421e-02 -3.390529e-01 4.228849e-02 2.702740e-02 9.987398e-01 1.589079e+01
9.979525e-01 2.055706e-03 -6.392660e-02 -1.786185e-02 -3.753518e-03 9.996431e-01 -2.645002e-02 -3.440730e-01 6.384941e-02 2.663581e-02 9.976040e-01 1.606765e+01
9.961604e-01 2.346592e-03 -8.751480e-02 -6.402685e-02 -4.543181e-03 9.996794e-01 -2.490890e-02 -3.523214e-01 8.742829e-02 2.521086e-02 9.958518e-01 1.628185e+01
9.934848e-01 3.525330e-03 -1.139103e-01 -1.186102e-01 -6.232190e-03 9.997064e-01 -2.341573e-02 -3.586163e-01 1.137943e-01 2.397308e-02 9.932151e-01 1.649439e+01
9.895532e-01 4.112585e-03 -1.441100e-01 -1.793997e-01 -7.323497e-03 9.997364e-01 -2.175761e-02 -3.522384e-01 1.439826e-01 2.258570e-02 9.893224e-01 1.671849e+01
9.840919e-01 4.197401e-03 -1.776108e-01 -2.344455e-01 -7.514271e-03 9.998096e-01 -1.800640e-02 -3.640692e-01 1.775014e-01 1.905457e-02 9.839361e-01 1.694847e+01
9.767634e-01 5.703822e-03 -2.142445e-01 -2.947348e-01 -8.913753e-03 9.998620e-01 -1.401946e-02 -3.695570e-01 2.141350e-01 1.560341e-02 9.766794e-01 1.712945e+01
9.672299e-01 7.265168e-03 -2.537982e-01 -4.035223e-01 -9.755750e-03 9.999158e-01 -8.555994e-03 -3.755929e-01 2.537147e-01 1.075161e-02 9.672194e-01 1.739550e+01
9.550046e-01 9.807376e-03 -2.964287e-01 -4.595841e-01 -1.144221e-02 9.999274e-01 -3.780676e-03 -3.690173e-01 2.963701e-01 7.002363e-03 9.550475e-01 1.760863e+01
9.409431e-01 1.460241e-02 -3.382496e-01 -5.939762e-01 -1.509975e-02 9.998853e-01 1.161088e-03 -3.916444e-01 3.382277e-01 4.014965e-03 9.410557e-01 1.786287e+01
9.245788e-01 1.610483e-02 -3.806504e-01 -7.645835e-01 -1.472564e-02 9.998702e-01 6.535446e-03 -3.838322e-01 3.807063e-01 -4.372124e-04 9.246959e-01 1.812638e+01
9.053196e-01 1.943924e-02 -4.242859e-01 -9.294425e-01 -1.481834e-02 9.997895e-01 1.418812e-02 -3.902569e-01 4.244724e-01 -6.557570e-03 9.054171e-01 1.840362e+01
8.834593e-01 2.420505e-02 -4.678822e-01 -1.103463e+00 -1.629826e-02 9.996479e-01 2.094047e-02 -3.958599e-01 4.682243e-01 -1.087439e-02 8.835427e-01 1.867219e+01
8.585005e-01 2.993263e-02 -5.119383e-01 -1.293942e+00 -1.939031e-02 9.994759e-01 2.592176e-02 -4.054060e-01 5.124459e-01 -1.232720e-02 8.586310e-01 1.893258e+01
8.305475e-01 3.243092e-02 -5.560029e-01 -1.526728e+00 -1.964138e-02 9.993878e-01 2.895303e-02 -3.956626e-01 5.566014e-01 -1.312620e-02 8.306760e-01 1.921515e+01
7.993078e-01 3.651839e-02 -5.998111e-01 -1.765092e+00 -2.246902e-02 9.992700e-01 3.089652e-02 -3.941976e-01 6.005015e-01 -1.121867e-02 7.995449e-01 1.948495e+01
7.659115e-01 3.897365e-02 -6.417637e-01 -2.055382e+00 -2.264964e-02 9.991771e-01 3.364783e-02 -3.854878e-01 6.425470e-01 -1.123554e-02 7.661639e-01 1.976020e+01
7.290691e-01 4.327352e-02 -6.830707e-01 -2.367244e+00 -2.407504e-02 9.990031e-01 3.759203e-02 -3.752692e-01 6.840165e-01 -1.096223e-02 7.293841e-01 2.003364e+01
6.900340e-01 4.424653e-02 -7.224232e-01 -2.698391e+00 -2.157196e-02 9.989435e-01 4.057787e-02 -3.615229e-01 7.234554e-01 -1.241602e-02 6.902595e-01 2.029888e+01
6.492329e-01 4.405327e-02 -7.593128e-01 -3.053699e+00 -1.879958e-02 9.989457e-01 4.188197e-02 -3.480713e-01 7.603573e-01 -1.291640e-02 6.493766e-01 2.055755e+01
6.066851e-01 4.258812e-02 -7.938007e-01 -3.427976e+00 -1.342001e-02 9.989703e-01 4.333903e-02 -3.284665e-01 7.948290e-01 -1.564033e-02 6.066319e-01 2.080231e+01
5.622689e-01 4.309312e-02 -8.258309e-01 -3.814671e+00 -9.350907e-03 9.989088e-01 4.575800e-02 -3.169944e-01 8.269016e-01 -1.800603e-02 5.620583e-01 2.102626e+01
5.152662e-01 4.427050e-02 -8.558860e-01 -4.236213e+00 -7.258598e-03 9.988546e-01 4.729565e-02 -2.980437e-01 8.569994e-01 -1.815732e-02 5.149974e-01 2.124651e+01
4.651549e-01 4.384046e-02 -8.841431e-01 -4.681876e+00 -5.274771e-03 9.988924e-01 4.675524e-02 -2.810723e-01 8.852136e-01 -1.708478e-02 4.648710e-01 2.144916e+01
4.126939e-01 4.263616e-02 -9.098713e-01 -5.146365e+00 8.300366e-05 9.989021e-01 4.684575e-02 -2.589131e-01 9.108698e-01 -1.940848e-02 4.122373e-01 2.163007e+01
3.591323e-01 4.151437e-02 -9.323629e-01 -5.642926e+00 4.189902e-03 9.989284e-01 4.609216e-02 -2.307846e-01 9.332772e-01 -2.045969e-02 3.585736e-01 2.179160e+01
3.046793e-01 4.027471e-02 -9.516031e-01 -6.175471e+00 6.801946e-03 9.989881e-01 4.445800e-02 -2.025343e-01 9.524307e-01 -2.001818e-02 3.040971e-01 2.193361e+01
2.515236e-01 4.608541e-02 -9.667533e-01 -6.750358e+00 7.831788e-03 9.987361e-01 4.964766e-02 -1.768166e-01 9.678195e-01 -2.005897e-02 2.508448e-01 2.204250e+01
2.003842e-01 5.125297e-02 -9.783759e-01 -7.284102e+00 1.143482e-02 9.984403e-01 5.464607e-02 -1.566855e-01 9.796507e-01 -2.213776e-02 1.994856e-01 2.212117e+01
1.519754e-01 5.236243e-02 -9.869963e-01 -7.907870e+00 1.654765e-02 9.983209e-01 5.551120e-02 -1.262857e-01 9.882457e-01 -2.476881e-02 1.508538e-01 2.218447e+01
1.072664e-01 5.382826e-02 -9.927721e-01 -8.479856e+00 1.912433e-02 9.982369e-01 5.619090e-02 -1.101201e-01 9.940464e-01 -2.501350e-02 1.060479e-01 2.223701e+01
6.704982e-02 5.224962e-02 -9.963806e-01 -9.100616e+00 1.889188e-02 9.983824e-01 5.362589e-02 -8.709836e-02 9.975708e-01 -2.241911e-02 6.595427e-02 2.225302e+01
3.327896e-02 4.746797e-02 -9.983183e-01 -9.864116e+00 1.658849e-02 9.987077e-01 4.803947e-02 -3.634608e-02 9.993084e-01 -1.815930e-02 3.244853e-02 2.224449e+01
4.839134e-03 4.741274e-02 -9.988636e-01 -1.051912e+01 1.400553e-02 9.987742e-01 4.747634e-02 -5.834551e-03 9.998902e-01 -1.421936e-02 4.169161e-03 2.222277e+01
-1.597064e-02 5.169329e-02 -9.985353e-01 -1.121519e+01 1.270023e-02 9.985926e-01 5.149313e-02 2.176532e-02 9.997918e-01 -1.185925e-02 -1.660468e-02 2.218570e+01
-2.860109e-02 5.759552e-02 -9.979302e-01 -1.192629e+01 1.426736e-02 9.982604e-01 5.720568e-02 5.352925e-02 9.994891e-01 -1.260169e-02 -2.937307e-02 2.215059e+01
-3.675452e-02 6.026601e-02 -9.975054e-01 -1.267346e+01 1.408780e-02 9.981120e-01 5.978357e-02 8.539554e-02 9.992250e-01 -1.185534e-02 -3.753414e-02 2.211924e+01
-4.051400e-02 5.762464e-02 -9.975159e-01 -1.342518e+01 1.496055e-02 9.982587e-01 5.705993e-02 1.097719e-01 9.990669e-01 -1.261166e-02 -4.130555e-02 2.208084e+01
-3.972514e-02 5.368394e-02 -9.977675e-01 -1.422689e+01 2.236310e-02 9.983534e-01 5.282510e-02 1.459458e-01 9.989604e-01 -2.021469e-02 -4.086027e-02 2.205518e+01
-3.547176e-02 5.222290e-02 -9.980053e-01 -1.502691e+01 3.407825e-02 9.981162e-01 5.101747e-02 1.842461e-01 9.987895e-01 -3.220059e-02 -3.718460e-02 2.203953e+01
-2.996570e-02 5.218282e-02 -9.981878e-01 -1.588809e+01 3.445757e-02 9.980967e-01 5.114364e-02 2.289472e-01 9.989568e-01 -3.286257e-02 -3.170676e-02 2.201917e+01
-2.427103e-02 5.093713e-02 -9.984069e-01 -1.673962e+01 3.292381e-02 9.982001e-01 5.012621e-02 2.469613e-01 9.991631e-01 -3.165475e-02 -2.590438e-02 2.197183e+01
-2.153473e-02 4.495521e-02 -9.987569e-01 -1.758808e+01 3.684725e-02 9.983455e-01 4.414221e-02 2.706330e-01 9.990888e-01 -3.585086e-02 -2.315558e-02 2.197054e+01
-1.955879e-02 3.434913e-02 -9.992185e-01 -1.848170e+01 3.460946e-02 9.988340e-01 3.365846e-02 2.979227e-01 9.992095e-01 -3.392410e-02 -2.072479e-02 2.195607e+01
-1.873711e-02 2.634153e-02 -9.994774e-01 -1.937084e+01 2.715408e-02 9.992976e-01 2.582774e-02 3.132251e-01 9.994556e-01 -2.665595e-02 -1.943923e-02 2.191136e+01
-2.012445e-02 2.354430e-02 -9.995202e-01 -2.027450e+01 2.140995e-02 9.995036e-01 2.311284e-02 3.359477e-01 9.995682e-01 -2.093454e-02 -2.061854e-02 2.187881e+01
-2.345558e-02 2.967321e-02 -9.992844e-01 -2.123503e+01 1.232932e-02 9.994920e-01 2.938997e-02 3.538311e-01 9.996489e-01 -1.163114e-02 -2.380951e-02 2.183054e+01
-2.880696e-02 3.788260e-02 -9.988669e-01 -2.220769e+01 7.440564e-03 9.992620e-01 3.768300e-02 3.762439e-01 9.995573e-01 -6.346600e-03 -2.906756e-02 2.179439e+01
-3.343905e-02 4.706043e-02 -9.983322e-01 -2.319681e+01 6.015916e-03 9.988822e-01 4.688486e-02 4.154519e-01 9.994227e-01 -4.438098e-03 -3.368479e-02 2.175055e+01
-3.488008e-02 5.710361e-02 -9.977587e-01 -2.420727e+01 4.539402e-03 9.983650e-01 5.697962e-02 4.527043e-01 9.993812e-01 -2.541775e-03 -3.508227e-02 2.170683e+01
-3.555868e-02 6.488533e-02 -9.972590e-01 -2.523201e+01 6.934856e-03 9.978821e-01 6.467859e-02 5.012336e-01 9.993435e-01 -4.615962e-03 -3.593334e-02 2.165929e+01
-3.671510e-02 6.598559e-02 -9.971449e-01 -2.625074e+01 7.594317e-03 9.978073e-01 6.574980e-02 5.403489e-01 9.992969e-01 -5.158625e-03 -3.713571e-02 2.160637e+01
-3.836226e-02 6.309640e-02 -9.972699e-01 -2.728287e+01 5.811243e-03 9.980017e-01 6.291916e-02 5.966705e-01 9.992470e-01 -3.381657e-03 -3.865227e-02 2.155687e+01
-4.103627e-02 5.796749e-02 -9.974747e-01 -2.832304e+01 5.374106e-03 9.983140e-01 5.779517e-02 6.463720e-01 9.991432e-01 -2.988836e-03 -4.127860e-02 2.150583e+01
-4.571779e-02 5.299555e-02 -9.975477e-01 -2.934253e+01 5.518092e-03 9.985900e-01 5.279803e-02 6.838847e-01 9.989392e-01 -3.090750e-03 -4.594576e-02 2.145262e+01
-5.114334e-02 4.825596e-02 -9.975248e-01 -3.037267e+01 5.616011e-03 9.988300e-01 4.803117e-02 7.246888e-01 9.986755e-01 -3.145636e-03 -5.135451e-02 2.138925e+01
-5.811641e-02 4.669297e-02 -9.972172e-01 -3.141583e+01 4.768536e-03 9.989071e-01 4.649419e-02 7.572938e-01 9.982984e-01 -2.053190e-03 -5.827556e-02 2.131525e+01
-6.503601e-02 4.892568e-02 -9.966828e-01 -3.245224e+01 4.840434e-03 9.988011e-01 4.871381e-02 8.001187e-01 9.978712e-01 -1.656225e-03 -6.519486e-02 2.124729e+01
-7.124218e-02 5.351306e-02 -9.960225e-01 -3.349513e+01 3.489289e-03 9.985671e-01 5.340020e-02 8.422436e-01 9.974529e-01 3.289360e-04 -7.132683e-02 2.115494e+01
-7.718987e-02 5.630151e-02 -9.954255e-01 -3.459519e+01 4.587335e-04 9.984062e-01 5.643453e-02 8.852682e-01 9.970163e-01 3.899539e-03 -7.709268e-02 2.105708e+01
-8.277877e-02 5.884444e-02 -9.948291e-01 -3.569217e+01 -1.004840e-03 9.982498e-01 5.913038e-02 9.539122e-01 9.965674e-01 5.894385e-03 -8.257476e-02 2.097626e+01
-8.517244e-02 6.039288e-02 -9.945343e-01 -3.676424e+01 -5.322471e-03 9.981195e-01 6.106642e-02 9.954647e-01 9.963520e-01 1.049456e-02 -8.469084e-02 2.086156e+01
-8.713942e-02 6.148805e-02 -9.942967e-01 -3.785366e+01 -9.438283e-03 9.979976e-01 6.254409e-02 1.050645e+00 9.961514e-01 1.483451e-02 -8.638459e-02 2.075410e+01
-8.864492e-02 6.117562e-02 -9.941829e-01 -3.891687e+01 -1.061234e-02 9.979975e-01 6.235658e-02 1.091878e+00 9.960067e-01 1.607820e-02 -8.781819e-02 2.065253e+01
-9.013777e-02 6.038624e-02 -9.940969e-01 -4.001801e+01 -1.073807e-02 9.980432e-01 6.159960e-02 1.141643e+00 9.958714e-01 1.622714e-02 -8.931296e-02 2.055171e+01
-9.190851e-02 5.962889e-02 -9.939805e-01 -4.110681e+01 -1.170901e-02 9.980717e-01 6.095700e-02 1.190122e+00 9.956986e-01 1.724099e-02 -9.103309e-02 2.046118e+01
-9.219045e-02 5.869361e-02 -9.940100e-01 -4.218396e+01 -1.394717e-02 9.980872e-01 6.022790e-02 1.235267e+00 9.956437e-01 1.941607e-02 -9.119550e-02 2.033948e+01
-9.297750e-02 5.612709e-02 -9.940850e-01 -4.327197e+01 -1.888174e-02 9.981309e-01 5.812155e-02 1.284961e+00 9.954892e-01 2.417405e-02 -9.174394e-02 2.022266e+01
-9.301275e-02 5.172140e-02 -9.943206e-01 -4.436142e+01 -2.350936e-02 9.982573e-01 5.412534e-02 1.313094e+00 9.953873e-01 2.841019e-02 -9.163473e-02 2.009903e+01
-9.225753e-02 5.096225e-02 -9.944302e-01 -4.546231e+01 -2.531184e-02 9.982467e-01 5.350612e-02 1.362370e+00 9.954134e-01 3.010720e-02 -9.080582e-02 1.999798e+01
-9.071051e-02 5.516617e-02 -9.943482e-01 -4.658315e+01 -2.606589e-02 9.979910e-01 5.774616e-02 1.408373e+00 9.955361e-01 3.115676e-02 -8.909031e-02 1.989637e+01
-8.878832e-02 5.900291e-02 -9.943014e-01 -4.771926e+01 -2.557927e-02 9.977797e-01 6.149347e-02 1.438679e+00 9.957220e-01 3.089341e-02 -8.708192e-02 1.978489e+01
-8.733971e-02 5.841592e-02 -9.944643e-01 -4.883491e+01 -2.386070e-02 9.978701e-01 6.071156e-02 1.494786e+00 9.958928e-01 2.903115e-02 -8.575985e-02 1.968522e+01
-8.493510e-02 5.753245e-02 -9.947241e-01 -4.994766e+01 -2.378049e-02 9.979302e-01 5.974839e-02 1.543940e+00 9.961027e-01 2.872976e-02 -8.339115e-02 1.958881e+01
-8.091263e-02 5.805281e-02 -9.950292e-01 -5.108210e+01 -2.791558e-02 9.977788e-01 6.048324e-02 1.595259e+00 9.963302e-01 3.267067e-02 -7.911233e-02 1.948682e+01
-7.532851e-02 5.905226e-02 -9.954087e-01 -5.220709e+01 -3.302396e-02 9.975496e-01 6.167838e-02 1.643188e+00 9.966118e-01 3.751848e-02 -7.319379e-02 1.939471e+01
-6.903434e-02 5.911470e-02 -9.958613e-01 -5.331797e+01 -3.655746e-02 9.974225e-01 6.174158e-02 1.684400e+00 9.969442e-01 4.066845e-02 -6.669531e-02 1.929235e+01
-6.326278e-02 5.814530e-02 -9.963017e-01 -5.445670e+01 -3.798217e-02 9.974378e-01 6.062338e-02 1.738075e+00 9.972739e-01 4.167690e-02 -6.089221e-02 1.920838e+01
-5.764280e-02 5.757096e-02 -9.966759e-01 -5.558669e+01 -3.760956e-02 9.975020e-01 5.979383e-02 1.784282e+00 9.976286e-01 4.093122e-02 -5.533359e-02 1.913390e+01
-5.237691e-02 5.755373e-02 -9.969675e-01 -5.667377e+01 -3.571449e-02 9.975913e-01 5.946604e-02 1.831917e+00 9.979885e-01 3.872084e-02 -5.019524e-02 1.907412e+01
-4.659361e-02 5.800365e-02 -9.972284e-01 -5.780817e+01 -3.494643e-02 9.976069e-01 5.965848e-02 1.888898e+00 9.983025e-01 3.762928e-02 -4.445508e-02 1.902050e+01
-4.175247e-02 5.956824e-02 -9.973507e-01 -5.895450e+01 -3.426621e-02 9.975485e-01 6.101456e-02 1.942930e+00 9.985402e-01 3.672294e-02 -3.960894e-02 1.898062e+01
-3.574645e-02 6.104171e-02 -9.974949e-01 -6.011193e+01 -3.508474e-02 9.974409e-01 6.229571e-02 1.989535e+00 9.987448e-01 3.722369e-02 -3.351334e-02 1.892035e+01
-3.052973e-02 6.023137e-02 -9.977174e-01 -6.125183e+01 -3.465061e-02 9.975190e-01 6.127968e-02 2.047332e+00 9.989331e-01 3.644237e-02 -2.836693e-02 1.887860e+01
-2.559151e-02 5.643099e-02 -9.980785e-01 -6.239954e+01 -3.406543e-02 9.977764e-01 5.728737e-02 2.081262e+00 9.990919e-01 3.546604e-02 -2.361226e-02 1.883483e+01
-2.133478e-02 5.123509e-02 -9.984587e-01 -6.355775e+01 -3.394058e-02 9.980733e-01 5.194054e-02 2.127558e+00 9.991961e-01 3.499640e-02 -1.955473e-02 1.880990e+01
-1.920606e-02 5.115538e-02 -9.985060e-01 -6.480239e+01 -3.292329e-02 9.981163e-01 5.176869e-02 2.215626e+00 9.992733e-01 3.386838e-02 -1.748567e-02 1.879648e+01
-1.599995e-02 5.331081e-02 -9.984498e-01 -6.597231e+01 -3.235434e-02 9.980271e-01 5.380671e-02 2.266007e+00 9.993484e-01 3.316509e-02 -1.424355e-02 1.877402e+01
-1.383579e-02 5.294406e-02 -9.985016e-01 -6.713897e+01 -3.302627e-02 9.980282e-01 5.337659e-02 2.311293e+00 9.993587e-01 3.371530e-02 -1.205997e-02 1.874855e+01
-1.313673e-02 5.304867e-02 -9.985055e-01 -6.830851e+01 -3.433137e-02 9.979790e-01 5.347238e-02 2.352112e+00 9.993241e-01 3.498251e-02 -1.128894e-02 1.873463e+01
-1.234450e-02 5.370564e-02 -9.984805e-01 -6.948383e+01 -3.556968e-02 9.979010e-01 5.411422e-02 2.399169e+00 9.992909e-01 3.618364e-02 -1.040830e-02 1.871193e+01
-1.134658e-02 5.362463e-02 -9.984967e-01 -7.064531e+01 -3.643166e-02 9.978758e-01 5.400528e-02 2.442925e+00 9.992718e-01 3.698966e-02 -9.368847e-03 1.869090e+01
-1.042453e-02 5.127692e-02 -9.986300e-01 -7.181876e+01 -3.710089e-02 9.979768e-01 5.163066e-02 2.489795e+00 9.992571e-01 3.758829e-02 -8.501020e-03 1.867826e+01
-9.748808e-03 5.015095e-02 -9.986941e-01 -7.299615e+01 -3.524480e-02 9.981037e-01 5.046535e-02 2.528997e+00 9.993312e-01 3.569075e-02 -7.962761e-03 1.865828e+01
-8.790124e-03 4.987904e-02 -9.987166e-01 -7.417262e+01 -3.231541e-02 9.982193e-01 5.013862e-02 2.570765e+00 9.994391e-01 3.271466e-02 -7.162610e-03 1.863395e+01
-8.519994e-03 5.133253e-02 -9.986452e-01 -7.535593e+01 -2.986903e-02 9.982228e-01 5.156565e-02 2.599489e+00 9.995175e-01 3.026791e-02 -6.971600e-03 1.862541e+01
-8.400436e-03 5.392363e-02 -9.985097e-01 -7.654968e+01 -2.955781e-02 9.980953e-01 5.414991e-02 2.648013e+00 9.995278e-01 2.996864e-02 -6.790570e-03 1.860444e+01
-7.856804e-03 5.782419e-02 -9.982958e-01 -7.771037e+01 -3.258480e-02 9.977817e-01 5.805086e-02 2.677856e+00 9.994381e-01 3.298536e-02 -5.955186e-03 1.858690e+01
-7.388558e-03 5.796073e-02 -9.982915e-01 -7.888464e+01 -3.482096e-02 9.976984e-01 5.818402e-02 2.723750e+00 9.993663e-01 3.519136e-02 -5.353304e-03 1.858250e+01
-7.359436e-03 5.590163e-02 -9.984092e-01 -8.007822e+01 -3.613792e-02 9.977691e-01 5.613217e-02 2.771880e+00 9.993197e-01 3.649353e-02 -5.322849e-03 1.857176e+01
-6.708115e-03 5.383145e-02 -9.985275e-01 -8.127309e+01 -3.639776e-02 9.978752e-01 5.404080e-02 2.807156e+00 9.993148e-01 3.670668e-02 -4.734517e-03 1.854774e+01
-6.595009e-03 5.276215e-02 -9.985853e-01 -8.249302e+01 -3.368914e-02 9.980285e-01 5.295522e-02 2.867195e+00 9.994106e-01 3.399072e-02 -4.804494e-03 1.853147e+01
-7.623614e-03 5.400826e-02 -9.985114e-01 -8.369032e+01 -3.250445e-02 9.979994e-01 5.422873e-02 2.906438e+00 9.994425e-01 3.286948e-02 -5.852853e-03 1.853465e+01
-7.087559e-03 5.685606e-02 -9.983572e-01 -8.485150e+01 -3.178485e-02 9.978650e-01 5.705368e-02 2.949679e+00 9.994696e-01 3.213701e-02 -5.265266e-03 1.851416e+01
-6.349583e-03 5.886789e-02 -9.982456e-01 -8.602415e+01 -3.203177e-02 9.977415e-01 5.904191e-02 3.003487e+00 9.994667e-01 3.235047e-02 -4.449598e-03 1.849759e+01
-6.393988e-03 5.901577e-02 -9.982366e-01 -8.719650e+01 -3.337575e-02 9.976882e-01 5.919713e-02 3.051491e+00 9.994224e-01 3.369540e-02 -4.409511e-03 1.848603e+01
-6.293339e-03 5.728872e-02 -9.983378e-01 -8.836890e+01 -3.319390e-02 9.977955e-01 5.746684e-02 3.089651e+00 9.994291e-01 3.350039e-02 -4.377829e-03 1.847757e+01
-6.203515e-03 5.570133e-02 -9.984282e-01 -8.952699e+01 -3.162577e-02 9.979370e-01 5.587043e-02 3.139851e+00 9.994805e-01 3.192265e-02 -4.429120e-03 1.848419e+01
-5.929186e-03 5.655232e-02 -9.983820e-01 -9.070171e+01 -3.021790e-02 9.979335e-01 5.670637e-02 3.188836e+00 9.995257e-01 3.050523e-02 -4.208041e-03 1.846449e+01
-5.648803e-03 5.960391e-02 -9.982061e-01 -9.188829e+01 -2.803912e-02 9.978201e-01 5.973954e-02 3.233021e+00 9.995909e-01 2.832628e-02 -3.965248e-03 1.844857e+01
-5.095577e-03 6.216563e-02 -9.980528e-01 -9.307401e+01 -2.723975e-02 9.976868e-01 6.228191e-02 3.282605e+00 9.996160e-01 2.750407e-02 -3.390413e-03 1.842933e+01
-4.517417e-03 6.388882e-02 -9.979468e-01 -9.422838e+01 -2.698731e-02 9.975857e-01 6.398787e-02 3.333676e+00 9.996256e-01 2.722096e-02 -2.782324e-03 1.841287e+01
-4.158396e-03 6.581926e-02 -9.978229e-01 -9.538435e+01 -2.956509e-02 9.973872e-01 6.591373e-02 3.384780e+00 9.995542e-01 2.977482e-02 -2.201579e-03 1.839178e+01
-3.907075e-03 6.486430e-02 -9.978864e-01 -9.653658e+01 -3.190037e-02 9.973781e-01 6.495616e-02 3.441292e+00 9.994834e-01 3.208673e-02 -1.827636e-03 1.838486e+01
-3.639014e-03 6.092694e-02 -9.981356e-01 -9.766664e+01 -3.457610e-02 9.975377e-01 6.101651e-02 3.494944e+00 9.993954e-01 3.473367e-02 -1.523438e-03 1.836554e+01
-3.614085e-03 5.943644e-02 -9.982256e-01 -9.878241e+01 -3.498298e-02 9.976135e-01 5.952665e-02 3.535321e+00 9.993814e-01 3.513604e-02 -1.526197e-03 1.835627e+01
-3.644641e-03 5.782193e-02 -9.983203e-01 -9.993580e+01 -3.523093e-02 9.976997e-01 5.791461e-02 3.581755e+00 9.993725e-01 3.538283e-02 -1.599137e-03 1.834629e+01
-3.314104e-03 5.816285e-02 -9.983016e-01 -1.011196e+02 -3.402971e-02 9.977223e-01 5.824207e-02 3.633641e+00 9.994153e-01 3.416493e-02 -1.327290e-03 1.833829e+01
-3.582109e-03 6.018595e-02 -9.981807e-01 -1.022851e+02 -3.275578e-02 9.976444e-01 6.027116e-02 3.683491e+00 9.994569e-01 3.291209e-02 -1.602233e-03 1.833444e+01
-3.213826e-03 6.189572e-02 -9.980775e-01 -1.033855e+02 -3.151686e-02 9.975805e-01 6.196639e-02 3.727884e+00 9.994981e-01 3.165542e-02 -1.255292e-03 1.833965e+01
-3.510904e-03 6.088177e-02 -9.981388e-01 -1.045602e+02 -3.491823e-02 9.975288e-01 6.096739e-02 3.784427e+00 9.993840e-01 3.506729e-02 -1.376345e-03 1.832289e+01
-4.263244e-03 6.232617e-02 -9.980468e-01 -1.057020e+02 -3.857072e-02 9.973028e-01 6.244447e-02 3.829762e+00 9.992468e-01 3.876160e-02 -1.847780e-03 1.832094e+01
-4.354294e-03 6.143506e-02 -9.981016e-01 -1.069021e+02 -4.187169e-02 9.972245e-01 6.156374e-02 3.883681e+00 9.991135e-01 4.206027e-02 -1.769818e-03 1.830054e+01
-4.179076e-03 5.756638e-02 -9.983329e-01 -1.080925e+02 -4.299209e-02 9.974082e-01 5.769303e-02 3.938267e+00 9.990667e-01 4.316152e-02 -1.693347e-03 1.827909e+01
-5.387038e-03 5.383901e-02 -9.985351e-01 -1.092831e+02 -4.308859e-02 9.976097e-01 5.402157e-02 3.983751e+00 9.990568e-01 4.331649e-02 -3.054314e-03 1.828355e+01
-6.008730e-03 5.295359e-02 -9.985789e-01 -1.104966e+02 -3.939580e-02 9.978091e-01 5.314983e-02 4.026544e+00 9.992056e-01 3.965918e-02 -3.909416e-03 1.827389e+01
-6.236073e-03 5.196201e-02 -9.986296e-01 -1.116935e+02 -3.552501e-02 9.980071e-01 5.215146e-02 4.088710e+00 9.993494e-01 3.580154e-02 -4.377694e-03 1.825774e+01
-6.492088e-03 5.380346e-02 -9.985304e-01 -1.129120e+02 -3.465867e-02 9.979394e-01 5.399695e-02 4.134714e+00 9.993781e-01 3.495829e-02 -4.613954e-03 1.824139e+01
-7.219895e-03 5.816286e-02 -9.982810e-01 -1.140969e+02 -3.364795e-02 9.977276e-01 5.837397e-02 4.172321e+00 9.994076e-01 3.401157e-02 -5.246427e-03 1.822370e+01
-7.918966e-03 5.835079e-02 -9.982647e-01 -1.153237e+02 -3.179903e-02 9.977764e-01 5.857450e-02 4.218843e+00 9.994629e-01 3.220770e-02 -6.045859e-03 1.821452e+01
-7.955793e-03 5.384786e-02 -9.985175e-01 -1.165907e+02 -3.132588e-02 9.980456e-01 5.407200e-02 4.277016e+00 9.994776e-01 3.170963e-02 -6.253412e-03 1.818591e+01
-9.062470e-03 5.021883e-02 -9.986971e-01 -1.178062e+02 -3.047541e-02 9.982603e-01 5.047341e-02 4.318732e+00 9.994944e-01 3.089312e-02 -7.516265e-03 1.818552e+01
-1.004130e-02 4.861071e-02 -9.987673e-01 -1.190657e+02 -2.969664e-02 9.983626e-01 4.888958e-02 4.367638e+00 9.995085e-01 3.015095e-02 -8.581288e-03 1.816933e+01
-9.899367e-03 4.973818e-02 -9.987133e-01 -1.203274e+02 -3.201698e-02 9.982343e-01 5.003169e-02 4.420853e+00 9.994383e-01 3.247106e-02 -8.289422e-03 1.812412e+01
-9.794543e-03 5.443429e-02 -9.984693e-01 -1.215964e+02 -3.749581e-02 9.977950e-01 5.476535e-02 4.471179e+00 9.992488e-01 3.797482e-02 -7.731888e-03 1.807768e+01
-9.915977e-03 5.758317e-02 -9.982915e-01 -1.228677e+02 -4.299574e-02 9.973927e-01 5.795840e-02 4.525449e+00 9.990261e-01 4.349700e-02 -7.414292e-03 1.804465e+01
-9.859450e-03 5.766880e-02 -9.982871e-01 -1.241211e+02 -5.039347e-02 9.970384e-01 5.809437e-02 4.578065e+00 9.986808e-01 5.087993e-02 -6.924120e-03 1.801104e+01
-9.723232e-03 5.538505e-02 -9.984177e-01 -1.253807e+02 -5.374932e-02 9.969925e-01 5.582944e-02 4.637749e+00 9.985071e-01 5.420712e-02 -6.717081e-03 1.798391e+01
-1.045253e-02 5.446286e-02 -9.984611e-01 -1.266779e+02 -5.496571e-02 9.969746e-01 5.495720e-02 4.681190e+00 9.984335e-01 5.545557e-02 -7.427315e-03 1.799161e+01
-1.076370e-02 5.392086e-02 -9.984872e-01 -1.279540e+02 -5.525510e-02 9.969873e-01 5.443551e-02 4.728261e+00 9.984143e-01 5.575744e-02 -7.751875e-03 1.796099e+01
-1.150606e-02 5.324723e-02 -9.985151e-01 -1.291942e+02 -5.261745e-02 9.971654e-01 5.378158e-02 4.770018e+00 9.985484e-01 5.315813e-02 -8.671708e-03 1.795051e+01
-1.213072e-02 5.377696e-02 -9.984793e-01 -1.304369e+02 -5.289343e-02 9.971203e-01 5.434638e-02 4.816470e+00 9.985265e-01 5.347225e-02 -9.251339e-03 1.793848e+01
-1.273044e-02 5.889105e-02 -9.981833e-01 -1.317110e+02 -5.321056e-02 9.968098e-01 5.948864e-02 4.868028e+00 9.985021e-01 5.387120e-02 -9.556201e-03 1.791010e+01
-1.338486e-02 6.291165e-02 -9.979293e-01 -1.329610e+02 -5.187136e-02 9.966313e-01 6.352555e-02 4.920008e+00 9.985641e-01 5.261423e-02 -1.007646e-02 1.789400e+01
-1.333265e-02 6.158639e-02 -9.980127e-01 -1.341773e+02 -5.205521e-02 9.967052e-01 6.220113e-02 4.974994e+00 9.985552e-01 5.278107e-02 -1.008283e-02 1.786736e+01
-1.256877e-02 6.008270e-02 -9.981143e-01 -1.354336e+02 -5.163768e-02 9.968222e-01 6.065517e-02 5.034079e+00 9.985868e-01 5.230266e-02 -9.426295e-03 1.784886e+01
-1.176920e-02 5.961673e-02 -9.981520e-01 -1.366800e+02 -5.090500e-02 9.968910e-01 6.014163e-02 5.081878e+00 9.986342e-01 5.151875e-02 -8.697823e-03 1.783094e+01
-1.086629e-02 5.886206e-02 -9.982070e-01 -1.379353e+02 -5.128327e-02 9.969194e-01 5.934440e-02 5.135070e+00 9.986250e-01 5.183617e-02 -7.814174e-03 1.781743e+01
-1.035864e-02 6.096483e-02 -9.980862e-01 -1.391758e+02 -5.110737e-02 9.968029e-01 6.141686e-02 5.184950e+00 9.986395e-01 5.164576e-02 -7.209770e-03 1.780015e+01
-9.098886e-03 6.481238e-02 -9.978560e-01 -1.404195e+02 -5.203820e-02 9.965144e-01 6.519976e-02 5.237106e+00 9.986036e-01 5.251987e-02 -5.694451e-03 1.777284e+01
-8.010858e-03 6.603546e-02 -9.977851e-01 -1.416603e+02 -5.388899e-02 9.963387e-01 6.637238e-02 5.290100e+00 9.985148e-01 5.430133e-02 -4.422942e-03 1.775445e+01
-6.689320e-03 6.334006e-02 -9.979696e-01 -1.429079e+02 -5.566283e-02 9.964210e-01 6.361488e-02 5.349040e+00 9.984272e-01 5.597536e-02 -3.139692e-03 1.772469e+01
-6.696369e-03 5.990414e-02 -9.981817e-01 -1.441570e+02 -5.480509e-02 9.966817e-01 6.018179e-02 5.415109e+00 9.984746e-01 5.510844e-02 -3.391097e-03 1.771906e+01
-6.899354e-03 5.841816e-02 -9.982684e-01 -1.454142e+02 -5.148277e-02 9.969475e-01 5.869668e-02 5.462085e+00 9.986501e-01 5.179859e-02 -3.870764e-03 1.772412e+01
-6.798200e-03 5.781296e-02 -9.983043e-01 -1.466411e+02 -4.973572e-02 9.970722e-01 5.808030e-02 5.510648e+00 9.987393e-01 5.004622e-02 -3.902927e-03 1.770185e+01
-7.074133e-03 5.841896e-02 -9.982671e-01 -1.478690e+02 -4.747022e-02 9.971470e-01 5.868981e-02 5.559049e+00 9.988476e-01 4.780314e-02 -4.280789e-03 1.769563e+01
-7.255787e-03 5.639831e-02 -9.983820e-01 -1.492249e+02 -4.603756e-02 9.973308e-01 5.667350e-02 5.626736e+00 9.989133e-01 4.637428e-02 -4.639980e-03 1.770453e+01
-7.538351e-03 5.691991e-02 -9.983503e-01 -1.504525e+02 -4.540724e-02 9.973294e-01 5.720456e-02 5.668064e+00 9.989401e-01 4.576356e-02 -4.933643e-03 1.769486e+01
-7.532903e-03 5.928947e-02 -9.982124e-01 -1.517004e+02 -4.272366e-02 9.973101e-01 5.955829e-02 5.723559e+00 9.990585e-01 4.309593e-02 -4.979578e-03 1.768049e+01
-7.452486e-03 6.057731e-02 -9.981357e-01 -1.529244e+02 -4.000194e-02 9.973464e-01 6.082808e-02 5.776322e+00 9.991718e-01 4.038068e-02 -5.009499e-03 1.766050e+01
-7.713585e-03 5.908933e-02 -9.982229e-01 -1.541989e+02 -3.782623e-02 9.975209e-01 5.934007e-02 5.829343e+00 9.992546e-01 3.821673e-02 -5.459336e-03 1.766199e+01
-8.596711e-03 5.944841e-02 -9.981943e-01 -1.554404e+02 -3.913072e-02 9.974467e-01 5.974088e-02 5.879394e+00 9.991971e-01 3.957364e-02 -6.248502e-03 1.764960e+01
-8.875305e-03 6.406023e-02 -9.979066e-01 -1.566393e+02 -3.931502e-02 9.971519e-01 6.436145e-02 5.930763e+00 9.991875e-01 3.980394e-02 -6.331498e-03 1.763134e+01
-8.563342e-03 7.060318e-02 -9.974677e-01 -1.578851e+02 -4.396277e-02 9.965132e-01 7.091305e-02 5.986378e+00 9.989965e-01 4.445869e-02 -5.429572e-03 1.761548e+01
-6.293794e-03 7.070158e-02 -9.974777e-01 -1.592330e+02 -4.987032e-02 9.962340e-01 7.092810e-02 6.060834e+00 9.987358e-01 5.019094e-02 -2.744180e-03 1.757312e+01
-5.234158e-03 6.662598e-02 -9.977643e-01 -1.604750e+02 -5.397853e-02 9.963045e-01 6.681166e-02 6.133346e+00 9.985284e-01 5.420756e-02 -1.618442e-03 1.756325e+01
-2.852330e-03 6.146356e-02 -9.981052e-01 -1.616981e+02 -5.510293e-02 9.965832e-01 6.152730e-02 6.179568e+00 9.984766e-01 5.517403e-02 5.442386e-04 1.753204e+01
-2.292103e-03 6.000157e-02 -9.981956e-01 -1.629270e+02 -5.743020e-02 9.965429e-01 6.003410e-02 6.232976e+00 9.983469e-01 5.746419e-02 1.161724e-03 1.752614e+01
-1.489048e-03 5.670822e-02 -9.983897e-01 -1.641388e+02 -5.202043e-02 9.970346e-01 5.670884e-02 6.282562e+00 9.986449e-01 5.202110e-02 1.465353e-03 1.753737e+01
-1.442021e-03 5.243552e-02 -9.986233e-01 -1.653696e+02 -4.887865e-02 9.974270e-01 5.244329e-02 6.326981e+00 9.988037e-01 4.888698e-02 1.124666e-03 1.753213e+01
-1.839763e-03 4.910209e-02 -9.987921e-01 -1.666313e+02 -4.207391e-02 9.979056e-01 4.913601e-02 6.367445e+00 9.991128e-01 4.211348e-02 2.300071e-04 1.753434e+01
-3.013487e-03 5.188929e-02 -9.986483e-01 -1.678580e+02 -3.970355e-02 9.978592e-01 5.196809e-02 6.411662e+00 9.992070e-01 3.980649e-02 -9.468467e-04 1.752863e+01
-1.773143e-03 5.845846e-02 -9.982883e-01 -1.690955e+02 -4.041528e-02 9.974700e-01 5.848233e-02 6.457239e+00 9.991814e-01 4.044979e-02 5.939581e-04 1.750321e+01
1.059861e-04 6.127525e-02 -9.981209e-01 -1.703134e+02 -4.196412e-02 9.972420e-01 6.121683e-02 6.520354e+00 9.991191e-01 4.187878e-02 2.677056e-03 1.747968e+01
2.180223e-03 5.788988e-02 -9.983206e-01 -1.715472e+02 -4.217047e-02 9.974402e-01 5.774673e-02 6.568042e+00 9.991081e-01 4.197375e-02 4.615886e-03 1.747056e+01
2.417648e-03 5.776707e-02 -9.983271e-01 -1.728129e+02 -4.492489e-02 9.973284e-01 5.760048e-02 6.625963e+00 9.989874e-01 4.471048e-02 5.006369e-03 1.748231e+01
4.020652e-03 5.910643e-02 -9.982436e-01 -1.740031e+02 -4.244405e-02 9.973621e-01 5.888329e-02 6.672834e+00 9.990907e-01 4.213275e-02 6.518763e-03 1.745945e+01
4.354692e-03 5.716570e-02 -9.983552e-01 -1.752030e+02 -4.299220e-02 9.974523e-01 5.692647e-02 6.715604e+00 9.990659e-01 4.267359e-02 6.801276e-03 1.746489e+01
5.655743e-03 5.573341e-02 -9.984297e-01 -1.763848e+02 -4.224286e-02 9.975677e-01 5.544601e-02 6.763681e+00 9.990914e-01 4.186294e-02 7.996325e-03 1.747367e+01
7.397227e-03 5.779386e-02 -9.983011e-01 -1.775452e+02 -4.417365e-02 9.973728e-01 5.741280e-02 6.796678e+00 9.989965e-01 4.367391e-02 9.930760e-03 1.746888e+01
8.687499e-03 5.978833e-02 -9.981733e-01 -1.786921e+02 -4.406564e-02 9.972641e-01 5.935036e-02 6.837498e+00 9.989909e-01 4.346954e-02 1.129834e-02 1.746895e+01
9.005751e-03 6.115632e-02 -9.980876e-01 -1.797938e+02 -4.479796e-02 9.971506e-01 6.069469e-02 6.877191e+00 9.989555e-01 4.416569e-02 1.171977e-02 1.747230e+01
9.057858e-03 6.276120e-02 -9.979874e-01 -1.808883e+02 -4.572620e-02 9.970104e-01 6.228473e-02 6.904533e+00 9.989129e-01 4.507001e-02 1.190061e-02 1.747952e+01
8.312723e-03 6.333341e-02 -9.979578e-01 -1.819784e+02 -4.423453e-02 9.970387e-01 6.290662e-02 6.950184e+00 9.989866e-01 4.362127e-02 1.108963e-02 1.750302e+01
8.896249e-03 6.262967e-02 -9.979972e-01 -1.830177e+02 -4.407153e-02 9.970915e-01 6.217997e-02 6.987865e+00 9.989887e-01 4.343009e-02 1.163056e-02 1.749992e+01
1.045431e-02 6.305891e-02 -9.979550e-01 -1.839677e+02 -4.475584e-02 9.970390e-01 6.253218e-02 7.007057e+00 9.989433e-01 4.401059e-02 1.324561e-02 1.750184e+01
1.184019e-02 6.395635e-02 -9.978825e-01 -1.849350e+02 -4.549411e-02 9.969534e-01 6.335700e-02 7.042281e+00 9.988945e-01 4.464762e-02 1.471375e-02 1.750662e+01
1.095880e-02 6.239419e-02 -9.979914e-01 -1.859126e+02 -4.402722e-02 9.971136e-01 6.185585e-02 7.077479e+00 9.989702e-01 4.326093e-02 1.367421e-02 1.751911e+01
7.755551e-03 5.918457e-02 -9.982169e-01 -1.868348e+02 -4.090577e-02 9.974301e-01 5.882011e-02 7.113388e+00 9.991329e-01 4.037665e-02 1.015661e-02 1.752583e+01
2.692338e-03 5.573012e-02 -9.984422e-01 -1.877497e+02 -4.088826e-02 9.976170e-01 5.557380e-02 7.144532e+00 9.991601e-01 4.067494e-02 4.964630e-03 1.752641e+01
-2.398973e-03 5.302931e-02 -9.985901e-01 -1.887380e+02 -4.268684e-02 9.976773e-01 5.308338e-02 7.165323e+00 9.990856e-01 4.275400e-02 -1.297477e-04 1.751758e+01
-6.570434e-03 5.189903e-02 -9.986307e-01 -1.896778e+02 -4.490829e-02 9.976294e-01 5.214247e-02 7.208154e+00 9.989695e-01 4.518940e-02 -4.224161e-03 1.750655e+01
-9.791008e-03 5.290920e-02 -9.985513e-01 -1.905958e+02 -4.625206e-02 9.975064e-01 5.330734e-02 7.233780e+00 9.988818e-01 4.670699e-02 -7.319434e-03 1.749366e+01
-1.210335e-02 5.475681e-02 -9.984264e-01 -1.915203e+02 -4.440349e-02 9.974851e-01 5.524346e-02 7.265320e+00 9.989403e-01 4.500224e-02 -9.641519e-03 1.748605e+01
-1.291007e-02 5.608668e-02 -9.983425e-01 -1.924321e+02 -4.190589e-02 9.975181e-01 5.658228e-02 7.297843e+00 9.990382e-01 4.256691e-02 -1.052766e-02 1.745991e+01
-1.363056e-02 5.697181e-02 -9.982827e-01 -1.933381e+02 -3.970506e-02 9.975572e-01 5.747254e-02 7.322294e+00 9.991184e-01 4.042026e-02 -1.133519e-02 1.743361e+01
-1.422939e-02 5.595730e-02 -9.983318e-01 -1.942515e+02 -4.114761e-02 9.975543e-01 5.650020e-02 7.354132e+00 9.990517e-01 4.188293e-02 -1.189208e-02 1.740748e+01
-1.503758e-02 5.504286e-02 -9.983708e-01 -1.951632e+02 -4.298192e-02 9.975251e-01 5.564363e-02 7.383519e+00 9.989627e-01 4.374864e-02 -1.263452e-02 1.738361e+01
-1.466296e-02 5.443554e-02 -9.984096e-01 -1.960797e+02 -4.607184e-02 9.974197e-01 5.505820e-02 7.416828e+00 9.988305e-01 4.680588e-02 -1.211717e-02 1.735090e+01
-1.396985e-02 5.265537e-02 -9.985150e-01 -1.970007e+02 -4.876175e-02 9.973885e-01 5.327816e-02 7.450448e+00 9.987127e-01 4.943363e-02 -1.136580e-02 1.732532e+01
-1.255016e-02 4.976334e-02 -9.986822e-01 -1.978985e+02 -4.914926e-02 9.975229e-01 5.032322e-02 7.483892e+00 9.987126e-01 4.971605e-02 -1.007324e-02 1.729948e+01
