1.000000e+00 0.000000e+00 0.000000e+00 0.000000e+00 0.000000e+00 1.000000e+00 0.000000e+00 0.000000e+00 0.000000e+00 0.000000e+00 1.000000e+00 0.000000e+00
9.999314e-01 -2.574949e-03 1.142626e-02 1.513103e-02 2.565800e-03 9.999964e-01 8.152205e-04 -4.686440e-03 -1.142832e-02 -7.858471e-04 9.999344e-01 2.995918e-01
9.998323e-01 -4.605518e-03 1.772692e-02 3.242491e-02 4.588531e-03 9.999890e-01 9.987984e-04 -8.894943e-03 -1.773133e-02 -9.172904e-04 9.998423e-01 5.962481e-01
9.997816e-01 -7.308406e-03 1.957727e-02 4.096235e-02 7.317218e-03 9.999732e-01 -3.785529e-04 -1.035803e-02 -1.957398e-02 5.217214e-04 9.998083e-01 9.005247e-01
9.998176e-01 -9.044752e-03 1.682242e-02 5.926420e-02 9.079828e-03 9.999568e-01 -2.009847e-03 -1.425741e-02 -1.680351e-02 2.162225e-03 9.998565e-01 1.213611e+00
9.998910e-01 -1.111119e-02 9.724528e-03 6.289676e-02 1.114117e-02 9.999333e-01 -3.034526e-03 -1.906502e-02 -9.690162e-03 3.142537e-03 9.999481e-01 1.528414e+00
9.999089e-01 -1.313761e-02 -3.096021e-03 6.513678e-02 1.312145e-02 9.999005e-01 -5.182582e-03 -2.176562e-02 3.163800e-03 5.141486e-03 9.999818e-01 1.858171e+00
9.997326e-01 -1.243605e-02 -1.949674e-02 4.010534e-02 1.233356e-02 9.999095e-01 -5.368376e-03 -2.709448e-02 1.956174e-02 5.126476e-03 9.997955e-01 2.192283e+00
9.992168e-01 -7.637028e-03 -3.882581e-02 6.161334e-03 7.468050e-03 9.999620e-01 -4.495377e-03 -4.622039e-02 3.885866e-02 4.201903e-03 9.992359e-01 2.540040e+00
9.982716e-01 -4.145847e-03 -5.862189e-02 -3.638118e-02 3.803822e-03 9.999751e-01 -5.944806e-03 -4.847888e-02 5.864508e-02 5.711544e-03 9.982626e-01 2.900584e+00
9.968978e-01 -3.721121e-03 -7.861879e-02 -8.569930e-02 3.226215e-03 9.999742e-01 -6.421080e-03 -5.095650e-02 7.864065e-02 6.147520e-03 9.968840e-01 3.268275e+00
9.949866e-01 -5.562173e-03 -9.985341e-02 -1.300370e-01 5.016080e-03 9.999711e-01 -5.719183e-03 -5.509331e-02 9.988233e-02 5.189638e-03 9.949857e-01 3.659904e+00
9.928167e-01 -6.626270e-03 -1.194616e-01 -1.936853e-01 6.089563e-03 9.999697e-01 -4.857202e-03 -6.309548e-02 1.194901e-01 4.094842e-03 9.928269e-01 4.041608e+00
9.905498e-01 -5.370774e-03 -1.370484e-01 -2.707507e-01 4.810934e-03 9.999787e-01 -4.415886e-03 -6.879587e-02 1.370692e-01 3.714825e-03 9.905545e-01 4.436452e+00
9.882309e-01 -4.366157e-03 -1.529072e-01 -3.463244e-01 3.852787e-03 9.999859e-01 -3.653537e-03 -7.585705e-02 1.529210e-01 3.021420e-03 9.882338e-01 4.851843e+00
9.860517e-01 -3.726311e-03 -1.663974e-01 -4.308922e-01 3.117438e-03 9.999875e-01 -3.920189e-03 -7.935860e-02 1.664099e-01 3.346776e-03 9.860510e-01 5.269663e+00
9.838918e-01 -5.106936e-03 -1.786918e-01 -5.199772e-01 4.340136e-03 9.999796e-01 -4.681845e-03 -8.610052e-02 1.787121e-01 3.830882e-03 9.838939e-01 5.713127e+00
9.820480e-01 -8.407005e-03 -1.884436e-01 -6.110930e-01 7.163974e-03 9.999478e-01 -7.276454e-03 -8.753220e-02 1.884949e-01 5.795822e-03 9.820571e-01 6.167431e+00
9.804829e-01 -7.870330e-03 -1.964470e-01 -7.130713e-01 6.165299e-03 9.999378e-01 -9.289379e-03 -9.290864e-02 1.965079e-01 7.896923e-03 9.804704e-01 6.632630e+00
9.789369e-01 -7.441713e-03 -2.040277e-01 -8.195409e-01 5.349318e-03 9.999273e-01 -1.080504e-02 -1.062385e-01 2.040932e-01 9.486042e-03 9.789055e-01 7.102338e+00
9.772198e-01 -8.491014e-03 -2.120601e-01 -9.390693e-01 5.706362e-03 9.998893e-01 -1.374000e-02 -1.098727e-01 2.121533e-01 1.221691e-02 9.771600e-01 7.598017e+00
9.754698e-01 -1.318124e-02 -2.197382e-01 -1.044444e+00 1.006968e-02 9.998326e-01 -1.527436e-02 -1.241463e-01 2.199028e-01 1.268699e-02 9.754393e-01 8.070728e+00
9.734405e-01 -1.991505e-02 -2.280724e-01 -1.151695e+00 1.663071e-02 9.997286e-01 -1.631341e-02 -1.392159e-01 2.283354e-01 1.208713e-02 9.735075e-01 8.582788e+00
9.713503e-01 -2.045662e-02 -2.367702e-01 -1.279403e+00 1.638310e-02 9.996822e-01 -1.915946e-02 -1.489261e-01 2.370869e-01 1.473152e-02 9.713768e-01 9.094078e+00
9.693433e-01 -1.653636e-02 -2.451532e-01 -1.431861e+00 1.118887e-02 9.996685e-01 -2.318965e-02 -1.656658e-01 2.454554e-01 1.973574e-02 9.692070e-01 9.606450e+00
9.671918e-01 -1.349728e-02 -2.536885e-01 -1.582694e+00 7.090770e-03 9.996328e-01 -2.615092e-02 -1.826477e-01 2.539483e-01 2.349411e-02 9.669324e-01 1.010857e+01
9.648367e-01 -1.616772e-02 -2.623525e-01 -1.730375e+00 9.134115e-03 9.995660e-01 -2.800724e-02 -2.018056e-01 2.626915e-01 2.462605e-02 9.645656e-01 1.064379e+01
9.627916e-01 -1.911814e-02 -2.695679e-01 -1.904607e+00 1.142729e-02 9.994825e-01 -3.007089e-02 -2.176755e-01 2.700033e-01 2.587157e-02 9.625118e-01 1.112541e+01
9.606240e-01 -1.818373e-02 -2.772560e-01 -2.008773e+00 9.650601e-03 9.994377e-01 -3.211080e-02 -2.349591e-01 2.776840e-01 2.817071e-02 9.602593e-01 1.150254e+01
9.578988e-01 -1.919731e-02 -2.864636e-01 -2.221469e+00 9.023357e-03 9.992821e-01 -3.679374e-02 -2.442778e-01 2.869643e-01 3.265981e-02 9.573843e-01 1.230095e+01
9.555742e-01 -2.031796e-02 -2.940497e-01 -2.410342e+00 8.338358e-03 9.990855e-01 -4.193667e-02 -2.701654e-01 2.946328e-01 3.762170e-02 9.548697e-01 1.289098e+01
9.538239e-01 -2.171938e-02 -2.995799e-01 -2.605609e+00 7.164858e-03 9.987437e-01 -4.959639e-02 -3.057177e-01 3.002808e-01 4.515978e-02 9.527812e-01 1.347075e+01
9.525081e-01 -2.183094e-02 -3.037298e-01 -2.806838e+00 4.444597e-03 9.983173e-01 -5.781680e-02 -3.380877e-01 3.044809e-01 5.372101e-02 9.510023e-01 1.408761e+01
9.511226e-01 -2.220437e-02 -3.080143e-01 -3.014379e+00 1.653797e-03 9.977636e-01 -6.682077e-02 -3.772375e-01 3.088092e-01 6.304535e-02 9.490322e-01 1.473630e+01
9.498541e-01 -2.107173e-02 -3.119826e-01 -3.228828e+00 -2.769222e-03 9.971209e-01 -7.577802e-02 -4.223709e-01 3.126811e-01 7.284202e-02 9.470610e-01 1.533011e+01
9.485302e-01 -2.033672e-02 -3.160331e-01 -3.449682e+00 -6.094185e-03 9.965790e-01 -8.242069e-02 -4.784498e-01 3.166281e-01 8.010448e-02 9.451613e-01 1.597028e+01
9.469317e-01 -1.807727e-02 -3.209260e-01 -3.658024e+00 -1.129007e-02 9.959307e-01 -8.941201e-02 -5.304964e-01 3.212364e-01 8.829035e-02 9.428743e-01 1.653958e+01
9.453034e-01 -1.628825e-02 -3.257856e-01 -3.882833e+00 -1.569796e-02 9.953236e-01 -9.531245e-02 -6.002338e-01 3.258146e-01 9.521335e-02 9.406271e-01 1.718882e+01
9.436755e-01 -1.588167e-02 -3.304911e-01 -4.155823e+00 -1.835023e-02 9.947979e-01 -1.002015e-01 -6.860455e-01 3.303632e-01 1.006223e-01 9.384750e-01 1.790781e+01
9.418042e-01 -1.229804e-02 -3.359368e-01 -4.385250e+00 -2.399076e-02 9.943236e-01 -1.036589e-01 -7.442503e-01 3.353046e-01 1.056858e-01 9.361631e-01 1.852725e+01
9.400737e-01 -1.060656e-02 -3.408063e-01 -4.622380e+00 -2.665874e-02 9.941701e-01 -1.044755e-01 -8.357827e-01 3.399276e-01 1.073001e-01 9.343104e-01 1.918124e+01
9.380244e-01 -1.052143e-02 -3.464095e-01 -4.908758e+00 -2.720642e-02 9.942189e-01 -1.038681e-01 -9.146788e-01 3.454997e-01 1.068554e-01 9.323153e-01 1.988631e+01
9.354979e-01 -1.083453e-02 -3.531661e-01 -5.176771e+00 -2.689776e-02 9.944456e-01 -1.017571e-01 -1.010213e+00 3.523069e-01 1.046929e-01 9.300103e-01 2.060648e+01
9.330683e-01 -1.034980e-02 -3.595502e-01 -5.471369e+00 -2.754826e-02 9.945939e-01 -1.001203e-01 -1.087555e+00 3.586426e-01 1.033240e-01 9.277390e-01 2.131478e+01
9.299074e-01 -8.906054e-03 -3.676857e-01 -5.759282e+00 -2.883954e-02 9.948630e-01 -9.703505e-02 -1.162468e+00 3.666612e-01 1.008375e-01 9.248737e-01 2.202321e+01
9.265386e-01 -7.083399e-03 -3.761331e-01 -6.069757e+00 -2.952597e-02 9.953694e-01 -9.147705e-02 -1.247294e+00 3.750393e-01 9.586271e-02 9.220390e-01 2.274978e+01
9.231654e-01 -2.409419e-03 -3.843953e-01 -6.407254e+00 -3.350171e-02 9.956711e-01 -8.669881e-02 -1.315535e+00 3.829402e-01 9.291524e-02 9.190884e-01 2.350887e+01
9.197546e-01 9.449701e-04 -3.924928e-01 -6.755183e+00 -3.631019e-02 9.959136e-01 -8.269032e-02 -1.402653e+00 3.908107e-01 9.030629e-02 9.160304e-01 2.425360e+01
9.157955e-01 1.807991e-03 -4.016408e-01 -7.101027e+00 -3.748791e-02 9.960093e-01 -8.099396e-02 -1.477216e+00 3.998916e-01 8.923057e-02 9.122087e-01 2.501444e+01
9.118648e-01 1.997446e-03 -4.104858e-01 -7.455628e+00 -3.835170e-02 9.960287e-01 -8.034881e-02 -1.552891e+00 4.086952e-01 8.901008e-02 9.083201e-01 2.577347e+01
9.078961e-01 1.515678e-03 -4.191925e-01 -7.818953e+00 -3.812902e-02 9.961469e-01 -7.897888e-02 -1.625242e+00 4.174576e-01 8.768801e-02 9.044556e-01 2.654157e+01
9.040703e-01 3.089572e-03 -4.273726e-01 -8.187801e+00 -3.974937e-02 9.962474e-01 -7.688431e-02 -1.703086e+00 4.255313e-01 8.649662e-02 9.008005e-01 2.729211e+01
9.002255e-01 2.683435e-03 -4.354158e-01 -8.580036e+00 -3.929937e-02 9.964005e-01 -7.511100e-02 -1.772372e+00 4.336470e-01 8.472840e-02 8.970905e-01 2.808149e+01
8.964652e-01 4.081000e-03 -4.430953e-01 -8.999891e+00 -3.963529e-02 9.966878e-01 -7.100996e-02 -1.845537e+00 4.413379e-01 8.122017e-02 8.936577e-01 2.888177e+01
8.930010e-01 8.428053e-03 -4.499758e-01 -9.412790e+00 -4.243263e-02 9.969475e-01 -6.553698e-02 -1.923519e+00 4.480499e-01 7.761824e-02 8.906327e-01 2.965063e+01
8.892381e-01 9.322257e-03 -4.573495e-01 -9.839047e+00 -4.205683e-02 9.972240e-01 -6.144569e-02 -1.997481e+00 4.555071e-01 7.387453e-02 8.871617e-01 3.045037e+01
8.859873e-01 9.844226e-03 -4.636049e-01 -1.034421e+01 -4.230383e-02 9.973214e-01 -5.966890e-02 -2.073889e+00 4.617757e-01 7.247815e-02 8.840306e-01 3.128161e+01
8.825895e-01 7.871575e-03 -4.700786e-01 -1.076957e+01 -4.007756e-02 9.974800e-01 -5.854402e-02 -2.124332e+00 4.684332e-01 7.050994e-02 8.806808e-01 3.208232e+01
8.797587e-01 8.927654e-03 -4.753366e-01 -1.127558e+01 -4.075034e-02 9.975601e-01 -5.668530e-02 -2.186373e+00 4.736708e-01 6.923951e-02 8.779760e-01 3.293243e+01
8.768803e-01 8.538996e-03 -4.806329e-01 -1.178619e+01 -4.022169e-02 9.976395e-01 -5.565738e-02 -2.256626e+00 4.790231e-01 6.813673e-02 8.751538e-01 3.379039e+01
8.747544e-01 6.687051e-03 -4.845204e-01 -1.206765e+01 -3.766248e-02 9.978182e-01 -5.422468e-02 -2.256411e+00 4.831007e-01 6.568151e-02 8.730978e-01 3.437574e+01
8.731112e-01 6.040884e-03 -4.874837e-01 -1.263022e+01 -3.760637e-02 9.977784e-01 -5.499072e-02 -2.310913e+00 4.860685e-01 6.634551e-02 8.713987e-01 3.524405e+01
8.716564e-01 5.220922e-03 -4.900898e-01 -1.306253e+01 -3.691348e-02 9.978025e-01 -5.502343e-02 -2.373748e+00 4.887255e-01 6.605244e-02 8.699336e-01 3.603754e+01
8.712069e-01 5.388211e-03 -4.908864e-01 -1.356847e+01 -3.676084e-02 9.978484e-01 -5.428891e-02 -2.431390e+00 4.895377e-01 6.534227e-02 8.695305e-01 3.690228e+01
8.711473e-01 5.277727e-03 -4.909933e-01 -1.407793e+01 -3.545596e-02 9.980081e-01 -5.218025e-02 -2.502068e+00 4.897399e-01 6.286533e-02 8.695992e-01 3.775427e+01
8.706053e-01 4.278683e-03 -4.919635e-01 -1.459263e+01 -3.400568e-02 9.980940e-01 -5.149773e-02 -2.576072e+00 4.908054e-01 6.156375e-02 8.690915e-01 3.870499e+01
8.701348e-01 2.102258e-03 -4.928092e-01 -1.508747e+01 -3.180167e-02 9.981462e-01 -5.189307e-02 -2.644200e+00 4.917865e-01 6.082613e-02 8.685886e-01 3.950255e+01
8.692187e-01 1.328661e-04 -4.944278e-01 -1.564021e+01 -2.997127e-02 9.981751e-01 -5.242215e-02 -2.704981e+00 4.935185e-01 6.038494e-02 8.676365e-01 4.043234e+01
8.677975e-01 -7.847760e-05 -4.969181e-01 -1.618292e+01 -2.873090e-02 9.983192e-01 -5.033213e-02 -2.772262e+00 4.960868e-01 5.795499e-02 8.663366e-01 4.134292e+01
8.657992e-01 7.108414e-04 -5.003910e-01 -1.670846e+01 -2.751950e-02 9.985532e-01 -4.619697e-02 -2.832942e+00 4.996342e-01 5.376782e-02 8.645662e-01 4.223979e+01
8.631482e-01 1.222534e-03 -5.049493e-01 -1.725255e+01 -2.603339e-02 9.987749e-01 -4.208271e-02 -2.903800e+00 5.042793e-01 4.946915e-02 8.621225e-01 4.313710e+01
8.591993e-01 8.110451e-04 -5.116404e-01 -1.782118e+01 -2.483767e-02 9.988859e-01 -4.012655e-02 -2.963920e+00 5.110378e-01 4.718466e-02 8.582622e-01 4.406848e+01
8.541015e-01 -2.665140e-03 -5.200996e-01 -1.838276e+01 -2.253773e-02 9.988579e-01 -4.212964e-02 -3.026236e+00 5.196179e-01 4.770485e-02 8.530660e-01 4.498576e+01
8.480704e-01 -5.739023e-03 -5.298524e-01 -1.896174e+01 -2.172267e-02 9.987242e-01 -4.558637e-02 -3.082098e+00 5.294381e-01 5.017027e-02 8.468638e-01 4.589421e+01
8.420413e-01 -7.071279e-03 -5.393667e-01 -1.954454e+01 -2.002486e-02 9.988151e-01 -4.435693e-02 -3.155476e+00 5.390413e-01 4.815111e-02 8.409019e-01 4.678283e+01
8.363285e-01 -3.688937e-03 -5.482162e-01 -2.015463e+01 -2.113545e-02 9.990170e-01 -3.896545e-02 -3.216821e+00 5.478210e-01 4.417471e-02 8.354285e-01 4.768693e+01
8.312698e-01 9.937807e-04 -5.558683e-01 -2.076056e+01 -2.431533e-02 9.991062e-01 -3.457602e-02 -3.273878e+00 5.553371e-01 4.225812e-02 8.305510e-01 4.855252e+01
8.273540e-01 1.312818e-03 -5.616792e-01 -2.136649e+01 -2.598537e-02 9.990160e-01 -3.594146e-02 -3.326021e+00 5.610794e-01 4.433175e-02 8.265740e-01 4.942327e+01
8.241175e-01 -1.013418e-04 -5.664188e-01 -2.198845e+01 -2.730534e-02 9.988303e-01 -3.990692e-02 -3.383782e+00 5.657603e-01 4.835425e-02 8.231508e-01 5.028478e+01
8.213243e-01 -2.515812e-03 -5.704560e-01 -2.261284e+01 -2.949389e-02 9.984656e-01 -4.686777e-02 -3.438538e+00 5.696986e-01 5.531860e-02 8.199898e-01 5.111007e+01
8.186017e-01 -2.870730e-03 -5.743545e-01 -2.314544e+01 -3.004814e-02 9.984041e-01 -4.781647e-02 -3.509572e+00 5.735751e-01 5.640092e-02 8.172090e-01 5.182734e+01
8.144420e-01 -7.954594e-03 -5.801904e-01 -2.355316e+01 -2.096888e-02 9.988494e-01 -4.312959e-02 -3.505105e+00 5.798659e-01 4.729249e-02 8.133381e-01 5.246034e+01
8.113194e-01 -5.264539e-03 -5.845795e-01 -2.418327e+01 -2.065972e-02 9.990766e-01 -3.767034e-02 -3.569396e+00 5.842381e-01 4.263992e-02 8.104615e-01 5.332578e+01
8.084322e-01 -4.211607e-03 -5.885742e-01 -2.482484e+01 -1.982594e-02 9.992121e-01 -3.438176e-02 -3.629971e+00 5.882553e-01 3.946436e-02 8.077118e-01 5.416523e+01
8.057149e-01 -3.295495e-03 -5.922943e-01 -2.548852e+01 -2.180616e-02 9.991416e-01 -3.522272e-02 -3.663875e+00 5.919020e-01 4.129513e-02 8.049514e-01 5.500755e+01
8.023394e-01 -4.625225e-03 -5.968502e-01 -2.613476e+01 -2.144296e-02 9.991011e-01 -3.656796e-02 -3.728968e+00 5.964828e-01 4.213815e-02 8.015190e-01 5.585824e+01
7.983751e-01 -7.708630e-03 -6.021112e-01 -2.675999e+01 -1.979060e-02 9.990420e-01 -3.903194e-02 -3.786605e+00 6.018352e-01 4.307827e-02 7.974576e-01 5.664935e+01
7.945333e-01 -8.615292e-03 -6.071595e-01 -2.744070e+01 -1.930696e-02 9.990354e-01 -3.944104e-02 -3.838225e+00 6.069136e-01 4.305962e-02 7.936005e-01 5.749902e+01
7.897032e-01 -8.528985e-03 -6.134298e-01 -2.809500e+01 -1.883695e-02 9.990948e-01 -3.814106e-02 -3.901929e+00 6.131998e-01 4.167526e-02 7.888277e-01 5.835247e+01
7.849556e-01 -8.055468e-03 -6.194997e-01 -2.876342e+01 -1.918689e-02 9.991198e-01 -3.730306e-02 -3.957803e+00 6.192549e-01 4.116751e-02 7.841101e-01 5.917606e+01
7.798393e-01 -9.085045e-03 -6.259139e-01 -2.947556e+01 -1.919163e-02 9.990776e-01 -3.841272e-02 -4.015760e+00 6.256855e-01 4.196806e-02 7.789457e-01 6.002413e+01
7.749350e-01 -9.693549e-03 -6.319666e-01 -3.014932e+01 -1.982355e-02 9.990177e-01 -3.963183e-02 -4.075970e+00 6.317300e-01 4.323991e-02 7.739816e-01 6.080581e+01
7.694283e-01 -1.064082e-02 -6.386445e-01 -3.085183e+01 -1.958906e-02 9.989978e-01 -4.024544e-02 -4.139247e+00 6.384327e-01 4.347643e-02 7.684488e-01 6.164097e+01
7.635725e-01 -1.214280e-02 -6.456079e-01 -3.157099e+01 -1.879006e-02 9.989820e-01 -4.101253e-02 -4.198636e+00 6.454487e-01 4.344705e-02 7.625670e-01 6.247639e+01
7.574455e-01 -1.440448e-02 -6.527395e-01 -3.226173e+01 -1.740909e-02 9.989555e-01 -4.224637e-02 -4.248573e+00 6.526663e-01 4.336292e-02 7.564036e-01 6.330053e+01
7.510729e-01 -1.698666e-02 -6.600007e-01 -3.299709e+01 -1.498067e-02 9.989731e-01 -4.275873e-02 -4.294697e+00 6.600493e-01 4.200218e-02 7.500472e-01 6.413966e+01
7.449099e-01 -1.633327e-02 -6.669651e-01 -3.373931e+01 -1.500149e-02 9.990374e-01 -4.121999e-02 -4.355772e+00 6.669964e-01 4.071065e-02 7.439479e-01 6.496066e+01
7.387786e-01 -1.726248e-02 -6.737271e-01 -3.453852e+01 -1.354244e-02 9.990898e-01 -4.044906e-02 -4.409637e+00 6.738122e-01 3.900681e-02 7.378724e-01 6.577985e+01
7.317789e-01 -1.916175e-02 -6.812727e-01 -3.527617e+01 -1.250329e-02 9.990590e-01 -4.153015e-02 -4.422893e+00 6.814275e-01 3.890904e-02 7.308507e-01 6.668744e+01
7.257767e-01 -1.975594e-02 -6.876466e-01 -3.605946e+01 -1.361507e-02 9.989793e-01 -4.307048e-02 -4.492511e+00 6.877956e-01 4.062191e-02 7.247670e-01 6.747801e+01
7.198319e-01 -1.854979e-02 -6.939005e-01 -3.681237e+01 -1.592001e-02 9.989387e-01 -4.321922e-02 -4.552065e+00 6.939658e-01 4.215747e-02 7.187727e-01 6.824362e+01
7.146355e-01 -1.703359e-02 -6.992896e-01 -3.760427e+01 -1.731166e-02 9.989666e-01 -4.202481e-02 -4.627255e+00 6.992828e-01 4.213829e-02 7.136021e-01 6.903622e+01
7.098385e-01 -1.648780e-02 -7.041714e-01 -3.840290e+01 -1.826144e-02 9.989592e-01 -4.179851e-02 -4.690250e+00 7.041277e-01 4.252937e-02 7.087986e-01 6.982089e+01
7.050218e-01 -1.792878e-02 -7.089590e-01 -3.929458e+01 -1.789114e-02 9.989126e-01 -4.305316e-02 -4.749392e+00 7.089599e-01 4.303750e-02 7.039344e-01 7.066742e+01
6.997448e-01 -1.994870e-02 -7.141142e-01 -4.012913e+01 -1.836875e-02 9.987772e-01 -4.589986e-02 -4.810273e+00 7.141567e-01 4.523558e-02 6.985227e-01 7.147009e+01
6.949772e-01 -2.137616e-02 -7.187139e-01 -4.092279e+01 -1.884647e-02 9.986730e-01 -4.792682e-02 -4.886762e+00 7.187847e-01 4.685327e-02 6.936522e-01 7.223837e+01
6.902581e-01 -2.261050e-02 -7.232099e-01 -4.180075e+01 -1.844489e-02 9.986370e-01 -4.882596e-02 -4.940512e+00 7.233281e-01 4.704205e-02 6.889002e-01 7.303943e+01
6.852497e-01 -2.196470e-02 -7.279769e-01 -4.264923e+01 -1.829340e-02 9.987107e-01 -4.735304e-02 -5.009387e+00 7.280784e-01 4.576583e-02 6.839644e-01 7.384428e+01
6.799802e-01 -2.162361e-02 -7.329116e-01 -4.351007e+01 -1.770841e-02 9.987892e-01 -4.589748e-02 -5.089392e+00 7.330166e-01 4.418808e-02 6.787739e-01 7.463876e+01
6.750219e-01 -2.312426e-02 -7.374352e-01 -4.439128e+01 -1.667743e-02 9.987751e-01 -4.658521e-02 -5.149635e+00 7.376091e-01 4.374456e-02 6.738094e-01 7.543579e+01
6.699947e-01 -2.425313e-02 -7.419696e-01 -4.526329e+01 -1.577764e-02 9.987752e-01 -4.689459e-02 -5.213475e+00 7.421982e-01 4.312566e-02 6.687914e-01 7.622460e+01
6.662353e-01 -2.485360e-02 -7.453273e-01 -4.612752e+01 -1.464344e-02 9.988158e-01 -4.639592e-02 -5.287443e+00 7.455978e-01 4.182475e-02 6.650824e-01 7.696475e+01
6.625360e-01 -2.439964e-02 -7.486326e-01 -4.700298e+01 -1.499153e-02 9.988371e-01 -4.582180e-02 -5.362728e+00 7.488800e-01 4.158174e-02 6.613998e-01 7.771207e+01
6.581674e-01 -2.700004e-02 -7.523873e-01 -4.788442e+01 -1.352040e-02 9.987717e-01 -4.766901e-02 -5.395024e+00 7.527502e-01 4.154677e-02 6.569939e-01 7.848641e+01
6.540830e-01 -3.119865e-02 -7.557791e-01 -4.875978e+01 -1.099718e-02 9.986513e-01 -5.074185e-02 -5.464397e+00 7.563429e-01 4.150082e-02 6.528577e-01 7.923396e+01
6.496204e-01 -3.539217e-02 -7.594345e-01 -4.966293e+01 -6.428250e-03 9.986244e-01 -5.203794e-02 -5.539144e+00 7.602316e-01 3.868674e-02 6.484993e-01 7.998891e+01
6.433746e-01 -3.904217e-02 -7.645553e-01 -5.056178e+01 -1.022539e-03 9.986540e-01 -5.185694e-02 -5.612011e+00 7.655508e-01 3.414522e-02 6.424687e-01 8.072300e+01
6.347745e-01 -4.323718e-02 -7.714868e-01 -5.151619e+01 3.821775e-03 9.985967e-01 -5.282079e-02 -5.686196e+00 7.726880e-01 3.058084e-02 6.340489e-01 8.152357e+01
6.260455e-01 -4.453464e-02 -7.785138e-01 -5.245510e+01 6.993739e-03 9.986483e-01 -5.150332e-02 -5.749136e+00 7.797552e-01 2.679870e-02 6.255107e-01 8.224552e+01
6.175061e-01 -4.311327e-02 -7.853836e-01 -5.344535e+01 7.157477e-03 9.987633e-01 -4.919909e-02 -5.824974e+00 7.865335e-01 2.475938e-02 6.170511e-01 8.300245e+01
6.091878e-01 -4.282820e-02 -7.918686e-01 -5.442549e+01 6.914768e-03 9.987895e-01 -4.869995e-02 -5.903145e+00 7.929958e-01 2.419183e-02 6.087466e-01 8.372216e+01
5.995472e-01 -4.409440e-02 -7.991238e-01 -5.539277e+01 5.647114e-03 9.986894e-01 -5.086933e-02 -5.972128e+00 8.003195e-01 2.598582e-02 5.990104e-01 8.445207e+01
5.896975e-01 -4.614689e-02 -8.063047e-01 -5.638856e+01 6.048243e-03 9.985906e-01 -5.272847e-02 -6.050269e+00 8.076015e-01 2.621712e-02 5.891455e-01 8.516595e+01
5.802284e-01 -4.782965e-02 -8.130482e-01 -5.739096e+01 6.444722e-03 9.985125e-01 -5.414081e-02 -6.126077e+00 8.144283e-01 2.617417e-02 5.796736e-01 8.585596e+01
5.704327e-01 -4.831393e-02 -8.199221e-01 -5.840278e+01 8.523243e-03 9.985629e-01 -5.291058e-02 -6.203362e+00 8.213001e-01 2.319353e-02 5.700247e-01 8.654652e+01
5.599273e-01 -4.847971e-02 -8.271222e-01 -5.944236e+01 9.779374e-03 9.986039e-01 -5.191045e-02 -6.283790e+00 8.284841e-01 2.097734e-02 5.596197e-01 8.725707e+01
5.498676e-01 -4.913001e-02 -8.338057e-01 -6.047107e+01 9.971896e-03 9.985836e-01 -5.226301e-02 -6.361265e+00 8.351923e-01 2.042311e-02 5.495787e-01 8.792316e+01
5.403937e-01 -4.987432e-02 -8.399329e-01 -6.155162e+01 9.151650e-03 9.985310e-01 -5.340375e-02 -6.442758e+00 8.413625e-01 2.117228e-02 5.400563e-01 8.856448e+01
5.304634e-01 -5.043643e-02 -8.462061e-01 -6.262580e+01 7.739993e-03 9.984750e-01 -5.466013e-02 -6.522263e+00 8.476725e-01 2.244557e-02 5.300448e-01 8.922694e+01
5.205645e-01 -5.141043e-02 -8.522732e-01 -6.370441e+01 6.821663e-03 9.984041e-01 -5.605863e-02 -6.609515e+00 8.537951e-01 2.336822e-02 5.200845e-01 8.987411e+01
5.109456e-01 -5.151987e-02 -8.580678e-01 -6.484932e+01 6.043334e-03 9.983930e-01 -5.634667e-02 -6.690372e+00 8.595918e-01 2.360450e-02 5.104359e-01 9.054557e+01
5.017456e-01 -5.186445e-02 -8.634590e-01 -6.583478e+01 1.104486e-02 9.985037e-01 -5.355800e-02 -6.763463e+00 8.649447e-01 1.733570e-02 5.015677e-01 9.108986e+01
4.938909e-01 -5.027458e-02 -8.680692e-01 -6.693448e+01 1.156625e-02 9.986187e-01 -5.125474e-02 -6.846513e+00 8.694469e-01 1.527394e-02 4.937901e-01 9.170166e+01
4.871013e-01 -5.012661e-02 -8.719058e-01 -6.800717e+01 1.127149e-02 9.986292e-01 -5.111508e-02 -6.931226e+00 8.732728e-01 1.507055e-02 4.869985e-01 9.226808e+01
4.797114e-01 -5.252632e-02 -8.758527e-01 -6.909350e+01 1.097769e-02 9.984877e-01 -5.386838e-02 -7.010728e+00 8.773577e-01 1.622644e-02 4.795626e-01 9.286561e+01
4.733433e-01 -5.587330e-02 -8.791043e-01 -7.019132e+01 1.361926e-02 9.983312e-01 -5.611789e-02 -7.098943e+00 8.807727e-01 1.459028e-02 4.733144e-01 9.344070e+01
4.668613e-01 -5.841011e-02 -8.823994e-01 -7.129827e+01 1.379197e-02 9.981759e-01 -5.877681e-02 -7.186605e+00 8.842230e-01 1.527059e-02 4.668153e-01 9.403044e+01
4.619494e-01 -6.109881e-02 -8.847992e-01 -7.241054e+01 1.524194e-02 9.980239e-01 -6.095967e-02 -7.299114e+00 8.867753e-01 1.467423e-02 4.619678e-01 9.459819e+01
4.571812e-01 -6.174940e-02 -8.872274e-01 -7.353588e+01 1.722745e-02 9.980145e-01 -6.058282e-02 -7.395584e+00 8.892067e-01 1.241266e-02 4.573372e-01 9.518790e+01
4.530591e-01 -5.934108e-02 -8.895033e-01 -7.467017e+01 1.987682e-02 9.982065e-01 -5.646890e-02 -7.493473e+00 8.912589e-01 7.903244e-03 4.534260e-01 9.576077e+01
4.487996e-01 -5.754514e-02 -8.917777e-01 -7.580142e+01 2.247830e-02 9.983357e-01 -5.310866e-02 -7.581243e+00 8.933497e-01 3.789492e-03 4.493462e-01 9.633788e+01
4.457192e-01 -5.713978e-02 -8.933473e-01 -7.692017e+01 2.452376e-02 9.983656e-01 -5.162122e-02 -7.665460e+00 8.948368e-01 1.100333e-03 4.463920e-01 9.687903e+01
4.436880e-01 -5.534040e-02 -8.944710e-01 -7.803815e+01 2.365867e-02 9.984670e-01 -5.003907e-02 -7.777081e+00 8.958690e-01 1.039740e-03 4.443172e-01 9.741329e+01
4.416376e-01 -5.389697e-02 -8.955732e-01 -7.915656e+01 2.422792e-02 9.985464e-01 -4.814645e-02 -7.867256e+00 8.968664e-01 -4.345879e-04 4.423014e-01 9.796235e+01
4.386860e-01 -5.327845e-02 -8.970596e-01 -8.027969e+01 2.634007e-02 9.985744e-01 -4.642666e-02 -7.940260e+00 8.982543e-01 -3.261886e-03 4.394640e-01 9.850904e+01
4.368477e-01 -5.273885e-02 -8.979881e-01 -8.128554e+01 2.713795e-02 9.985981e-01 -4.544577e-02 -8.046743e+00 8.991261e-01 -4.516679e-03 4.376665e-01 9.901679e+01
4.304031e-01 -5.535789e-02 -9.009376e-01 -8.235802e+01 3.305600e-02 9.984148e-01 -4.555557e-02 -8.089895e+00 9.020313e-01 -1.017414e-02 4.315508e-01 9.968050e+01
4.285375e-01 -5.463594e-02 -9.018706e-01 -8.346499e+01 3.668652e-02 9.983991e-01 -4.305154e-02 -8.162853e+00 9.027789e-01 -1.463730e-02 4.298558e-01 1.001964e+02
4.267226e-01 -5.406557e-02 -9.027650e-01 -8.458570e+01 3.827845e-02 9.983967e-01 -4.169924e-02 -8.238672e+00 9.035721e-01 -1.676244e-02 4.281080e-01 1.007207e+02
4.244977e-01 -5.508191e-02 -9.037520e-01 -8.563120e+01 4.110821e-02 9.982910e-01 -4.153511e-02 -8.319674e+00 9.044953e-01 -1.952006e-02 4.260366e-01 1.012299e+02
4.238758e-01 -5.627087e-02 -9.039707e-01 -8.671445e+01 4.239763e-02 9.982068e-01 -4.225650e-02 -8.392805e+00 9.047275e-01 -2.041470e-02 4.255014e-01 1.017217e+02
4.233714e-01 -5.705312e-02 -9.041579e-01 -8.777573e+01 4.236846e-02 9.981700e-01 -4.314635e-02 -8.481166e+00 9.049650e-01 -2.004085e-02 4.250138e-01 1.022188e+02
4.235356e-01 -5.679595e-02 -9.040972e-01 -8.877978e+01 4.012709e-02 9.982293e-01 -4.391134e-02 -8.558180e+00 9.049903e-01 -1.768077e-02 4.250647e-01 1.026935e+02
4.254067e-01 -5.632526e-02 -9.032478e-01 -8.981973e+01 3.762576e-02 9.982992e-01 -4.453176e-02 -8.631749e+00 9.042198e-01 -1.504128e-02 4.268024e-01 1.031802e+02
4.299039e-01 -5.796444e-02 -9.010121e-01 -9.086069e+01 3.740163e-02 9.982238e-01 -4.637271e-02 -8.686692e+00 9.020997e-01 -1.376351e-02 4.313082e-01 1.036615e+02
4.347511e-01 -5.779012e-02 -8.986945e-01 -9.185649e+01 3.594269e-02 9.982572e-01 -4.680487e-02 -8.769585e+00 8.998331e-01 -1.195303e-02 4.360706e-01 1.041393e+02
4.402180e-01 -5.652507e-02 -8.961099e-01 -9.283643e+01 3.407648e-02 9.983492e-01 -4.623392e-02 -8.855742e+00 8.972440e-01 -1.018327e-02 4.414175e-01 1.046369e+02
4.469577e-01 -5.499766e-02 -8.928629e-01 -9.384125e+01 3.299085e-02 9.984427e-01 -4.498619e-02 -8.932778e+00 8.939465e-01 -9.349382e-03 4.480760e-01 1.051367e+02
4.552687e-01 -5.765850e-02 -8.884852e-01 -9.500745e+01 3.629534e-02 9.982733e-01 -4.618513e-02 -8.950711e+00 8.896140e-01 -1.122123e-02 4.565753e-01 1.056599e+02
4.644330e-01 -5.680637e-02 -8.837845e-01 -9.601412e+01 3.554844e-02 9.983322e-01 -4.548819e-02 -9.032853e+00 8.848945e-01 -1.029094e-02 4.656778e-01 1.061796e+02
4.741192e-01 -5.543276e-02 -8.787140e-01 -9.698878e+01 3.404773e-02 9.984239e-01 -4.461373e-02 -9.112483e+00 8.798021e-01 -8.765995e-03 4.752593e-01 1.066852e+02
4.835734e-01 -5.796948e-02 -8.733821e-01 -9.796771e+01 3.440508e-02 9.982923e-01 -4.721083e-02 -9.158839e+00 8.746274e-01 -7.218880e-03 4.847420e-01 1.072216e+02
4.931819e-01 -5.994106e-02 -8.678587e-01 -9.891261e+01 3.273562e-02 9.981955e-01 -5.034032e-02 -9.212978e+00 8.693101e-01 -3.582960e-03 4.942541e-01 1.077702e+02
5.034479e-01 -5.937669e-02 -8.619829e-01 -9.978374e+01 3.108290e-02 9.982348e-01 -5.060803e-02 -9.319270e+00 8.634663e-01 -1.314416e-03 5.044049e-01 1.083164e+02
5.161095e-01 -5.869851e-02 -8.545089e-01 -1.007922e+02 2.908954e-02 9.982747e-01 -5.100455e-02 -9.366239e+00 8.560285e-01 1.466659e-03 5.169266e-01 1.088863e+02
5.292671e-01 -5.597363e-02 -8.466069e-01 -1.018082e+02 2.745561e-02 9.984288e-01 -4.884715e-02 -9.445374e+00 8.480109e-01 2.609084e-03 5.299724e-01 1.094932e+02
5.413525e-01 -5.384453e-02 -8.390698e-01 -1.027200e+02 2.619306e-02 9.985430e-01 -4.717891e-02 -9.507826e+00 8.403876e-01 3.562608e-03 5.419741e-01 1.100757e+02
5.532852e-01 -5.277054e-02 -8.313187e-01 -1.036142e+02 2.618411e-02 9.985999e-01 -4.596237e-02 -9.581371e+00 8.325802e-01 3.662963e-03 5.538924e-01 1.106571e+02
5.645595e-01 -5.302171e-02 -8.236876e-01 -1.044905e+02 2.590970e-02 9.985812e-01 -4.652118e-02 -9.645694e+00 8.249856e-01 4.922475e-03 5.651323e-01 1.112474e+02
5.752392e-01 -5.429894e-02 -8.161810e-01 -1.053635e+02 2.613817e-02 9.985049e-01 -4.800658e-02 -9.711941e+00 8.175675e-01 6.281786e-03 5.757985e-01 1.118658e+02
5.859730e-01 -5.604511e-02 -8.083901e-01 -1.062178e+02 2.805306e-02 9.984104e-01 -4.888442e-02 -9.781253e+00 8.098449e-01 5.967134e-03 5.866138e-01 1.124905e+02
5.960544e-01 -5.545852e-02 -8.010265e-01 -1.070689e+02 2.792645e-02 9.984402e-01 -4.834588e-02 -9.857714e+00 8.024583e-01 6.446948e-03 5.966734e-01 1.131386e+02
6.069791e-01 -5.295603e-02 -7.929515e-01 -1.079251e+02 2.691831e-02 9.985749e-01 -4.608317e-02 -9.932514e+00 7.942618e-01 6.626613e-03 6.075396e-01 1.137763e+02
6.162962e-01 -5.300095e-02 -7.857289e-01 -1.087420e+02 3.040758e-02 9.985902e-01 -4.350884e-02 -9.983449e+00 7.869272e-01 2.922219e-03 6.170390e-01 1.144515e+02
6.261840e-01 -5.192118e-02 -7.779446e-01 -1.095389e+02 2.973576e-02 9.986446e-01 -4.271609e-02 -1.003906e+01 7.791080e-01 3.615364e-03 6.268792e-01 1.150823e+02
6.356577e-01 -5.116969e-02 -7.702733e-01 -1.103307e+02 2.768176e-02 9.986699e-01 -4.349820e-02 -1.010684e+01 7.714745e-01 6.327446e-03 6.362287e-01 1.157482e+02
6.447263e-01 -5.076611e-02 -7.627259e-01 -1.110894e+02 2.574631e-02 9.986683e-01 -4.470700e-02 -1.016556e+01 7.639798e-01 9.186401e-03 6.451747e-01 1.163972e+02
6.536897e-01 -5.032828e-02 -7.550873e-01 -1.118089e+02 2.588656e-02 9.986893e-01 -4.415455e-02 -1.022878e+01 7.563198e-01 9.316769e-03 6.541358e-01 1.170154e+02
6.627069e-01 -4.832118e-02 -7.473183e-01 -1.125394e+02 2.545992e-02 9.987930e-01 -4.200404e-02 -1.028600e+01 7.484460e-01 8.809704e-03 6.631373e-01 1.176672e+02
6.712410e-01 -4.621536e-02 -7.397971e-01 -1.132873e+02 2.521446e-02 9.989005e-01 -3.952377e-02 -1.035069e+01 7.408102e-01 7.876396e-03 6.716682e-01 1.183450e+02
6.788945e-01 -4.560026e-02 -7.328184e-01 -1.139808e+02 2.556336e-02 9.989324e-01 -3.847714e-02 -1.040498e+01 7.337906e-01 7.388617e-03 6.793355e-01 1.189987e+02
6.864938e-01 -4.456036e-02 -7.257690e-01 -1.146908e+02 2.415181e-02 9.989671e-01 -3.848920e-02 -1.046193e+01 7.267345e-01 8.893961e-03 6.868609e-01 1.196820e+02
6.934292e-01 -4.312478e-02 -7.192330e-01 -1.153514e+02 2.305014e-02 9.990241e-01 -3.767771e-02 -1.051581e+01 7.201560e-01 9.548401e-03 6.937465e-01 1.203469e+02
7.008378e-01 -4.037204e-02 -7.121773e-01 -1.160541e+02 2.186845e-02 9.991438e-01 -3.511940e-02 -1.056464e+01 7.129854e-01 9.038790e-03 7.011207e-01 1.210155e+02
7.079037e-01 -3.749648e-02 -7.053130e-01 -1.167049e+02 2.071727e-02 9.992625e-01 -3.233032e-02 -1.061233e+01 7.060051e-01 8.274597e-03 7.081584e-01 1.216865e+02
7.146147e-01 -3.625143e-02 -6.985783e-01 -1.173226e+02 2.002063e-02 9.993071e-01 -3.137697e-02 -1.064943e+01 6.992317e-01 8.436472e-03 7.148453e-01 1.223508e+02
7.224198e-01 -3.487000e-02 -6.905749e-01 -1.179589e+02 1.841035e-02 9.993435e-01 -3.120170e-02 -1.069632e+01 6.912096e-01 9.827006e-03 7.225875e-01 1.230086e+02
7.294334e-01 -3.222027e-02 -6.832926e-01 -1.185613e+02 1.625114e-02 9.994244e-01 -2.977874e-02 -1.074849e+01 6.838588e-01 1.061732e-02 7.295371e-01 1.237120e+02
7.382643e-01 -2.824281e-02 -6.739200e-01 -1.192053e+02 1.422868e-02 9.995528e-01 -2.630230e-02 -1.081447e+01 6.743614e-01 9.829059e-03 7.383360e-01 1.244061e+02
7.465457e-01 -2.329232e-02 -6.649264e-01 -1.195831e+02 1.116976e-02 9.996849e-01 -2.247805e-02 -1.084682e+01 6.652404e-01 9.353818e-03 7.465706e-01 1.249860e+02
7.564799e-01 -2.161317e-02 -6.536597e-01 -1.201533e+02 9.840684e-03 9.997168e-01 -2.166688e-02 -1.087860e+01 6.539429e-01 9.958103e-03 7.564784e-01 1.256499e+02
7.665656e-01 -2.094740e-02 -6.418243e-01 -1.207177e+02 8.339640e-03 9.997083e-01 -2.266728e-02 -1.090600e+01 6.421119e-01 1.202337e-02 7.665166e-01 1.263148e+02
7.761048e-01 -2.262115e-02 -6.301981e-01 -1.212575e+02 8.878048e-03 9.996493e-01 -2.494917e-02 -1.093119e+01 6.305414e-01 1.376824e-02 7.760335e-01 1.270048e+02
7.862496e-01 -2.178756e-02 -6.175247e-01 -1.217944e+02 8.660872e-03 9.996686e-01 -2.424313e-02 -1.096998e+01 6.178482e-01 1.371285e-02 7.861778e-01 1.276519e+02
7.962966e-01 -2.043257e-02 -6.045612e-01 -1.223133e+02 8.128587e-03 9.997005e-01 -2.308069e-02 -1.098835e+01 6.048517e-01 1.346485e-02 7.962242e-01 1.283353e+02
8.061963e-01 -1.817908e-02 -5.913689e-01 -1.228334e+02 7.885676e-03 9.997692e-01 -1.998327e-02 -1.099502e+01 5.915956e-01 1.144710e-02 8.061535e-01 1.291530e+02
8.159381e-01 -1.688207e-02 -5.778928e-01 -1.233248e+02 8.104612e-03 9.998093e-01 -1.776453e-02 -1.102526e+01 5.780826e-01 9.811158e-03 8.159193e-01 1.298433e+02
8.249256e-01 -1.535055e-02 -5.650329e-01 -1.237843e+02 8.478258e-03 9.998547e-01 -1.478567e-02 -1.105558e+01 5.651778e-01 7.406581e-03 8.249359e-01 1.305323e+02
8.330333e-01 -1.466289e-02 -5.530286e-01 -1.242488e+02 9.047864e-03 9.998761e-01 -1.288162e-02 -1.107746e+01 5.531489e-01 5.727092e-03 8.330627e-01 1.312412e+02
8.399929e-01 -1.498547e-02 -5.423903e-01 -1.247083e+02 1.056483e-02 9.998807e-01 -1.126367e-02 -1.110055e+01 5.424945e-01 3.731138e-03 8.400511e-01 1.319878e+02
8.469034e-01 -1.430423e-02 -5.315543e-01 -1.251582e+02 1.011484e-02 9.998906e-01 -1.079168e-02 -1.112444e+01 5.316506e-01 3.762924e-03 8.469554e-01 1.326683e+02
8.536728e-01 -1.339726e-02 -5.206373e-01 -1.255894e+02 9.055286e-03 9.998998e-01 -1.088217e-02 -1.113740e+01 5.207310e-01 4.575294e-03 8.537086e-01 1.333560e+02
8.602348e-01 -1.181260e-02 -5.097612e-01 -1.260041e+02 7.931008e-03 9.999207e-01 -9.787190e-03 -1.116256e+01 5.098364e-01 4.376361e-03 8.602602e-01 1.340550e+02
8.663388e-01 -1.011536e-02 -4.993544e-01 -1.264380e+02 6.391499e-03 9.999375e-01 -9.166890e-03 -1.119343e+01 4.994159e-01 4.750009e-03 8.663493e-01 1.348392e+02
8.718007e-01 -1.026959e-02 -4.897530e-01 -1.268399e+02 6.689153e-03 9.999366e-01 -9.060341e-03 -1.122059e+01 4.898150e-01 4.622778e-03 8.718141e-01 1.355942e+02
8.770584e-01 -1.275235e-02 -4.802143e-01 -1.272368e+02 8.850716e-03 9.999069e-01 -1.038821e-02 -1.122204e+01 4.803021e-01 4.860826e-03 8.770897e-01 1.362957e+02
8.813533e-01 -1.316544e-02 -4.722743e-01 -1.276433e+02 9.020747e-03 9.998984e-01 -1.103943e-02 -1.123967e+01 4.723717e-01 5.469372e-03 8.813825e-01 1.370613e+02
8.846148e-01 -1.280346e-02 -4.661467e-01 -1.280433e+02 8.995665e-03 9.999055e-01 -1.039276e-02 -1.125333e+01 4.662358e-01 5.000288e-03 8.846464e-01 1.378432e+02
8.876138e-01 -1.113966e-02 -4.604537e-01 -1.284467e+02 8.940666e-03 9.999358e-01 -6.956368e-03 -1.127285e+01 4.605016e-01 2.057806e-03 8.876565e-01 1.386383e+02
8.906299e-01 -6.916469e-03 -4.546763e-01 -1.288520e+02 6.508342e-03 9.999758e-01 -2.462803e-03 -1.128944e+01 4.546823e-01 -7.657433e-04 8.906534e-01 1.394470e+02
8.937939e-01 -4.398132e-03 -4.484563e-01 -1.292649e+02 5.039290e-03 9.999873e-01 2.363899e-04 -1.130628e+01 4.484496e-01 -2.471185e-03 8.938047e-01 1.402717e+02
8.970593e-01 -6.377937e-04 -4.419098e-01 -1.296542e+02 2.089039e-03 9.999939e-01 2.797407e-03 -1.132340e+01 4.419053e-01 -3.432607e-03 8.970551e-01 1.410671e+02
8.997267e-01 2.883740e-04 -4.364535e-01 -1.300205e+02 1.999799e-03 9.999866e-01 4.783195e-03 -1.131628e+01 4.364491e-01 -5.176388e-03 8.997141e-01 1.419038e+02
9.029958e-01 1.921949e-03 -4.296451e-01 -1.304376e+02 1.446960e-03 9.999707e-01 7.514321e-03 -1.131688e+01 4.296470e-01 -7.407079e-03 9.029666e-01 1.427806e+02
9.065256e-01 1.981468e-03 -4.221464e-01 -1.308586e+02 2.233693e-03 9.999525e-01 9.490249e-03 -1.132112e+01 4.221451e-01 -9.546098e-03 9.064780e-01 1.436609e+02
9.101047e-01 1.254561e-03 -4.143766e-01 -1.312916e+02 3.370670e-03 9.999399e-01 1.043049e-02 -1.131754e+01 4.143648e-01 -1.088956e-02 9.100457e-01 1.445782e+02
9.137344e-01 1.814275e-04 -4.063120e-01 -1.316619e+02 4.336148e-03 9.999386e-01 1.019784e-02 -1.131057e+01 4.062889e-01 -1.107994e-02 9.136775e-01 1.454494e+02
9.173545e-01 -2.635314e-03 -3.980626e-01 -1.320504e+02 7.027059e-03 9.999295e-01 9.574312e-03 -1.130186e+01 3.980093e-01 -1.158025e-02 9.173083e-01 1.463675e+02
9.215689e-01 -3.541927e-03 -3.881987e-01 -1.324408e+02 7.464174e-03 9.999352e-01 8.596251e-03 -1.131160e+01 3.881431e-01 -1.081962e-02 9.215356e-01 1.473078e+02
9.260318e-01 -4.836587e-03 -3.774145e-01 -1.328288e+02 7.851176e-03 9.999484e-01 6.449413e-03 -1.130601e+01 3.773638e-01 -8.935508e-03 9.260220e-01 1.482590e+02
9.312767e-01 -2.084969e-03 -3.643067e-01 -1.332131e+02 4.601484e-03 9.999712e-01 6.039816e-03 -1.132059e+01 3.642836e-01 -7.301092e-03 9.312595e-01 1.492285e+02
9.372966e-01 1.173786e-03 -3.485307e-01 -1.335863e+02 1.266304e-03 9.999763e-01 6.773180e-03 -1.131899e+01 3.485303e-01 -6.789824e-03 9.372729e-01 1.502419e+02
9.439498e-01 5.122640e-03 -3.300494e-01 -1.339386e+02 -1.980852e-03 9.999495e-01 9.854754e-03 -1.132159e+01 3.300832e-01 -8.648614e-03 9.439122e-01 1.512344e+02
9.505319e-01 8.330812e-03 -3.105153e-01 -1.342731e+02 -4.942857e-03 9.999194e-01 1.169603e-02 -1.133108e+01 3.105877e-01 -9.582616e-03 9.504964e-01 1.522474e+02
9.570215e-01 9.815724e-03 -2.898506e-01 -1.345956e+02 -6.535897e-03 9.999032e-01 1.228143e-02 -1.133083e+01 2.899431e-01 -9.859155e-03 9.569931e-01 1.533203e+02
9.632644e-01 1.170720e-02 -2.682995e-01 -1.349069e+02 -8.153779e-03 9.998637e-01 1.435470e-02 -1.134491e+01 2.684310e-01 -1.163972e-02 9.632286e-01 1.544037e+02
9.689546e-01 1.254838e-02 -2.469202e-01 -1.352196e+02 -8.701476e-03 9.998233e-01 1.666460e-02 -1.132315e+01 2.470856e-01 -1.399867e-02 9.688925e-01 1.555469e+02
9.741656e-01 1.573193e-02 -2.252863e-01 -1.355142e+02 -1.143390e-02 9.997271e-01 2.037022e-02 -1.132962e+01 2.255453e-01 -1.726807e-02 9.740796e-01 1.568937e+02
9.790531e-01 1.779960e-02 -2.028252e-01 -1.358196e+02 -1.281055e-02 9.995829e-01 2.588418e-02 -1.136724e+01 2.032013e-01 -2.274369e-02 9.788728e-01 1.583059e+02
9.833751e-01 2.009855e-02 -1.804703e-01 -1.360427e+02 -1.505937e-02 9.994587e-01 2.924947e-02 -1.135344e+01 1.809604e-01 -2.604543e-02 9.831454e-01 1.594412e+02
9.871723e-01 2.169594e-02 -1.581776e-01 -1.362461e+02 -1.729814e-02 9.994260e-01 2.912702e-02 -1.133241e+01 1.587187e-01 -2.601721e-02 9.869810e-01 1.606044e+02
9.903945e-01 2.088098e-02 -1.366850e-01 -1.364082e+02 -1.734977e-02 9.994856e-01 2.697537e-02 -1.131326e+01 1.371780e-01 -2.434480e-02 9.902472e-01 1.617321e+02
9.930649e-01 2.062999e-02 -1.157428e-01 -1.365708e+02 -1.774000e-02 9.995060e-01 2.594393e-02 -1.129141e+01 1.162209e-01 -2.371074e-02 9.929403e-01 1.629863e+02
9.952477e-01 1.881764e-02 -9.553979e-02 -1.366934e+02 -1.622274e-02 9.994801e-01 2.786491e-02 -1.127901e+01 9.601446e-02 -2.618258e-02 9.950355e-01 1.641797e+02
9.969043e-01 1.977656e-02 -7.609652e-02 -1.367848e+02 -1.754173e-02 9.993982e-01 2.992554e-02 -1.127966e+01 7.664255e-02 -2.849804e-02 9.966513e-01 1.654545e+02
9.982235e-01 2.014685e-02 -5.607078e-02 -1.368474e+02 -1.844895e-02 9.993603e-01 3.063594e-02 -1.124040e+01 5.665213e-02 -2.954707e-02 9.979567e-01 1.666487e+02
9.991198e-01 2.196520e-02 -3.573832e-02 -1.369097e+02 -2.084303e-02 9.992872e-01 3.147487e-02 -1.122683e+01 3.640419e-02 -3.070227e-02 9.988654e-01 1.679432e+02
9.996406e-01 2.246167e-02 -1.463503e-02 -1.369919e+02 -2.198811e-02 9.992539e-01 3.175278e-02 -1.118960e+01 1.533733e-02 -3.141957e-02 9.993886e-01 1.692968e+02
9.996669e-01 2.514683e-02 5.806968e-03 -1.370013e+02 -2.531614e-02 9.991924e-01 3.120190e-02 -1.116653e+01 -5.017649e-03 -3.133851e-02 9.994962e-01 1.705547e+02
9.993097e-01 2.650064e-02 2.603637e-02 -1.369881e+02 -2.727978e-02 9.991764e-01 3.003986e-02 -1.114347e+01 -2.521886e-02 -3.072939e-02 9.992095e-01 1.718763e+02
9.986213e-01 2.644577e-02 4.534405e-02 -1.369175e+02 -2.771351e-02 9.992359e-01 2.756122e-02 -1.112195e+01 -4.458052e-02 -2.877987e-02 9.985912e-01 1.731246e+02
9.975446e-01 2.851908e-02 6.396382e-02 -1.368456e+02 -3.015318e-02 9.992393e-01 2.472894e-02 -1.110247e+01 -6.320991e-02 -2.659693e-02 9.976458e-01 1.744255e+02
9.961073e-01 2.980255e-02 8.295865e-02 -1.367509e+02 -3.184859e-02 9.992176e-01 2.345005e-02 -1.109921e+01 -8.219486e-02 -2.600088e-02 9.962770e-01 1.757340e+02
9.943319e-01 3.039052e-02 1.018845e-01 -1.366267e+02 -3.263424e-02 9.992586e-01 2.042785e-02 -1.108759e+01 -1.011881e-01 -2.363699e-02 9.945865e-01 1.770702e+02
9.922467e-01 3.164164e-02 1.201881e-01 -1.364621e+02 -3.369227e-02 9.993187e-01 1.506779e-02 -1.108813e+01 -1.196295e-01 -1.900037e-02 9.926368e-01 1.783934e+02
9.899240e-01 3.335881e-02 1.376146e-01 -1.362871e+02 -3.491617e-02 9.993504e-01 8.917747e-03 -1.110739e+01 -1.372277e-01 -1.363287e-02 9.904457e-01 1.796411e+02
9.873377e-01 3.469569e-02 1.547917e-01 -1.360598e+02 -3.567637e-02 9.993570e-01 3.561209e-03 -1.110742e+01 -1.545686e-01 -9.038523e-03 9.879407e-01 1.812180e+02
9.843735e-01 3.762784e-02 1.720263e-01 -1.358393e+02 -3.810514e-02 9.992736e-01 -5.279342e-04 -1.112513e+01 -1.719212e-01 -6.035401e-03 9.850922e-01 1.825904e+02
