1.000000e+00 0.000000e+00 0.000000e+00 0.000000e+00 0.000000e+00 1.000000e+00 0.000000e+00 0.000000e+00 0.000000e+00 0.000000e+00 1.000000e+00 0.000000e+00
9.999314e-01 -2.574949e-03 1.142626e-02 1.513103e-02 2.565800e-03 9.999964e-01 8.152205e-04 -4.686440e-03 -1.142832e-02 -7.858471e-04 9.999344e-01 2.995918e-01
9.998323e-01 -4.605518e-03 1.772692e-02 3.242491e-02 4.588531e-03 9.999890e-01 9.987984e-04 -8.894943e-03 -1.773133e-02 -9.172904e-04 9.998423e-01 5.962481e-01
9.997816e-01 -7.308406e-03 1.957727e-02 4.096235e-02 7.317218e-03 9.999732e-01 -3.785529e-04 -1.035803e-02 -1.957398e-02 5.217214e-04 9.998083e-01 9.005247e-01
9.998176e-01 -9.044752e-03 1.682242e-02 5.926420e-02 9.079828e-03 9.999568e-01 -2.009847e-03 -1.425741e-02 -1.680351e-02 2.162225e-03 9.998565e-01 1.213611e+00
9.998910e-01 -1.111119e-02 9.724528e-03 6.289676e-02 1.114117e-02 9.999333e-01 -3.034526e-03 -1.906502e-02 -9.690162e-03 3.142537e-03 9.999481e-01 1.528414e+00
9.999089e-01 -1.313761e-02 -3.096021e-03 6.513678e-02 1.312145e-02 9.999005e-01 -5.182582e-03 -2.176562e-02 3.163800e-03 5.141486e-03 9.999818e-01 1.858171e+00
9.997326e-01 -1.243605e-02 -1.949674e-02 4.010534e-02 1.233356e-02 9.999095e-01 -5.368376e-03 -2.709448e-02 1.956174e-02 5.126476e-03 9.997955e-01 2.192283e+00
9.992168e-01 -7.637028e-03 -3.882581e-02 6.161334e-03 7.468050e-03 9.999620e-01 -4.495377e-03 -4.622039e-02 3.885866e-02 4.201903e-03 9.992359e-01 2.540040e+00
9.982716e-01 -4.145847e-03 -5.862189e-02 -3.638118e-02 3.803822e-03 9.999751e-01 -5.944806e-03 -4.847888e-02 5.864508e-02 5.711544e-03 9.982626e-01 2.900584e+00
9.968978e-01 -3.721121e-03 -7.861879e-02 -8.569930e-02 3.226215e-03 9.999742e-01 -6.421080e-03 -5.095650e-02 7.864065e-02 6.147520e-03 9.968840e-01 3.268275e+00
9.949866e-01 -5.562173e-03 -9.985341e-02 -1.300370e-01 5.016080e-03 9.999711e-01 -5.719183e-03 -5.509331e-02 9.988233e-02 5.189638e-03 9.949857e-01 3.659904e+00
9.928167e-01 -6.626270e-03 -1.194616e-01 -1.936853e-01 6.089563e-03 9.999697e-01 -4.857202e-03 -6.309548e-02 1.194901e-01 4.094842e-03 9.928269e-01 4.041608e+00
9.905498e-01 -5.370774e-03 -1.370484e-01 -2.707507e-01 4.810934e-03 9.999787e-01 -4.415886e-03 -6.879587e-02 1.370692e-01 3.714825e-03 9.905545e-01 4.436452e+00
9.882309e-01 -4.366157e-03 -1.529072e-01 -3.463244e-01 3.852787e-03 9.999859e-01 -3.653537e-03 -7.585705e-02 1.529210e-01 3.021420e-03 9.882338e-01 4.851843e+00
9.860517e-01 -3.726311e-03 -1.663974e-01 -4.308922e-01 3.117438e-03 9.999875e-01 -3.920189e-03 -7.935860e-02 1.664099e-01 3.346776e-03 9.860510e-01 5.269663e+00
9.838967e-01 -5.054025e-03 -1.786663e-01 -5.213970e-01 4.267072e-03 9.999794e-01 -4.788610e-03 -8.437246e-02 1.786869e-01 3.949115e-03 9.838980e-01 5.714300e+00
9.820634e-01 -8.416968e-03 -1.883628e-01 -6.141021e-01 7.178915e-03 9.999479e-01 -7.253980e-03 -8.842060e-02 1.884141e-01 5.771628e-03 9.820727e-01 6.167107e+00
9.804925e-01 -7.880040e-03 -1.963986e-01 -7.154581e-01 6.177255e-03 9.999378e-01 -9.281112e-03 -9.339117e-02 1.964595e-01 7.886856e-03 9.804802e-01 6.632779e+00
9.789372e-01 -7.585724e-03 -2.040204e-01 -8.205816e-01 5.497053e-03 9.999266e-01 -1.080234e-02 -1.049161e-01 2.040874e-01 9.453297e-03 9.789070e-01 7.102119e+00
9.772219e-01 -8.619148e-03 -2.120450e-01 -9.382902e-01 5.842166e-03 9.998888e-01 -1.371924e-02 -1.096745e-01 2.121397e-01 1.216794e-02 9.771636e-01 7.596456e+00
9.754937e-01 -1.317088e-02 -2.196328e-01 -1.047252e+00 1.007086e-02 9.998333e-01 -1.522825e-02 -1.250741e-01 2.197968e-01 1.264318e-02 9.754637e-01 8.070650e+00
9.734636e-01 -1.989995e-02 -2.279749e-01 -1.153690e+00 1.662647e-02 9.997294e-01 -1.627066e-02 -1.400934e-01 2.282370e-01 1.204848e-02 9.735311e-01 8.583661e+00
9.713660e-01 -2.047776e-02 -2.367038e-01 -1.280914e+00 1.641777e-02 9.996825e-01 -1.911079e-02 -1.496551e-01 2.370200e-01 1.467742e-02 9.713939e-01 9.093887e+00
9.693607e-01 -1.650297e-02 -2.450866e-01 -1.434424e+00 1.116342e-02 9.996694e-01 -2.315973e-02 -1.667315e-01 2.453878e-01 1.971413e-02 9.692245e-01 9.607285e+00
9.672068e-01 -1.352403e-02 -2.536297e-01 -1.584362e+00 7.130308e-03 9.996336e-01 -2.611127e-02 -1.831642e-01 2.538899e-01 2.344655e-02 9.669489e-01 1.010928e+01
9.648497e-01 -1.619095e-02 -2.623034e-01 -1.731943e+00 9.166845e-03 9.995664e-01 -2.798021e-02 -2.022387e-01 2.626427e-01 2.459220e-02 9.645797e-01 1.064378e+01
9.628126e-01 -1.906289e-02 -2.694968e-01 -1.906820e+00 1.137119e-02 9.994830e-01 -3.007353e-02 -2.179827e-01 2.699308e-01 2.589067e-02 9.625316e-01 1.112806e+01
9.606428e-01 -1.800638e-02 -2.772025e-01 -2.008902e+00 9.461735e-03 9.994389e-01 -3.213148e-02 -2.361080e-01 2.776256e-01 2.824406e-02 9.602741e-01 1.150611e+01
9.583318e-01 -1.861964e-02 -2.850498e-01 -2.245266e+00 8.775301e-03 9.993214e-01 -3.577392e-02 -2.634758e-01 2.855225e-01 3.178189e-02 9.578449e-01 1.216876e+01
9.557127e-01 -1.909600e-02 -2.936811e-01 -2.421443e+00 7.382821e-03 9.991343e-01 -4.094106e-02 -3.044173e-01 2.942086e-01 3.695969e-02 9.550263e-01 1.287505e+01
9.536471e-01 -2.198996e-02 -3.001225e-01 -2.618108e+00 7.509273e-03 9.987549e-01 -4.931780e-02 -3.181819e-01 3.008333e-01 4.477808e-02 9.526249e-01 1.356496e+01
9.524288e-01 -2.260170e-02 -3.039221e-01 -2.821881e+00 5.358394e-03 9.983340e-01 -5.745075e-02 -3.495826e-01 3.047143e-01 5.308921e-02 9.509631e-01 1.414940e+01
9.511255e-01 -2.266798e-02 -3.079715e-01 -3.039219e+00 2.362515e-03 9.978071e-01 -6.614646e-02 -3.956023e-01 3.087956e-01 6.218600e-02 9.490933e-01 1.480842e+01
9.497743e-01 -2.163897e-02 -3.121865e-01 -3.264307e+00 -2.049049e-03 9.971550e-01 -7.535091e-02 -4.395559e-01 3.129289e-01 7.220604e-02 9.470279e-01 1.544171e+01
9.484448e-01 -2.043083e-02 -3.162831e-01 -3.479912e+00 -5.952455e-03 9.965959e-01 -8.222650e-02 -4.894168e-01 3.168864e-01 7.986996e-02 9.450946e-01 1.606432e+01
9.468299e-01 -1.875992e-02 -3.211871e-01 -3.692589e+00 -1.046135e-02 9.959756e-01 -8.901212e-02 -5.476326e-01 3.215644e-01 8.763938e-02 9.428232e-01 1.667391e+01
9.451944e-01 -1.772510e-02 -3.260267e-01 -3.923215e+00 -1.393072e-02 9.954269e-01 -9.450539e-02 -6.223896e-01 3.262109e-01 9.386775e-02 9.406250e-01 1.730899e+01
9.437427e-01 -1.431360e-02 -3.303707e-01 -4.189787e+00 -1.999420e-02 9.947649e-01 -1.002148e-01 -6.904575e-01 3.300757e-01 1.011825e-01 9.385160e-01 1.798003e+01
9.418781e-01 -1.230664e-02 -3.357292e-01 -4.428506e+00 -2.380671e-02 9.943717e-01 -1.032391e-01 -7.558973e-01 3.351101e-01 1.052313e-01 9.362839e-01 1.863938e+01
9.399571e-01 -1.232803e-02 -3.410700e-01 -4.678926e+00 -2.468713e-02 9.942736e-01 -1.039736e-01 -8.516147e-01 3.403987e-01 1.061508e-01 9.342701e-01 1.934757e+01
9.377358e-01 -1.395705e-02 -3.470688e-01 -4.982723e+00 -2.335003e-02 9.943992e-01 -1.030777e-01 -9.355798e-01 3.465636e-01 1.047637e-01 9.321579e-01 2.008575e+01
9.354064e-01 -1.371715e-02 -3.533083e-01 -5.269441e+00 -2.379250e-02 9.945403e-01 -1.016051e-01 -1.017833e+00 3.527730e-01 1.034481e-01 9.299729e-01 2.081280e+01
9.329353e-01 -1.331958e-02 -3.597977e-01 -5.561786e+00 -2.429959e-02 9.947076e-01 -9.983121e-02 -1.102287e+00 3.592232e-01 1.018790e-01 9.276742e-01 2.151510e+01
9.298214e-01 -1.223478e-02 -3.678076e-01 -5.870587e+00 -2.513338e-02 9.950025e-01 -9.663530e-02 -1.184387e+00 3.671518e-01 9.909782e-02 9.248671e-01 2.226372e+01
9.263903e-01 -1.006550e-02 -3.764302e-01 -6.189666e+00 -2.629798e-02 9.954727e-01 -9.133729e-02 -1.264356e+00 3.756454e-01 9.451333e-02 9.219316e-01 2.301131e+01
9.230167e-01 -5.888055e-03 -3.847148e-01 -6.526160e+00 -2.964012e-02 9.958234e-01 -8.635435e-02 -1.342280e+00 3.836164e-01 9.110951e-02 9.189872e-01 2.374391e+01
9.198239e-01 -2.019811e-03 -3.923262e-01 -6.896919e+00 -3.285380e-02 9.960779e-01 -8.215512e-02 -1.424687e+00 3.909534e-01 8.845765e-02 9.161499e-01 2.446309e+01
9.159471e-01 -9.954324e-04 -4.012977e-01 -7.244442e+00 -3.420462e-02 9.961642e-01 -8.054179e-02 -1.499342e+00 3.998386e-01 8.749826e-02 9.123997e-01 2.522160e+01
9.120121e-01 -1.107778e-03 -4.101618e-01 -7.592013e+00 -3.474934e-02 9.961924e-01 -7.995717e-02 -1.570698e+00 4.086887e-01 8.717476e-02 9.085010e-01 2.596645e+01
9.080763e-01 -2.107030e-03 -4.187995e-01 -7.958544e+00 -3.392634e-02 9.963308e-01 -7.857459e-02 -1.640230e+00 4.174284e-01 8.556005e-02 9.046729e-01 2.673666e+01
9.041964e-01 -5.645778e-04 -4.271165e-01 -8.310627e+00 -3.554602e-02 9.964306e-01 -7.656728e-02 -1.716180e+00 4.256352e-01 8.441415e-02 9.009489e-01 2.746593e+01
9.002988e-01 -1.203339e-03 -4.352708e-01 -8.697456e+00 -3.462912e-02 9.966285e-01 -7.438090e-02 -1.792590e+00 4.338928e-01 8.203807e-02 8.972217e-01 2.826824e+01
8.965284e-01 7.921604e-05 -4.429863e-01 -9.112392e+00 -3.487061e-02 9.969096e-01 -7.039385e-02 -1.870061e+00 4.416117e-01 7.855729e-02 8.937605e-01 2.906548e+01
8.929782e-01 2.234677e-03 -4.500944e-01 -9.555430e+00 -3.512259e-02 9.972845e-01 -6.473108e-02 -1.937037e+00 4.487275e-01 7.361192e-02 8.906317e-01 2.986801e+01
8.891591e-01 3.704502e-03 -4.575830e-01 -9.906523e+00 -3.522433e-02 9.975543e-01 -6.037066e-02 -2.020165e+00 4.562403e-01 6.979718e-02 8.871151e-01 3.060104e+01
8.857428e-01 1.949621e-03 -4.641722e-01 -1.039834e+01 -3.283604e-02 9.977491e-01 -5.846765e-02 -2.079147e+00 4.630134e-01 6.702888e-02 8.838131e-01 3.144848e+01
8.825450e-01 -3.864467e-04 -4.702278e-01 -1.090346e+01 -3.027594e-02 9.978781e-01 -5.764335e-02 -2.124280e+00 4.692523e-01 6.510943e-02 8.806606e-01 3.230578e+01
8.799435e-01 1.964432e-03 -4.750743e-01 -1.145386e+01 -3.237052e-02 9.979153e-01 -5.583103e-02 -2.194344e+00 4.739743e-01 6.450656e-02 8.781727e-01 3.316950e+01
8.771960e-01 3.012349e-03 -4.801231e-01 -1.198500e+01 -3.363666e-02 9.979089e-01 -5.519395e-02 -2.276397e+00 4.789529e-01 6.456565e-02 8.754629e-01 3.402851e+01
8.746097e-01 8.757734e-04 -4.848268e-01 -1.224205e+01 -3.112267e-02 9.980373e-01 -5.434133e-02 -2.269676e+00 4.838277e-01 6.261656e-02 8.729203e-01 3.462044e+01
8.728197e-01 -2.198824e-04 -4.880427e-01 -1.277580e+01 -3.045485e-02 9.980264e-01 -5.491536e-02 -2.321748e+00 4.870916e-01 6.279448e-02 8.710905e-01 3.549109e+01
8.712592e-01 3.270466e-04 -4.908231e-01 -1.318671e+01 -3.124672e-02 9.980083e-01 -5.480100e-02 -2.394663e+00 4.898276e-01 6.308249e-02 8.695341e-01 3.627755e+01
8.708540e-01 1.153484e-03 -4.915405e-01 -1.371075e+01 -3.183269e-02 9.980304e-01 -5.405538e-02 -2.454297e+00 4.905100e-01 6.272139e-02 8.691754e-01 3.715403e+01
8.704349e-01 8.001973e-04 -4.922829e-01 -1.418204e+01 -3.025868e-02 9.981948e-01 -5.187963e-02 -2.528150e+00 4.913527e-01 6.005367e-02 8.688878e-01 3.804005e+01
8.700489e-01 3.680045e-05 -4.929655e-01 -1.469560e+01 -2.909658e-02 9.982604e-01 -5.127886e-02 -2.597921e+00 4.921061e-01 5.895872e-02 8.685364e-01 3.895243e+01
8.693678e-01 -2.580117e-03 -4.941589e-01 -1.522121e+01 -2.661759e-02 9.982902e-01 -5.204030e-02 -2.663266e+00 4.934483e-01 5.839548e-02 8.678126e-01 3.986329e+01
8.683267e-01 -5.092817e-03 -4.959665e-01 -1.576997e+01 -2.390811e-02 9.983552e-01 -5.210935e-02 -2.736183e+00 4.954161e-01 5.710556e-02 8.667767e-01 4.079313e+01
8.667985e-01 -4.853142e-03 -4.986349e-01 -1.629407e+01 -2.348032e-02 9.984463e-01 -5.053460e-02 -2.792668e+00 4.981054e-01 5.551142e-02 8.653378e-01 4.170262e+01
8.649239e-01 -4.239700e-03 -5.018852e-01 -1.683267e+01 -2.193183e-02 9.986899e-01 -4.623271e-02 -2.863339e+00 5.014237e-01 5.099504e-02 8.636978e-01 4.258620e+01
8.621458e-01 -4.317649e-03 -5.066418e-01 -1.739237e+01 -1.985591e-02 9.989076e-01 -4.230134e-02 -2.927066e+00 5.062709e-01 4.652976e-02 8.611183e-01 4.352406e+01
8.581966e-01 -4.604671e-03 -5.133005e-01 -1.796417e+01 -1.876324e-02 9.990101e-01 -4.033245e-02 -2.985444e+00 5.129781e-01 4.424435e-02 8.572607e-01 4.444304e+01
8.531711e-01 -8.294057e-03 -5.215653e-01 -1.853886e+01 -1.628264e-02 9.989629e-01 -4.252072e-02 -3.048368e+00 5.213770e-01 4.476991e-02 8.521512e-01 4.533853e+01
8.473402e-01 -1.082579e-02 -5.309402e-01 -1.904372e+01 -1.578035e-02 9.988374e-01 -4.555038e-02 -3.111629e+00 5.308160e-01 4.697509e-02 8.461842e-01 4.612154e+01
8.413733e-01 -1.128335e-02 -5.403366e-01 -1.963621e+01 -1.548050e-02 9.988687e-01 -4.496358e-02 -3.172470e+00 5.402327e-01 4.619583e-02 8.402467e-01 4.701449e+01
8.355049e-01 -7.887406e-03 -5.494264e-01 -2.024936e+01 -1.670791e-02 9.990700e-01 -3.974983e-02 -3.236978e+00 5.492290e-01 4.239095e-02 8.345960e-01 4.793332e+01
8.304261e-01 -2.849051e-03 -5.571215e-01 -2.085073e+01 -2.046520e-02 9.991561e-01 -3.561428e-02 -3.283083e+00 5.567528e-01 4.097662e-02 8.296670e-01 4.880325e+01
8.266522e-01 -3.456780e-03 -5.627025e-01 -2.146683e+01 -2.068526e-02 9.991186e-01 -3.652596e-02 -3.353065e+00 5.623328e-01 4.183391e-02 8.258521e-01 4.965818e+01
8.236760e-01 -4.379977e-03 -5.670438e-01 -2.205061e+01 -2.258469e-02 9.989234e-01 -4.052197e-02 -3.401325e+00 5.666108e-01 4.618348e-02 8.226903e-01 5.043422e+01
8.210840e-01 -6.216474e-03 -5.707736e-01 -2.264310e+01 -2.571608e-02 9.985225e-01 -4.786898e-02 -3.443202e+00 5.702279e-01 5.398251e-02 8.197110e-01 5.119394e+01
8.179818e-01 -7.528948e-03 -5.751948e-01 -2.327097e+01 -2.534679e-02 9.984714e-01 -4.911492e-02 -3.513865e+00 5.746855e-01 5.475445e-02 8.165407e-01 5.207774e+01
8.147998e-01 -6.474501e-03 -5.797063e-01 -2.389972e+01 -2.384385e-02 9.987173e-01 -4.466772e-02 -3.587390e+00 5.792519e-01 5.021768e-02 8.136003e-01 5.292634e+01
8.125948e-01 -2.408343e-03 -5.828241e-01 -2.454070e+01 -2.571886e-02 9.988692e-01 -3.998571e-02 -3.617535e+00 5.822613e-01 4.748176e-02 8.116140e-01 5.369571e+01
8.102178e-01 -5.968241e-04 -5.861286e-01 -2.518372e+01 -2.599608e-02 9.989789e-01 -3.695213e-02 -3.663627e+00 5.855522e-01 4.517632e-02 8.093749e-01 5.449670e+01
8.064737e-01 -3.669557e-04 -5.912698e-01 -2.584189e+01 -2.689658e-02 9.989418e-01 -3.730608e-02 -3.737526e+00 5.906578e-01 4.598951e-02 8.056105e-01 5.544980e+01
8.027725e-01 -5.132506e-03 -5.962633e-01 -2.639732e+01 -2.140917e-02 9.990701e-01 -3.742377e-02 -3.733018e+00 5.959010e-01 4.280828e-02 8.019161e-01 5.621121e+01
7.989145e-01 -7.994601e-03 -6.013915e-01 -2.704822e+01 -2.016268e-02 9.989936e-01 -4.006510e-02 -3.784498e+00 6.011065e-01 4.413425e-02 7.979493e-01 5.705298e+01
7.947767e-01 -9.100111e-03 -6.068338e-01 -2.772258e+01 -1.925330e-02 9.990063e-01 -4.019741e-02 -3.844272e+00 6.065965e-01 4.363152e-02 7.938117e-01 5.791622e+01
7.906100e-01 -8.570686e-03 -6.122600e-01 -2.840216e+01 -1.949542e-02 9.990427e-01 -3.915943e-02 -3.901500e+00 6.120096e-01 4.289610e-02 7.896861e-01 5.876389e+01
7.858853e-01 -8.345389e-03 -6.183159e-01 -2.907389e+01 -1.932436e-02 9.990891e-01 -3.804611e-02 -3.965977e+00 6.180702e-01 4.184844e-02 7.850082e-01 5.958578e+01
7.808370e-01 -9.482937e-03 -6.246628e-01 -2.976726e+01 -1.914704e-02 9.990518e-01 -3.910055e-02 -4.026740e+00 6.244413e-01 4.249160e-02 7.799150e-01 6.042415e+01
7.757289e-01 -1.106167e-02 -6.309693e-01 -3.046957e+01 -1.838918e-02 9.990255e-01 -4.012224e-02 -4.079036e+00 6.307983e-01 4.272699e-02 7.747695e-01 6.125397e+01
7.703535e-01 -1.129730e-02 -6.375169e-01 -3.114639e+01 -1.878119e-02 9.990072e-01 -4.039772e-02 -4.155858e+00 6.373404e-01 4.309385e-02 7.693765e-01 6.207431e+01
7.647009e-01 -1.237468e-02 -6.442665e-01 -3.186527e+01 -1.867722e-02 9.989699e-01 -4.135621e-02 -4.219752e+00 6.441146e-01 4.365824e-02 7.636821e-01 6.291895e+01
7.587397e-01 -1.402269e-02 -6.512430e-01 -3.259476e+01 -1.807939e-02 9.989298e-01 -4.257279e-02 -4.275604e+00 6.511430e-01 4.407574e-02 7.576742e-01 6.377183e+01
7.532523e-01 -1.497899e-02 -6.575611e-01 -3.333747e+01 -1.753668e-02 9.989278e-01 -4.284389e-02 -4.336863e+00 6.574978e-01 4.380370e-02 7.521821e-01 6.458616e+01
7.481078e-01 -1.427671e-02 -6.634236e-01 -3.412138e+01 -1.701776e-02 9.990270e-01 -4.068884e-02 -4.405015e+00 6.633590e-01 4.172963e-02 7.471369e-01 6.537664e+01
7.417425e-01 -1.420864e-02 -6.705343e-01 -3.488379e+01 -1.692404e-02 9.990607e-01 -3.989144e-02 -4.470574e+00 6.704712e-01 4.093733e-02 7.408053e-01 6.620498e+01
7.352827e-01 -1.713275e-02 -6.775440e-01 -3.566434e+01 -1.456667e-02 9.990501e-01 -4.107054e-02 -4.514030e+00 6.776040e-01 4.006802e-02 7.343346e-01 6.702644e+01
7.295823e-01 -1.720979e-02 -6.836765e-01 -3.643977e+01 -1.586186e-02 9.989886e-01 -4.207386e-02 -4.605474e+00 6.837091e-01 4.154072e-02 7.285714e-01 6.778310e+01
7.221832e-01 -1.857016e-02 -6.914526e-01 -3.725188e+01 -1.482211e-02 9.989945e-01 -4.231059e-02 -4.652858e+00 6.915430e-01 4.080478e-02 7.211818e-01 6.870950e+01
7.168434e-01 -1.794005e-02 -6.970033e-01 -3.807586e+01 -1.507077e-02 9.990367e-01 -4.121378e-02 -4.714548e+00 6.970713e-01 4.004820e-02 7.158825e-01 6.953175e+01
7.122875e-01 -1.761237e-02 -7.016668e-01 -3.893293e+01 -1.591393e-02 9.990229e-01 -4.123104e-02 -4.771188e+00 7.017074e-01 4.053463e-02 7.113113e-01 7.035586e+01
7.074944e-01 -1.841979e-02 -7.064788e-01 -3.973699e+01 -1.601074e-02 9.989859e-01 -4.207999e-02 -4.839260e+00 7.065375e-01 4.108261e-02 7.064821e-01 7.115630e+01
7.021343e-01 -2.058278e-02 -7.117470e-01 -4.056874e+01 -1.613615e-02 9.988655e-01 -4.480409e-02 -4.896484e+00 7.118617e-01 4.294335e-02 7.010056e-01 7.196421e+01
6.976547e-01 -2.246680e-02 -7.160818e-01 -4.138901e+01 -1.631564e-02 9.987507e-01 -4.723121e-02 -4.962770e+00 7.162484e-01 4.463441e-02 6.964166e-01 7.273600e+01
6.923087e-01 -2.279809e-02 -7.212413e-01 -4.223903e+01 -1.689246e-02 9.987149e-01 -4.778371e-02 -5.029937e+00 7.214038e-01 4.526461e-02 6.910338e-01 7.355943e+01
6.880605e-01 -2.266121e-02 -7.252994e-01 -4.313408e+01 -1.604423e-02 9.987928e-01 -4.642670e-02 -5.092332e+00 7.254759e-01 4.358125e-02 6.868663e-01 7.436523e+01
6.825334e-01 -2.264734e-02 -7.305034e-01 -4.395704e+01 -1.490178e-02 9.988807e-01 -4.489090e-02 -5.173059e+00 7.307025e-01 4.152533e-02 6.814319e-01 7.514802e+01
6.772942e-01 -2.412633e-02 -7.353166e-01 -4.483376e+01 -1.429330e-02 9.988420e-01 -4.593825e-02 -5.229780e+00 7.355734e-01 4.162381e-02 6.761650e-01 7.595697e+01
6.728338e-01 -2.498964e-02 -7.393715e-01 -4.572820e+01 -1.363408e-02 9.988407e-01 -4.616642e-02 -5.297557e+00 7.396680e-01 4.114298e-02 6.717131e-01 7.674648e+01
6.686302e-01 -2.573417e-02 -7.431496e-01 -4.658075e+01 -1.258967e-02 9.988660e-01 -4.591649e-02 -5.366847e+00 7.434885e-01 4.005716e-02 6.675480e-01 7.749376e+01
6.651276e-01 -2.478240e-02 -7.463184e-01 -4.747730e+01 -1.375414e-02 9.988730e-01 -4.542664e-02 -5.440732e+00 7.466030e-01 4.047948e-02 6.640371e-01 7.825817e+01
6.613139e-01 -2.789134e-02 -7.495906e-01 -4.837108e+01 -1.072191e-02 9.988549e-01 -4.662539e-02 -5.511592e+00 7.500327e-01 3.887106e-02 6.602576e-01 7.903471e+01
6.573234e-01 -3.209153e-02 -7.529250e-01 -4.921960e+01 -8.092499e-03 9.987347e-01 -4.963351e-02 -5.582811e+00 7.535652e-01 3.871832e-02 6.562320e-01 7.975607e+01
6.526676e-01 -3.648623e-02 -7.567654e-01 -5.014130e+01 -3.310403e-03 9.986929e-01 -5.100542e-02 -5.657627e+00 7.576371e-01 3.579478e-02 6.516937e-01 8.055135e+01
6.464871e-01 -4.068394e-02 -7.618394e-01 -5.105676e+01 2.752895e-03 9.986950e-01 -5.099649e-02 -5.726128e+00 7.629200e-01 3.087130e-02 6.457554e-01 8.130227e+01
6.381218e-01 -4.473274e-02 -7.686349e-01 -5.198913e+01 7.233736e-03 9.986151e-01 -5.211159e-02 -5.788115e+00 7.699015e-01 2.769344e-02 6.375616e-01 8.206744e+01
6.289207e-01 -4.663383e-02 -7.760696e-01 -5.298471e+01 1.115275e-02 9.986379e-01 -5.096981e-02 -5.835362e+00 7.773895e-01 2.340066e-02 6.285841e-01 8.283746e+01
6.205920e-01 -4.490058e-02 -7.828470e-01 -5.395086e+01 1.124704e-02 9.987662e-01 -4.836879e-02 -5.914123e+00 7.840530e-01 2.121257e-02 6.203313e-01 8.357604e+01
6.127228e-01 -4.489294e-02 -7.890218e-01 -5.492307e+01 1.163451e-02 9.987895e-01 -4.779319e-02 -5.989922e+00 7.902123e-01 2.010410e-02 6.125034e-01 8.426856e+01
6.027561e-01 -4.631574e-02 -7.965801e-01 -5.588480e+01 1.028692e-02 9.986820e-01 -5.028269e-02 -6.051723e+00 7.978592e-01 2.211384e-02 6.024382e-01 8.500222e+01
5.937997e-01 -4.821892e-02 -8.031668e-01 -5.688356e+01 1.048492e-02 9.985816e-01 -5.219910e-02 -6.126005e+00 8.045446e-01 2.257467e-02 5.934630e-01 8.568180e+01
5.841956e-01 -4.991379e-02 -8.100766e-01 -5.790586e+01 1.143656e-02 9.985143e-01 -5.327699e-02 -6.209343e+00 8.115323e-01 2.185970e-02 5.838985e-01 8.640095e+01
5.741807e-01 -5.072084e-02 -8.171560e-01 -5.892860e+01 1.403570e-02 9.985423e-01 -5.211719e-02 -6.286325e+00 8.186083e-01 1.845533e-02 5.740557e-01 8.711378e+01
5.647281e-01 -5.072363e-02 -8.237168e-01 -5.998462e+01 1.516871e-02 9.985787e-01 -5.109200e-02 -6.361134e+00 8.251376e-01 1.635837e-02 5.646949e-01 8.779230e+01
5.547759e-01 -5.144611e-02 -8.304077e-01 -6.103210e+01 1.541630e-02 9.985507e-01 -5.156377e-02 -6.437463e+00 8.318570e-01 1.580452e-02 5.547649e-01 8.848086e+01
5.445926e-01 -5.230599e-02 -8.370681e-01 -6.208053e+01 1.488935e-02 9.984990e-01 -5.270640e-02 -6.517777e+00 8.385686e-01 1.624012e-02 5.445540e-01 8.915870e+01
5.351602e-01 -5.305861e-02 -8.430826e-01 -6.313373e+01 1.429178e-02 9.984514e-01 -5.376466e-02 -6.600132e+00 8.446296e-01 1.672355e-02 5.350898e-01 8.980331e+01
5.255501e-01 -5.407991e-02 -8.490421e-01 -6.420457e+01 1.269296e-02 9.983650e-01 -5.573422e-02 -6.667923e+00 8.506680e-01 1.851427e-02 5.253773e-01 9.044817e+01
5.168355e-01 -5.377353e-02 -8.543942e-01 -6.530019e+01 1.093435e-02 9.983585e-01 -5.621995e-02 -6.749986e+00 8.560149e-01 1.971422e-02 5.165751e-01 9.107478e+01
5.080124e-01 -5.152084e-02 -8.598076e-01 -6.639244e+01 1.048189e-02 9.985054e-01 -5.363864e-02 -6.836232e+00 8.612860e-01 1.823669e-02 5.077931e-01 9.170946e+01
4.999303e-01 -4.984439e-02 -8.646301e-01 -6.747115e+01 1.045932e-02 9.986172e-01 -5.152091e-02 -6.923601e+00 8.660025e-01 1.671342e-02 4.997603e-01 9.233343e+01
4.927834e-01 -4.998844e-02 -8.687149e-01 -6.856966e+01 1.081578e-02 9.986233e-01 -5.132844e-02 -7.010981e+00 8.700848e-01 1.589797e-02 4.926456e-01 9.293970e+01
4.860391e-01 -5.247204e-02 -8.723604e-01 -6.967880e+01 1.156134e-02 9.984946e-01 -5.361750e-02 -7.098198e+00 8.738606e-01 1.597455e-02 4.859141e-01 9.353732e+01
4.801256e-01 -5.558112e-02 -8.754371e-01 -7.076003e+01 1.340400e-02 9.983389e-01 -5.603280e-02 -7.193252e+00 8.770974e-01 1.516842e-02 4.800731e-01 9.409750e+01
4.739718e-01 -5.761632e-02 -8.786530e-01 -7.188771e+01 1.644776e-02 9.982622e-01 -5.658709e-02 -7.286295e+00 8.803864e-01 1.236881e-02 4.740958e-01 9.471442e+01
4.686065e-01 -6.089380e-02 -8.813058e-01 -7.300039e+01 1.764144e-02 9.980676e-01 -5.958117e-02 -7.376880e+00 8.832309e-01 1.237262e-02 4.687752e-01 9.530482e+01
4.644076e-01 -6.076479e-02 -8.835345e-01 -7.406740e+01 1.952465e-02 9.981034e-01 -5.838158e-02 -7.491686e+00 8.854063e-01 9.862149e-03 4.647132e-01 9.586770e+01
4.615675e-01 -5.734514e-02 -8.852497e-01 -7.520441e+01 1.912979e-02 9.983198e-01 -5.469542e-02 -7.593673e+00 8.868988e-01 8.310985e-03 4.618889e-01 9.641737e+01
4.573988e-01 -5.537268e-02 -8.875360e-01 -7.633970e+01 2.172548e-02 9.984574e-01 -5.109658e-02 -7.684103e+00 8.889962e-01 4.089369e-03 4.578962e-01 9.701329e+01
4.549064e-01 -5.506969e-02 -8.888349e-01 -7.745287e+01 2.320003e-02 9.984803e-01 -4.998921e-02 -7.765216e+00 8.902370e-01 2.119419e-03 4.554927e-01 9.755871e+01
4.526172e-01 -5.408990e-02 -8.900629e-01 -7.857574e+01 2.434786e-02 9.985361e-01 -4.830047e-02 -7.860014e+00 8.913724e-01 1.904971e-04 4.532716e-01 9.810509e+01
4.503277e-01 -5.324401e-02 -8.912744e-01 -7.971458e+01 2.585830e-02 9.985794e-01 -4.658908e-02 -7.938978e+00 8.924888e-01 -2.066485e-03 4.510648e-01 9.867158e+01
4.480689e-01 -5.252552e-02 -8.924547e-01 -8.082426e+01 2.726275e-02 9.986110e-01 -4.508573e-02 -8.010935e+00 8.935832e-01 -4.129255e-03 4.488785e-01 9.921783e+01
4.464750e-01 -5.117197e-02 -8.933317e-01 -8.184238e+01 2.655772e-02 9.986814e-01 -4.393344e-02 -8.128064e+00 8.944019e-01 -4.109672e-03 4.472453e-01 9.973502e+01
4.442549e-01 -5.185664e-02 -8.943984e-01 -8.297348e+01 2.900621e-02 9.986326e-01 -4.349245e-02 -8.201323e+00 8.954307e-01 -6.621378e-03 4.451516e-01 1.002908e+02
4.410420e-01 -4.985438e-02 -8.961007e-01 -8.401601e+01 3.128161e-02 9.987032e-01 -4.016650e-02 -8.298595e+00 8.969411e-01 -1.031636e-02 4.420296e-01 1.008497e+02
4.398158e-01 -4.936339e-02 -8.967303e-01 -8.514207e+01 3.289038e-02 9.987038e-01 -3.884523e-02 -8.368077e+00 8.974855e-01 -1.240905e-02 4.408693e-01 1.013770e+02
4.374089e-01 -4.928109e-02 -8.979114e-01 -8.616824e+01 3.486568e-02 9.986759e-01 -3.782699e-02 -8.460218e+00 8.985866e-01 -1.476044e-02 4.385479e-01 1.019053e+02
4.356783e-01 -5.192335e-02 -8.986036e-01 -8.719728e+01 3.815765e-02 9.985027e-01 -3.919543e-02 -8.462408e+00 8.992933e-01 -1.721201e-02 4.370072e-01 1.024002e+02
4.344084e-01 -5.361348e-02 -8.991190e-01 -8.825655e+01 3.864707e-02 9.984171e-01 -4.086222e-02 -8.530161e+00 8.998865e-01 -1.699742e-02 4.357928e-01 1.029259e+02
4.343058e-01 -5.339165e-02 -8.991817e-01 -8.923400e+01 3.673330e-02 9.984612e-01 -4.154444e-02 -8.603766e+00 9.000162e-01 -1.498692e-02 4.355987e-01 1.034161e+02
4.367569e-01 -5.295402e-02 -8.980196e-01 -9.027882e+01 3.442134e-02 9.985186e-01 -4.213918e-02 -8.675544e+00 8.989208e-01 -1.250646e-02 4.379327e-01 1.039069e+02
4.413366e-01 -5.401242e-02 -8.957146e-01 -9.130679e+01 3.337328e-02 9.984843e-01 -4.376584e-02 -8.735094e+00 8.967208e-01 -1.057747e-02 4.424702e-01 1.043985e+02
4.461521e-01 -5.359248e-02 -8.933511e-01 -9.229292e+01 3.145216e-02 9.985277e-01 -4.419442e-02 -8.815904e+00 8.944043e-01 -8.380390e-03 4.471809e-01 1.048871e+02
4.513753e-01 -5.260807e-02 -8.907821e-01 -9.326487e+01 2.990139e-02 9.985917e-01 -4.382355e-02 -8.894987e+00 8.918331e-01 -6.854755e-03 4.523127e-01 1.053999e+02
4.581876e-01 -5.164574e-02 -8.873538e-01 -9.425868e+01 2.931301e-02 9.986455e-01 -4.298728e-02 -8.960711e+00 8.883720e-01 -6.314770e-03 4.590809e-01 1.059056e+02
4.660657e-01 -5.099284e-02 -8.832794e-01 -9.526298e+01 2.841745e-02 9.986854e-01 -4.266080e-02 -9.015932e+00 8.842936e-01 -5.217811e-03 4.669021e-01 1.064277e+02
4.753785e-01 -5.024223e-02 -8.783456e-01 -9.626823e+01 2.736159e-02 9.987294e-01 -4.231965e-02 -9.087653e+00 8.793558e-01 -3.915087e-03 4.761491e-01 1.069541e+02
4.845640e-01 -4.942539e-02 -8.733584e-01 -9.717393e+01 2.627854e-02 9.987743e-01 -4.194289e-02 -9.154759e+00 8.743610e-01 -2.626568e-03 4.852690e-01 1.074670e+02
4.937745e-01 -5.123450e-02 -8.680794e-01 -9.814283e+01 2.614005e-02 9.986862e-01 -4.407420e-02 -9.210716e+00 8.691970e-01 -9.289228e-04 4.944651e-01 1.080204e+02
5.045430e-01 -5.227308e-02 -8.618027e-01 -9.904749e+01 2.393371e-02 9.986287e-01 -4.656032e-02 -9.277226e+00 8.630548e-01 2.865548e-03 5.051022e-01 1.085283e+02
5.154114e-01 -5.613098e-02 -8.551025e-01 -1.002112e+02 2.605069e-02 9.984176e-01 -4.983652e-02 -9.310262e+00 8.565468e-01 3.410299e-03 5.160581e-01 1.091457e+02
5.271819e-01 -5.497830e-02 -8.479721e-01 -1.011363e+02 2.383609e-02 9.984689e-01 -4.991693e-02 -9.362761e+00 8.494181e-01 6.102960e-03 5.276852e-01 1.097188e+02
5.394285e-01 -5.227437e-02 -8.404072e-01 -1.020674e+02 2.273689e-02 9.986115e-01 -4.752084e-02 -9.444968e+00 8.417244e-01 6.525844e-03 5.398680e-01 1.103190e+02
5.519567e-01 -4.968640e-02 -8.323911e-01 -1.029900e+02 2.124530e-02 9.987371e-01 -4.552807e-02 -9.516240e+00 8.336021e-01 7.445125e-03 5.523153e-01 1.109116e+02
5.638432e-01 -4.871796e-02 -8.244437e-01 -1.038959e+02 2.159796e-02 9.987870e-01 -4.424923e-02 -9.594044e+00 8.255994e-01 7.143327e-03 5.642115e-01 1.115152e+02
5.749869e-01 -4.938327e-02 -8.166710e-01 -1.047650e+02 2.138214e-02 9.987428e-01 -4.533862e-02 -9.650388e+00 8.178832e-01 8.606940e-03 5.753199e-01 1.121226e+02
5.858178e-01 -5.044400e-02 -8.088714e-01 -1.056289e+02 2.118295e-02 9.986731e-01 -4.693912e-02 -9.712876e+00 8.101659e-01 1.036349e-02 5.861090e-01 1.127514e+02
5.963730e-01 -5.174661e-02 -8.010378e-01 -1.064668e+02 2.278079e-02 9.986091e-01 -4.754930e-02 -9.776438e+00 8.023841e-01 1.010885e-02 5.967223e-01 1.133646e+02
6.064830e-01 -5.118191e-02 -7.934474e-01 -1.073095e+02 2.222686e-02 9.986274e-01 -4.742777e-02 -9.838989e+00 7.947857e-01 1.112829e-02 6.067881e-01 1.140212e+02
6.165118e-01 -4.875209e-02 -7.858348e-01 -1.081272e+02 2.084384e-02 9.987419e-01 -4.560790e-02 -9.903962e+00 7.870697e-01 1.173799e-02 6.167524e-01 1.146736e+02
6.263481e-01 -4.613300e-02 -7.781773e-01 -1.089288e+02 2.154032e-02 9.988904e-01 -4.188002e-02 -9.969097e+00 7.792459e-01 9.469280e-03 6.266468e-01 1.153138e+02
6.360005e-01 -4.506090e-02 -7.703719e-01 -1.096941e+02 2.071350e-02 9.989309e-01 -4.132929e-02 -1.002918e+01 7.714106e-01 1.032835e-02 6.362539e-01 1.159258e+02
6.455389e-01 -4.429196e-02 -7.624419e-01 -1.104706e+02 1.844806e-02 9.989299e-01 -4.241060e-02 -1.008576e+01 7.635045e-01 1.331212e-02 6.456653e-01 1.165772e+02
6.542866e-01 -4.380763e-02 -7.549768e-01 -1.112020e+02 1.641165e-02 9.989082e-01 -4.373892e-02 -1.013832e+01 7.560686e-01 1.622737e-02 6.542912e-01 1.172424e+02
6.630772e-01 -4.242233e-02 -7.473480e-01 -1.119051e+02 1.533282e-02 9.989531e-01 -4.310049e-02 -1.020638e+01 7.483940e-01 1.712000e-02 6.630334e-01 1.178959e+02
6.723124e-01 -4.109875e-02 -7.391258e-01 -1.126402e+02 1.588939e-02 9.990288e-01 -4.109747e-02 -1.026053e+01 7.400970e-01 1.588608e-02 6.723125e-01 1.185850e+02
6.806753e-01 -3.924710e-02 -7.315332e-01 -1.133512e+02 1.576850e-02 9.991175e-01 -3.893089e-02 -1.031719e+01 7.324155e-01 1.496411e-02 6.806935e-01 1.192528e+02
6.881017e-01 -3.896632e-02 -7.245672e-01 -1.140336e+02 1.646901e-02 9.991385e-01 -3.809226e-02 -1.037117e+01 7.254273e-01 1.427845e-02 6.881506e-01 1.199183e+02
6.956730e-01 -3.783763e-02 -7.173613e-01 -1.147242e+02 1.501946e-02 9.991597e-01 -3.813588e-02 -1.042503e+01 7.182015e-01 1.575572e-02 6.956568e-01 1.205937e+02
7.028946e-01 -3.646613e-02 -7.103587e-01 -1.154079e+02 1.407825e-02 9.992025e-01 -3.736355e-02 -1.047941e+01 7.111548e-01 1.626203e-02 7.028474e-01 1.212822e+02
7.097594e-01 -3.343550e-02 -7.036502e-01 -1.161083e+02 1.259266e-02 9.993156e-01 -3.478270e-02 -1.052597e+01 7.043316e-01 1.582653e-02 7.096947e-01 1.219985e+02
7.167801e-01 -3.062233e-02 -6.966265e-01 -1.167499e+02 1.143651e-02 9.994171e-01 -3.216504e-02 -1.057261e+01 6.972055e-01 1.508828e-02 7.167125e-01 1.226763e+02
7.235225e-01 -2.930342e-02 -6.896785e-01 -1.173577e+02 1.063297e-02 9.994531e-01 -3.131054e-02 -1.060956e+01 6.902189e-01 1.532055e-02 7.234384e-01 1.233426e+02
7.309620e-01 -2.836521e-02 -6.818284e-01 -1.179681e+02 9.523110e-03 9.994625e-01 -3.136997e-02 -1.064825e+01 6.823517e-01 1.643713e-02 7.308392e-01 1.240010e+02
7.381653e-01 -2.592111e-02 -6.741217e-01 -1.185616e+02 7.580729e-03 9.995172e-01 -3.013219e-02 -1.068950e+01 6.745773e-01 1.713220e-02 7.380054e-01 1.246863e+02
7.465304e-01 -2.149129e-02 -6.650041e-01 -1.190832e+02 5.181636e-03 9.996357e-01 -2.648888e-02 -1.075615e+01 6.653311e-01 1.632894e-02 7.463698e-01 1.253341e+02
7.555072e-01 -1.811928e-02 -6.548897e-01 -1.197373e+02 3.791184e-03 9.997216e-01 -2.328632e-02 -1.078960e+01 6.551294e-01 1.511018e-02 7.553656e-01 1.260537e+02
7.640849e-01 -1.493703e-02 -6.449428e-01 -1.199948e+02 7.938755e-04 9.997529e-01 -2.221399e-02 -1.082772e+01 6.451152e-01 1.646137e-02 7.639080e-01 1.266193e+02
7.740361e-01 -1.420302e-02 -6.329821e-01 -1.205498e+02 -8.120264e-04 9.997253e-01 -2.342508e-02 -1.085555e+01 6.331409e-01 1.864585e-02 7.738119e-01 1.272914e+02
7.839551e-01 -1.494707e-02 -6.206375e-01 -1.211236e+02 -1.253447e-03 9.996700e-01 -2.565875e-02 -1.089145e+01 6.208162e-01 2.089325e-02 7.836776e-01 1.279906e+02
7.939116e-01 -1.471736e-02 -6.078551e-01 -1.216758e+02 -8.730866e-04 9.996784e-01 -2.534450e-02 -1.092075e+01 6.080326e-01 2.065200e-02 7.936434e-01 1.286783e+02
8.039267e-01 -1.319921e-02 -5.945818e-01 -1.222043e+02 -1.363824e-03 9.997101e-01 -2.403673e-02 -1.095171e+01 5.947268e-01 2.013467e-02 8.036757e-01 1.293777e+02
8.140615e-01 -1.067965e-02 -5.806805e-01 -1.226979e+02 -1.983430e-03 9.997740e-01 -2.116805e-02 -1.098777e+01 5.807754e-01 1.838383e-02 8.138562e-01 1.300560e+02
8.235693e-01 -8.931299e-03 -5.671453e-01 -1.231979e+02 -2.212973e-03 9.998178e-01 -1.895847e-02 -1.101947e+01 5.672113e-01 1.686869e-02 8.233995e-01 1.307718e+02
8.324796e-01 -7.167019e-03 -5.540093e-01 -1.236214e+02 -2.181557e-03 9.998662e-01 -1.621302e-02 -1.104965e+01 5.540514e-01 1.470561e-02 8.323526e-01 1.314341e+02
8.404422e-01 -6.329301e-03 -5.418643e-01 -1.240830e+02 -1.871251e-03 9.998919e-01 -1.458169e-02 -1.106800e+01 5.418980e-01 1.326903e-02 8.403395e-01 1.321562e+02
8.473659e-01 -6.437437e-03 -5.309704e-01 -1.245210e+02 -5.790341e-04 9.999147e-01 -1.304695e-02 -1.109512e+01 5.310091e-01 1.136299e-02 8.472899e-01 1.328771e+02
8.538951e-01 -6.276077e-03 -5.204073e-01 -1.249601e+02 -4.374640e-04 9.999183e-01 -1.277675e-02 -1.112094e+01 5.204449e-01 1.113766e-02 8.538226e-01 1.336138e+02
8.603672e-01 -5.205945e-03 -5.096480e-01 -1.253938e+02 -1.540906e-03 9.999167e-01 -1.281523e-02 -1.114553e+01 5.096723e-01 1.181112e-02 8.602875e-01 1.343441e+02
8.668138e-01 -3.282177e-03 -4.986211e-01 -1.258139e+02 -3.123365e-03 9.999230e-01 -1.201172e-02 -1.117144e+01 4.986222e-01 1.196930e-02 8.667368e-01 1.350868e+02
8.728338e-01 -2.310461e-03 -4.880120e-01 -1.262591e+02 -3.830117e-03 9.999256e-01 -1.158444e-02 -1.119809e+01 4.880024e-01 1.198043e-02 8.727601e-01 1.358931e+02
8.783846e-01 -2.871837e-03 -4.779458e-01 -1.266501e+02 -3.051315e-03 9.999279e-01 -1.161608e-02 -1.121862e+01 4.779447e-01 1.166175e-02 8.783125e-01 1.366336e+02
8.831954e-01 -4.613783e-03 -4.689825e-01 -1.270914e+02 -1.694206e-03 9.999137e-01 -1.302756e-02 -1.124171e+01 4.690022e-01 1.230044e-02 8.831114e-01 1.374555e+02
8.873771e-01 -4.580311e-03 -4.610215e-01 -1.274867e+02 -1.890327e-03 9.999061e-01 -1.357272e-02 -1.126793e+01 4.610404e-01 1.291560e-02 8.872852e-01 1.382247e+02
8.905035e-01 -4.484673e-03 -4.549543e-01 -1.278737e+02 -1.656961e-03 9.999128e-01 -1.309980e-02 -1.128146e+01 4.549734e-01 1.241926e-02 8.904184e-01 1.390104e+02
8.933939e-01 -2.726918e-03 -4.492659e-01 -1.282617e+02 -1.872491e-03 9.999503e-01 -9.792986e-03 -1.130412e+01 4.492703e-01 9.590240e-03 8.933444e-01 1.398074e+02
8.963485e-01 1.799378e-03 -4.433464e-01 -1.286536e+02 -4.495961e-03 9.999772e-01 -5.031304e-03 -1.132642e+01 4.433273e-01 6.503070e-03 8.963362e-01 1.406152e+02
8.993798e-01 3.776842e-03 -4.371518e-01 -1.290255e+02 -5.458161e-03 9.999818e-01 -2.589917e-03 -1.133979e+01 4.371340e-01 4.715364e-03 8.993840e-01 1.414174e+02
9.026750e-01 7.707153e-03 -4.302539e-01 -1.293915e+02 -8.586167e-03 9.999631e-01 -1.014508e-04 -1.135920e+01 4.302372e-01 3.785809e-03 9.027079e-01 1.421983e+02
9.059205e-01 8.702688e-03 -4.233584e-01 -1.299676e+02 -8.660582e-03 9.999604e-01 2.023214e-03 -1.135584e+01 4.233592e-01 1.833658e-03 9.059600e-01 1.433397e+02
9.091125e-01 9.805092e-03 -4.164352e-01 -1.303690e+02 -8.711737e-03 9.999518e-01 4.525723e-03 -1.135747e+01 4.164596e-01 -4.865173e-04 9.091541e-01 1.442145e+02
9.125522e-01 9.832935e-03 -4.088421e-01 -1.307470e+02 -7.836599e-03 9.999478e-01 6.557829e-03 -1.136629e+01 4.088852e-01 -2.780429e-03 9.125816e-01 1.450648e+02
9.160013e-01 9.652559e-03 -4.010592e-01 -1.311478e+02 -7.270958e-03 9.999458e-01 7.459818e-03 -1.137156e+01 4.011094e-01 -3.917119e-03 9.160218e-01 1.459650e+02
9.194415e-01 9.352619e-03 -3.931157e-01 -1.315294e+02 -6.897704e-03 9.999469e-01 7.657001e-03 -1.138337e+01 3.931665e-01 -4.328568e-03 9.194571e-01 1.468798e+02
9.232184e-01 5.840400e-03 -3.842312e-01 -1.319184e+02 -3.543634e-03 9.999714e-01 6.685259e-03 -1.136891e+01 3.842592e-01 -4.810380e-03 9.232127e-01 1.478176e+02
9.271256e-01 4.639307e-03 -3.747220e-01 -1.322973e+02 -2.792822e-03 9.999812e-01 5.470514e-03 -1.138393e+01 3.747403e-01 -4.025322e-03 9.271211e-01 1.487890e+02
9.311134e-01 3.761102e-03 -3.647104e-01 -1.326293e+02 -2.656118e-03 9.999902e-01 3.531346e-03 -1.139212e+01 3.647201e-01 -2.319370e-03 9.311143e-01 1.497214e+02
9.363444e-01 5.796134e-03 -3.510349e-01 -1.330033e+02 -5.200868e-03 9.999830e-01 2.638577e-03 -1.139658e+01 3.510443e-01 -6.449307e-04 9.363586e-01 1.506874e+02
9.420549e-01 9.389326e-03 -3.353274e-01 -1.333583e+02 -8.722453e-03 9.999558e-01 3.494739e-03 -1.140387e+01 3.353454e-01 -3.673592e-04 9.420952e-01 1.516819e+02
9.483532e-01 1.284609e-02 -3.169561e-01 -1.337162e+02 -1.145192e-02 9.999148e-01 6.261191e-03 -1.140843e+01 3.170095e-01 -2.308063e-03 9.484196e-01 1.527276e+02
9.545639e-01 1.621133e-02 -2.975650e-01 -1.340306e+02 -1.449677e-02 9.998631e-01 7.968094e-03 -1.141791e+01 2.976534e-01 -3.292326e-03 9.546683e-01 1.537520e+02
9.608232e-01 1.775148e-02 -2.765928e-01 -1.343503e+02 -1.610052e-02 9.998364e-01 8.238888e-03 -1.141160e+01 2.766938e-01 -3.462827e-03 9.609519e-01 1.548132e+02
9.666430e-01 1.915276e-02 -2.554106e-01 -1.346284e+02 -1.723770e-02 9.998040e-01 9.734542e-03 -1.142277e+01 2.555470e-01 -5.007137e-03 9.667837e-01 1.558477e+02
9.720609e-01 2.007560e-02 -2.338690e-01 -1.348645e+02 -1.773943e-02 9.997696e-01 1.208867e-02 -1.142907e+01 2.340578e-01 -7.602219e-03 9.721929e-01 1.568353e+02
9.769408e-01 2.202553e-02 -2.123713e-01 -1.351483e+02 -1.921329e-02 9.996984e-01 1.529697e-02 -1.141280e+01 2.126442e-01 -1.086389e-02 9.770693e-01 1.580868e+02
9.817039e-01 2.442086e-02 -1.888416e-01 -1.354921e+02 -2.121000e-02 9.995944e-01 1.900538e-02 -1.138157e+01 1.892291e-01 -1.465233e-02 9.818236e-01 1.594807e+02
9.856945e-01 2.617236e-02 -1.664973e-01 -1.356568e+02 -2.281060e-02 9.994961e-01 2.207172e-02 -1.137354e+01 1.669910e-01 -1.795807e-02 9.857948e-01 1.605627e+02
9.891605e-01 2.820806e-02 -1.441035e-01 -1.358629e+02 -2.535049e-02 9.994447e-01 2.162813e-02 -1.134348e+01 1.446336e-01 -1.774059e-02 9.893262e-01 1.617704e+02
9.921505e-01 2.767409e-02 -1.219485e-01 -1.360259e+02 -2.552410e-02 9.994906e-01 1.915761e-02 -1.132842e+01 1.224166e-01 -1.589460e-02 9.923515e-01 1.629496e+02
9.944873e-01 2.793131e-02 -1.010689e-01 -1.361629e+02 -2.624696e-02 9.994942e-01 1.795722e-02 -1.131649e+01 1.015193e-01 -1.520547e-02 9.947174e-01 1.641410e+02
9.963686e-01 2.641720e-02 -8.094319e-02 -1.362593e+02 -2.490377e-02 9.994967e-01 1.965034e-02 -1.130851e+01 8.142155e-02 -1.756319e-02 9.965250e-01 1.652999e+02
9.977542e-01 2.695299e-02 -6.131993e-02 -1.363303e+02 -2.568511e-02 9.994416e-01 2.137177e-02 -1.130343e+01 6.186172e-02 -1.974877e-02 9.978893e-01 1.665384e+02
9.987508e-01 2.753642e-02 -4.169565e-02 -1.363734e+02 -2.663122e-02 9.994007e-01 2.211172e-02 -1.128398e+01 4.227955e-02 -2.097370e-02 9.988856e-01 1.678359e+02
9.993258e-01 2.973341e-02 -2.153949e-02 -1.363785e+02 -2.923621e-02 9.993069e-01 2.304155e-02 -1.129804e+01 2.220967e-02 -2.239628e-02 9.995024e-01 1.689654e+02
9.995393e-01 3.033422e-02 -1.005467e-03 -1.363979e+02 -3.030240e-02 9.992667e-01 2.340635e-02 -1.128143e+01 1.714744e-03 -2.336510e-02 9.997255e-01 1.702212e+02
9.992806e-01 3.261018e-02 1.936411e-02 -1.364017e+02 -3.304847e-02 9.991945e-01 2.276294e-02 -1.126545e+01 -1.860621e-02 -2.338651e-02 9.995533e-01 1.715443e+02
9.986439e-01 3.393187e-02 3.948445e-02 -1.363683e+02 -3.479613e-02 9.991651e-01 2.141111e-02 -1.125158e+01 -3.872496e-02 -2.275598e-02 9.989908e-01 1.728989e+02
9.977419e-01 3.360410e-02 5.815388e-02 -1.362683e+02 -3.474713e-02 9.992201e-01 1.875669e-02 -1.123468e+01 -5.747822e-02 -2.073501e-02 9.981314e-01 1.742515e+02
9.964042e-01 3.591021e-02 7.674021e-02 -1.361776e+02 -3.724757e-02 9.991769e-01 1.606701e-02 -1.124120e+01 -7.610007e-02 -1.886762e-02 9.969217e-01 1.755732e+02
9.947980e-01 3.547496e-02 9.549081e-02 -1.359487e+02 -3.719835e-02 9.991745e-01 1.632795e-02 -1.130540e+01 -9.483275e-02 -1.979511e-02 9.952964e-01 1.773474e+02
9.927928e-01 3.577783e-02 1.143786e-01 -1.357991e+02 -3.748281e-02 9.992154e-01 1.278999e-02 -1.129442e+01 -1.138313e-01 -1.698504e-02 9.933549e-01 1.787483e+02
9.904557e-01 3.677368e-02 1.328355e-01 -1.356239e+02 -3.809102e-02 9.992470e-01 7.388647e-03 -1.130669e+01 -1.324637e-01 -1.237797e-02 9.911106e-01 1.801007e+02
9.878898e-01 3.833678e-02 1.503465e-01 -1.354444e+02 -3.885618e-02 9.992447e-01 5.174872e-04 -1.131347e+01 -1.502131e-01 -6.353111e-03 9.886332e-01 1.814433e+02
9.850696e-01 3.957942e-02 1.675451e-01 -1.352135e+02 -3.931958e-02 9.992148e-01 -4.869268e-03 -1.133419e+01 -1.676062e-01 -1.791233e-03 9.858524e-01 1.828848e+02
