1.000000e+00 0.000000e+00 0.000000e+00 0.000000e+00 0.000000e+00 1.000000e+00 0.000000e+00 0.000000e+00 0.000000e+00 0.000000e+00 1.000000e+00 0.000000e+00
9.998738e-01 1.896044e-03 1.577508e-02 1.285978e-02 -1.878584e-03 9.999976e-01 -1.121593e-03 -2.389864e-03 -1.577717e-02 1.091817e-03 9.998749e-01 1.302806e-01
9.992967e-01 4.808952e-03 3.718828e-02 2.882951e-02 -4.786563e-03 9.999883e-01 -6.910665e-04 -2.542965e-03 -3.719117e-02 5.125764e-04 9.993080e-01 2.850288e-01
9.978935e-01 6.515841e-03 6.454539e-02 5.745616e-02 -6.572617e-03 9.999782e-01 6.673153e-04 -2.704382e-03 -6.453963e-02 -1.090142e-03 9.979146e-01 4.527459e-01
9.951133e-01 5.937820e-03 9.856110e-02 1.037967e-01 -6.260627e-03 9.999760e-01 2.966233e-03 -3.780508e-03 -9.854112e-02 -3.568792e-03 9.951266e-01 6.273382e-01
9.906121e-01 2.819529e-03 1.366739e-01 1.676625e-01 -3.510174e-03 9.999822e-01 4.812492e-03 -1.070623e-03 -1.366579e-01 -5.247062e-03 9.906044e-01 8.133200e-01
9.843788e-01 -3.220197e-05 1.760634e-01 2.427252e-01 -9.319875e-04 9.999850e-01 5.393683e-03 -8.789850e-03 -1.760610e-01 -5.473515e-03 9.843640e-01 1.007097e+00
9.756435e-01 5.493097e-05 2.193624e-01 3.220972e-01 -1.516270e-03 9.999778e-01 6.493407e-03 -1.080033e-02 -2.193572e-01 -6.667863e-03 9.756218e-01 1.173380e+00
9.635565e-01 4.190591e-04 2.675047e-01 4.191380e-01 -3.019255e-03 9.999521e-01 9.308932e-03 -1.010480e-02 -2.674880e-01 -9.777347e-03 9.635116e-01 1.385502e+00
9.490901e-01 -3.108461e-03 3.149894e-01 5.441908e-01 -2.216683e-03 9.998606e-01 1.654615e-02 -1.485712e-02 -3.149969e-01 -1.640202e-02 9.489509e-01 1.607698e+00
9.322062e-01 -1.217685e-02 3.617227e-01 6.788927e-01 3.680723e-03 9.997011e-01 2.416772e-02 -1.071734e-02 -3.619089e-01 -2.119789e-02 9.319724e-01 1.801605e+00
9.106413e-01 -1.754820e-02 4.128251e-01 8.199564e-01 6.292326e-03 9.995708e-01 2.860926e-02 -1.600219e-02 -4.131500e-01 -2.345514e-02 9.103609e-01 2.025233e+00
8.854156e-01 -1.885718e-02 4.644176e-01 1.001433e+00 4.332912e-03 9.994681e-01 3.232162e-02 -7.653705e-03 -4.647801e-01 -2.660578e-02 8.850263e-01 2.256165e+00
8.569303e-01 -2.114436e-02 5.149984e-01 1.140254e+00 2.383114e-03 9.993101e-01 3.706343e-02 -1.338013e-02 -5.154268e-01 -3.053347e-02 8.563895e-01 2.436698e+00
8.243335e-01 -2.563380e-02 5.655237e-01 1.333701e+00 2.842315e-03 9.991491e-01 4.114588e-02 -9.380125e-03 -5.660973e-01 -3.231053e-02 8.237050e-01 2.649335e+00
7.880154e-01 -3.106838e-02 6.148711e-01 1.544940e+00 4.796913e-03 9.990054e-01 4.433032e-02 -4.485918e-03 -6.156369e-01 -3.198349e-02 7.873806e-01 2.858741e+00
7.497547e-01 -3.578551e-02 6.607475e-01 1.778017e+00 5.798882e-03 9.988536e-01 4.751701e-02 -1.514923e-02 -6.616905e-01 -3.179450e-02 7.491027e-01 3.057379e+00
7.094654e-01 -3.851444e-02 7.036870e-01 2.058347e+00 6.536192e-03 9.988222e-01 4.807802e-02 4.257244e-03 -7.047099e-01 -2.951026e-02 7.088816e-01 3.281388e+00
6.672340e-01 -4.005923e-02 7.437701e-01 2.348784e+00 5.232341e-03 9.987801e-01 4.910008e-02 2.096541e-02 -7.448298e-01 -2.886958e-02 6.666297e-01 3.497389e+00
6.242292e-01 -3.991102e-02 7.802211e-01 2.672307e+00 9.101642e-05 9.986979e-01 5.101405e-02 4.071942e-02 -7.812412e-01 -3.177344e-02 6.234201e-01 3.719738e+00
5.819148e-01 -4.019972e-02 8.122556e-01 3.003483e+00 -3.208116e-03 9.986563e-01 5.172332e-02 5.831484e-02 -8.132434e-01 -3.270438e-02 5.810039e-01 3.932381e+00
5.418801e-01 -4.121397e-02 8.394447e-01 3.390808e+00 -5.034179e-03 9.986199e-01 5.227862e-02 8.228894e-02 -8.404408e-01 -3.255466e-02 5.409247e-01 4.135779e+00
5.031686e-01 -4.338689e-02 8.630984e-01 3.786179e+00 -6.761718e-03 9.985107e-01 5.413583e-02 9.602948e-02 -8.641618e-01 -3.307548e-02 5.021259e-01 4.333437e+00
4.658201e-01 -4.288905e-02 8.838394e-01 4.233083e+00 -9.695854e-03 9.985173e-01 5.356401e-02 1.217619e-01 -8.848263e-01 -3.352077e-02 4.647136e-01 4.535451e+00
4.295852e-01 -4.194998e-02 9.020514e-01 4.711044e+00 -1.084074e-02 9.986088e-01 5.160309e-02 1.467046e-01 -9.029613e-01 -3.194683e-02 4.285328e-01 4.726253e+00
3.958959e-01 -4.009632e-02 9.174196e-01 5.207128e+00 -1.038036e-02 9.987870e-01 4.813199e-02 1.721739e-01 -9.182367e-01 -2.857840e-02 3.949995e-01 4.914145e+00
3.664745e-01 -3.868696e-02 9.296235e-01 5.730513e+00 -7.733989e-03 9.989740e-01 4.462192e-02 1.911439e-01 -9.303960e-01 -2.354249e-02 3.657993e-01 5.087447e+00
3.407867e-01 -3.656589e-02 9.394293e-01 6.275621e+00 -6.743531e-03 9.991226e-01 4.133565e-02 2.169715e-01 -9.401165e-01 -2.042171e-02 3.402411e-01 5.274526e+00
3.210130e-01 -3.626484e-02 9.463802e-01 6.866362e+00 -4.899185e-03 9.991897e-01 3.995028e-02 2.347866e-01 -9.470621e-01 -1.746105e-02 3.205752e-01 5.446975e+00
3.063215e-01 -3.671118e-02 9.512200e-01 7.484941e+00 -3.846001e-03 9.992002e-01 3.980145e-02 2.624057e-01 -9.519203e-01 -1.585043e-02 3.059353e-01 5.633722e+00
2.950313e-01 -3.844981e-02 9.547136e-01 8.122869e+00 -2.922836e-03 9.991490e-01 4.114261e-02 2.764618e-01 -9.554831e-01 -1.492883e-02 2.946678e-01 5.824016e+00
2.840548e-01 -4.038436e-02 9.579572e-01 8.758163e+00 -4.415693e-03 9.990469e-01 4.342591e-02 2.972394e-01 -9.587979e-01 -1.656538e-02 2.836057e-01 6.015667e+00
2.731683e-01 -4.494064e-02 9.609159e-01 9.451740e+00 -4.283678e-03 9.988414e-01 4.793211e-02 3.070200e-01 -9.619567e-01 -1.720979e-02 2.726592e-01 6.238520e+00
2.631310e-01 -4.686527e-02 9.636211e-01 1.015111e+01 -4.947167e-03 9.987407e-01 4.992420e-02 3.351795e-01 -9.647474e-01 -1.790380e-02 2.625678e-01 6.429479e+00
2.529316e-01 -4.851229e-02 9.662671e-01 1.087276e+01 -6.426685e-03 9.986358e-01 5.181965e-02 3.687322e-01 -9.674628e-01 -1.931672e-02 2.522748e-01 6.621491e+00
2.425339e-01 -4.984257e-02 9.688617e-01 1.160860e+01 -6.813694e-03 9.985672e-01 5.307642e-02 4.028684e-01 -9.701190e-01 -1.947436e-02 2.418468e-01 6.805327e+00
2.320732e-01 -5.121667e-02 9.713490e-01 1.237837e+01 -6.620289e-03 9.985065e-01 5.423033e-02 4.371099e-01 -9.726758e-01 -1.901602e-02 2.313876e-01 6.987002e+00
2.214411e-01 -5.399514e-02 9.736778e-01 1.315990e+01 -8.110041e-03 9.983294e-01 5.720664e-02 4.708729e-01 -9.751400e-01 -2.056447e-02 2.206332e-01 7.168659e+00
2.096381e-01 -5.746951e-02 9.760887e-01 1.394361e+01 -9.832473e-03 9.980968e-01 6.087705e-02 5.105641e-01 -9.777296e-01 -2.235952e-02 2.086741e-01 7.347140e+00
1.973221e-01 -6.131007e-02 9.784197e-01 1.472458e+01 -1.089236e-02 9.978437e-01 6.472393e-02 5.433189e-01 -9.802782e-01 -2.342876e-02 1.962288e-01 7.509720e+00
1.839340e-01 -6.363685e-02 9.808764e-01 1.550919e+01 -1.228663e-02 9.976752e-01 6.703071e-02 5.760055e-01 -9.828618e-01 -2.438090e-02 1.827245e-01 7.668929e+00
1.694331e-01 -6.402578e-02 9.834598e-01 1.630119e+01 -1.269550e-02 9.976630e-01 6.713766e-02 6.184608e-01 -9.854599e-01 -2.386086e-02 1.682243e-01 7.812049e+00
1.554725e-01 -6.308757e-02 9.858236e-01 1.711619e+01 -1.421416e-02 9.977124e-01 6.609008e-02 6.540480e-01 -9.877380e-01 -2.428784e-02 1.542201e-01 7.932201e+00
1.391917e-01 -6.217145e-02 9.883119e-01 1.794971e+01 -1.478582e-02 9.977855e-01 6.484981e-02 6.918543e-01 -9.901550e-01 -2.363956e-02 1.379642e-01 8.039419e+00
1.189235e-01 -6.085302e-02 9.910369e-01 1.876017e+01 -1.737053e-02 9.978399e-01 6.335519e-02 7.211166e-01 -9.927515e-01 -2.474926e-02 1.176096e-01 8.137898e+00
9.318279e-02 -5.965833e-02 9.938601e-01 1.960026e+01 -2.216975e-02 9.978314e-01 6.197532e-02 7.548617e-01 -9.954022e-01 -2.780866e-02 9.165811e-02 8.218677e+00
6.272601e-02 -5.867301e-02 9.963046e-01 2.045279e+01 -2.625233e-02 9.978280e-01 6.041553e-02 8.009756e-01 -9.976854e-01 -2.994495e-02 6.104946e-02 8.269105e+00
2.958963e-02 -5.872167e-02 9.978358e-01 2.129970e+01 -2.911179e-02 9.977988e-01 5.958276e-02 8.334785e-01 -9.991381e-01 -3.081181e-02 2.781501e-02 8.293192e+00
-4.434065e-03 -5.800987e-02 9.983062e-01 2.213642e+01 -3.060832e-02 9.978561e-01 5.784776e-02 8.673359e-01 -9.995216e-01 -3.029997e-02 -6.200143e-03 8.282190e+00
-3.845370e-02 -5.655747e-02 9.976586e-01 2.298830e+01 -3.118898e-02 9.979784e-01 5.537346e-02 8.999036e-01 -9.987735e-01 -2.898663e-02 -4.013994e-02 8.245176e+00
-7.124995e-02 -5.441140e-02 9.959733e-01 2.385655e+01 -3.385019e-02 9.980678e-01 5.210425e-02 9.359748e-01 -9.968839e-01 -3.000146e-02 -7.295412e-02 8.175123e+00
-1.035819e-01 -5.148552e-02 9.932875e-01 2.471416e+01 -3.665447e-02 9.981785e-01 4.791665e-02 9.652355e-01 -9.939453e-01 -3.144513e-02 -1.052804e-01 8.082343e+00
-1.365155e-01 -4.781234e-02 9.894835e-01 2.561503e+01 -3.339820e-02 9.984889e-01 4.363966e-02 9.683491e-01 -9.900748e-01 -2.708948e-02 -1.379060e-01 7.935275e+00
-1.678085e-01 -4.161585e-02 9.849408e-01 2.644300e+01 -2.769979e-02 9.989131e-01 3.748688e-02 9.868915e-01 -9.854304e-01 -2.099204e-02 -1.687789e-01 7.774240e+00
-1.983527e-01 -3.565310e-02 9.794821e-01 2.729836e+01 -2.241097e-02 9.992419e-01 3.183396e-02 9.972585e-01 -9.798744e-01 -1.563679e-02 -1.990014e-01 7.590576e+00
-2.273156e-01 -2.996964e-02 9.733599e-01 2.809543e+01 -1.632036e-02 9.995032e-01 2.696318e-02 1.002135e+00 -9.736844e-01 -9.756433e-03 -2.276918e-01 7.392930e+00
-2.548797e-01 -2.380736e-02 9.666796e-01 2.895073e+01 -8.006977e-03 9.997146e-01 2.250979e-02 1.008575e+00 -9.669396e-01 -2.002894e-03 -2.549976e-01 7.145465e+00
-2.809179e-01 -1.370792e-02 9.596339e-01 2.974348e+01 -2.071583e-03 9.999043e-01 1.367674e-02 9.968731e-01 -9.597296e-01 1.854079e-03 -2.809194e-01 6.893350e+00
-3.065425e-01 1.966139e-03 9.518549e-01 3.055412e+01 2.587859e-03 9.999959e-01 -1.232164e-03 9.832755e-01 -9.518535e-01 2.085556e-03 -3.065463e-01 6.625904e+00
-3.309771e-01 1.926810e-02 9.434420e-01 3.130463e+01 3.576486e-03 9.998099e-01 -1.916461e-02 9.682326e-01 -9.436320e-01 -2.968841e-03 -3.309831e-01 6.354622e+00
-3.561949e-01 3.400676e-02 9.337927e-01 3.206523e+01 3.432664e-03 9.993784e-01 -3.508586e-02 9.346983e-01 -9.344054e-01 -9.292010e-03 -3.560902e-01 6.059946e+00
-3.808326e-01 4.448830e-02 9.235731e-01 3.282541e+01 7.203314e-03 9.989543e-01 -4.514913e-02 8.932490e-01 -9.246159e-01 -1.054147e-02 -3.807548e-01 5.748545e+00
-4.038972e-01 4.898061e-02 9.134921e-01 3.359515e+01 1.107450e-02 9.987542e-01 -4.865573e-02 8.414875e-01 -9.147373e-01 -9.535440e-03 -4.039365e-01 5.394721e+00
-4.263553e-01 4.845899e-02 9.032568e-01 3.433246e+01 1.507569e-02 9.988059e-01 -4.646909e-02 7.757800e-01 -9.044302e-01 -6.195120e-03 -4.265768e-01 5.030899e+00
-4.467642e-01 4.395807e-02 8.935711e-01 3.508385e+01 1.754680e-02 9.990306e-01 -4.037303e-02 7.293334e-01 -8.944796e-01 -2.357911e-03 -4.471025e-01 4.656712e+00
-4.641654e-01 4.214598e-02 8.847453e-01 3.580148e+01 2.418374e-02 9.990979e-01 -3.490575e-02 6.779103e-01 -8.854184e-01 5.194412e-03 -4.647659e-01 4.245692e+00
-4.779610e-01 4.239471e-02 8.773574e-01 3.649560e+01 2.603777e-02 9.990795e-01 -3.409174e-02 6.340972e-01 -8.779951e-01 6.549903e-03 -4.786249e-01 3.861052e+00
-4.890439e-01 4.643400e-02 8.710223e-01 3.720475e+01 2.950572e-02 9.988912e-01 -3.668439e-02 5.912029e-01 -8.717600e-01 7.759862e-03 -4.898717e-01 3.450036e+00
-4.993448e-01 4.854274e-02 8.650424e-01 3.794054e+01 2.988969e-02 9.988000e-01 -3.879489e-02 5.385772e-01 -8.658876e-01 6.483820e-03 -5.001966e-01 3.035848e+00
-5.098842e-01 4.804066e-02 8.589005e-01 3.858673e+01 2.441787e-02 9.988454e-01 -4.137255e-02 4.925290e-01 -8.598964e-01 -1.226849e-04 -5.104685e-01 2.657390e+00
-5.213817e-01 4.637665e-02 8.520623e-01 3.928569e+01 2.370726e-02 9.989238e-01 -3.986353e-02 4.376268e-01 -8.529941e-01 -5.840579e-04 -5.219201e-01 2.247775e+00
-5.297602e-01 4.762700e-02 8.468092e-01 4.001468e+01 2.599380e-02 9.988648e-01 -3.991744e-02 3.788288e-01 -8.477491e-01 8.651175e-04 -5.303968e-01 1.784326e+00
-5.378898e-01 5.042733e-02 8.415056e-01 4.066944e+01 2.875852e-02 9.987260e-01 -4.146635e-02 3.380461e-01 -8.425245e-01 1.896130e-03 -5.386547e-01 1.392123e+00
-5.414042e-01 5.299973e-02 8.390902e-01 4.136451e+01 2.950891e-02 9.985941e-01 -4.403456e-02 2.900706e-01 -8.402444e-01 9.201416e-04 -5.422071e-01 9.437737e-01
-5.410076e-01 5.566647e-02 8.391734e-01 4.206684e+01 3.017847e-02 9.984494e-01 -4.677623e-02 2.433090e-01 -8.404760e-01 1.867641e-05 -5.418487e-01 4.873544e-01
-5.376565e-01 5.599696e-02 8.413025e-01 4.278653e+01 3.292288e-02 9.984255e-01 -4.541482e-02 1.869427e-01 -8.425210e-01 3.280534e-03 -5.386536e-01 3.015940e-02
-5.322180e-01 5.482918e-02 8.448300e-01 4.353631e+01 3.192893e-02 9.984906e-01 -4.468742e-02 1.248802e-01 -8.460050e-01 3.191072e-03 -5.331653e-01 -4.222851e-01
-5.249443e-01 5.365397e-02 8.494438e-01 4.430682e+01 2.987562e-02 9.985577e-01 -4.460983e-02 7.794712e-02 -8.506121e-01 1.959980e-03 -5.257901e-01 -9.100499e-01
-5.181853e-01 5.277038e-02 8.536389e-01 4.509118e+01 2.750517e-02 9.986067e-01 -4.503553e-02 2.795330e-02 -8.548260e-01 1.427342e-04 -5.189147e-01 -1.363499e+00
-5.119254e-01 5.098958e-02 8.575153e-01 4.588138e+01 2.438798e-02 9.986971e-01 -4.482523e-02 -2.445998e-02 -8.586836e-01 -2.034111e-03 -5.125020e-01 -1.824202e+00
-5.077102e-01 4.873071e-02 8.601486e-01 4.668358e+01 1.999034e-02 9.987966e-01 -4.478617e-02 -7.021967e-02 -8.612959e-01 -5.543728e-03 -5.080733e-01 -2.285856e+00
-5.071161e-01 4.549460e-02 8.606762e-01 4.751660e+01 1.573567e-02 9.989281e-01 -4.353092e-02 -1.337186e-01 -8.617341e-01 -8.531915e-03 -5.072885e-01 -2.744602e+00
-5.081142e-01 4.261973e-02 8.602346e-01 4.835948e+01 1.192912e-02 9.990274e-01 -4.244995e-02 -1.842244e-01 -8.612071e-01 -1.130758e-02 -5.081284e-01 -3.220622e+00
-5.094519e-01 4.148972e-02 8.594983e-01 4.918089e+01 1.107245e-02 9.990703e-01 -4.166415e-02 -2.369241e-01 -8.604279e-01 -1.170913e-02 -5.094377e-01 -3.692985e+00
-5.098136e-01 4.049847e-02 8.593311e-01 5.006643e+01 1.097883e-02 9.991162e-01 -4.057286e-02 -2.962524e-01 -8.602148e-01 -1.125014e-02 -5.098077e-01 -4.208114e+00
-5.099761e-01 3.995014e-02 8.592604e-01 5.092501e+01 1.092247e-02 9.991412e-01 -3.997116e-02 -3.457023e-01 -8.601192e-01 -1.099909e-02 -5.099744e-01 -4.712768e+00
-5.093613e-01 3.945432e-02 8.596478e-01 5.190252e+01 1.299167e-02 9.991872e-01 -3.816073e-02 -4.212617e-01 -8.604547e-01 -8.269338e-03 -5.094599e-01 -5.328679e+00
-5.097061e-01 3.868118e-02 8.594786e-01 5.280709e+01 1.247813e-02 9.992161e-01 -3.757007e-02 -4.936578e-01 -8.602581e-01 -8.425006e-03 -5.097892e-01 -5.841006e+00
-5.098334e-01 3.726096e-02 8.594658e-01 5.365317e+01 1.159772e-02 9.992685e-01 -3.644216e-02 -5.459776e-01 -8.601950e-01 -8.611588e-03 -5.098926e-01 -6.342765e+00
-5.096500e-01 3.742094e-02 8.595677e-01 5.456202e+01 1.278906e-02 9.992728e-01 -3.592012e-02 -6.023319e-01 -8.602868e-01 -7.313624e-03 -5.097579e-01 -6.879340e+00
-5.092608e-01 3.677787e-02 8.598260e-01 5.543036e+01 1.154439e-02 9.992885e-01 -3.590563e-02 -6.572744e-01 -8.605348e-01 -8.359159e-03 -5.093231e-01 -7.381726e+00
-5.083732e-01 3.474624e-02 8.604355e-01 5.630688e+01 1.014423e-02 9.993579e-01 -3.436269e-02 -7.141694e-01 -8.610771e-01 -8.740612e-03 -5.083993e-01 -7.888163e+00
-5.068983e-01 3.202761e-02 8.614107e-01 5.723077e+01 9.856041e-03 9.994596e-01 -3.136052e-02 -7.786456e-01 -8.619496e-01 -7.406495e-03 -5.069399e-01 -8.406500e+00
-5.048178e-01 3.074848e-02 8.626781e-01 5.809901e+01 9.525513e-03 9.995030e-01 -3.005124e-02 -8.259614e-01 -8.631734e-01 -6.952951e-03 -5.048597e-01 -8.887793e+00
-5.020376e-01 3.019064e-02 8.643187e-01 5.900028e+01 9.731973e-03 9.995244e-01 -2.926058e-02 -8.840671e-01 -8.647910e-01 -6.278384e-03 -5.020927e-01 -9.409594e+00
-5.000548e-01 3.063316e-02 8.654518e-01 5.989278e+01 1.021527e-02 9.995133e-01 -2.947600e-02 -9.321709e-01 -8.659335e-01 -5.898792e-03 -5.001243e-01 -9.917418e+00
-4.994403e-01 3.072491e-02 8.658033e-01 6.076181e+01 1.034375e-02 9.995112e-01 -2.950301e-02 -9.907206e-01 -8.662866e-01 -5.779334e-03 -4.995139e-01 -1.040672e+01
-4.998788e-01 3.235468e-02 8.654908e-01 6.161673e+01 9.556918e-03 9.994472e-01 -3.184262e-02 -1.032789e+00 -8.660426e-01 -7.646028e-03 -4.999117e-01 -1.091241e+01
-5.022671e-01 3.441438e-02 8.640274e-01 6.250531e+01 8.434870e-03 9.993552e-01 -3.490125e-02 -1.086395e+00 -8.646714e-01 -1.024179e-02 -5.022335e-01 -1.143196e+01
-5.073946e-01 3.474734e-02 8.610130e-01 6.337223e+01 7.055229e-03 9.993207e-01 -3.617129e-02 -1.137490e+00 -8.616850e-01 -1.227847e-02 -5.072950e-01 -1.192083e+01
-5.119193e-01 3.450340e-02 8.583403e-01 6.417821e+01 8.959032e-03 9.993532e-01 -3.482858e-02 -1.168327e+00 -8.589868e-01 -1.013953e-02 -5.118973e-01 -1.244347e+01
-5.173779e-01 3.185172e-02 8.551641e-01 6.504063e+01 1.054165e-02 9.994684e-01 -3.084878e-02 -1.231555e+00 -8.556921e-01 -6.945633e-03 -5.174386e-01 -1.296594e+01
-5.223843e-01 2.897120e-02 8.522179e-01 6.589250e+01 7.715940e-03 9.995424e-01 -2.924987e-02 -1.290266e+00 -8.526753e-01 -8.704009e-03 -5.223687e-01 -1.348989e+01
-5.278442e-01 3.241066e-02 8.487226e-01 6.673560e+01 9.599743e-03 9.994355e-01 -3.219567e-02 -1.338715e+00 -8.492870e-01 -8.846778e-03 -5.278574e-01 -1.400285e+01
-5.346166e-01 3.432427e-02 8.443974e-01 6.770014e+01 9.835363e-03 9.993598e-01 -3.439630e-02 -1.407267e+00 -8.450375e-01 -1.008388e-02 -5.346120e-01 -1.444608e+01
-5.395812e-01 3.509244e-02 8.412020e-01 6.854243e+01 8.455270e-03 9.993064e-01 -3.626454e-02 -1.464048e+00 -8.418911e-01 -1.245507e-02 -5.395036e-01 -1.496454e+01
-5.425828e-01 3.582908e-02 8.392379e-01 6.936987e+01 8.372121e-03 9.992710e-01 -3.724855e-02 -1.514752e+00 -8.399606e-01 -1.318422e-02 -5.424872e-01 -1.551217e+01
-5.464427e-01 3.479190e-02 8.367735e-01 7.018232e+01 8.830929e-03 9.993206e-01 -3.578348e-02 -1.570589e+00 -8.374499e-01 -1.216414e-02 -5.463787e-01 -1.602289e+01
-5.489005e-01 2.789877e-02 8.354220e-01 7.096681e+01 1.041630e-02 9.995936e-01 -2.653739e-02 -1.626170e+00 -8.358228e-01 -5.864380e-03 -5.489680e-01 -1.652395e+01
-5.528115e-01 1.804949e-02 8.331108e-01 7.174761e+01 8.725359e-03 9.998360e-01 -1.587190e-02 -1.682295e+00 -8.332607e-01 -1.504980e-03 -5.528783e-01 -1.697187e+01
-5.553626e-01 1.668682e-02 8.314409e-01 7.253560e+01 9.861785e-03 9.998605e-01 -1.347976e-02 -1.720197e+00 -8.315499e-01 7.133360e-04 -5.554497e-01 -1.744611e+01
-5.572936e-01 2.111106e-02 8.300471e-01 7.334088e+01 8.931871e-03 9.997713e-01 -1.943090e-02 -1.744293e+00 -8.302675e-01 -3.414841e-03 -5.573547e-01 -1.795030e+01
-5.578421e-01 2.738652e-02 8.294951e-01 7.415134e+01 9.918378e-03 9.996040e-01 -2.633263e-02 -1.776002e+00 -8.298878e-01 -6.462207e-03 -5.578929e-01 -1.851958e+01
-5.577650e-01 3.141996e-02 8.294040e-01 7.496476e+01 1.502858e-02 9.995017e-01 -2.775714e-02 -1.805839e+00 -8.298628e-01 -3.017195e-03 -5.579593e-01 -1.909368e+01
-5.584518e-01 3.249945e-02 8.289001e-01 7.571241e+01 1.939418e-02 9.994707e-01 -2.612081e-02 -1.865777e+00 -8.293102e-01 1.488622e-03 -5.587865e-01 -1.956858e+01
-5.580303e-01 2.916101e-02 8.293080e-01 7.651139e+01 1.784399e-02 9.995729e-01 -2.314106e-02 -1.903311e+00 -8.296287e-01 1.884746e-03 -5.583124e-01 -2.010304e+01
-5.575325e-01 2.433030e-02 8.297985e-01 7.731275e+01 1.633853e-02 9.996984e-01 -1.833421e-02 -1.933075e+00 -8.299943e-01 3.335767e-03 -5.577619e-01 -2.063453e+01
-5.566299e-01 1.749397e-02 8.305764e-01 7.809780e+01 1.257572e-02 9.998412e-01 -1.263119e-02 -1.966782e+00 -8.306654e-01 3.414198e-03 -5.567614e-01 -2.114996e+01
-5.568467e-01 1.180673e-02 8.305314e-01 7.888295e+01 5.747015e-03 9.999298e-01 -1.036167e-02 -2.012372e+00 -8.305954e-01 -9.967857e-04 -5.568754e-01 -2.163400e+01
-5.581318e-01 5.328308e-03 8.297352e-01 7.967818e+01 -2.553388e-03 9.999636e-01 -8.139032e-03 -2.049358e+00 -8.297484e-01 -6.661289e-03 -5.580979e-01 -2.207387e+01
-5.563430e-01 6.097865e-03 8.309304e-01 8.044879e+01 1.944845e-03 9.999799e-01 -6.036296e-03 -2.088780e+00 -8.309505e-01 -1.742220e-03 -5.563437e-01 -2.257863e+01
-5.534449e-01 9.460027e-03 8.328321e-01 8.123377e+01 5.811159e-03 9.999550e-01 -7.496644e-03 -2.114488e+00 -8.328655e-01 6.907413e-04 -5.534749e-01 -2.309871e+01
-5.488896e-01 1.314503e-02 8.357915e-01 8.198303e+01 7.790057e-03 9.999133e-01 -1.061031e-02 -2.122128e+00 -8.358585e-01 6.869730e-04 -5.489445e-01 -2.356777e+01
-5.409726e-01 1.585200e-02 8.408908e-01 8.276714e+01 1.322643e-02 9.998591e-01 -1.033979e-02 -2.146335e+00 -8.409362e-01 5.528438e-03 -5.411060e-01 -2.407980e+01
-5.326722e-01 1.962579e-02 8.460941e-01 8.354856e+01 2.068916e-02 9.997343e-01 -1.016440e-02 -2.165263e+00 -8.460687e-01 1.209069e-02 -5.329367e-01 -2.458703e+01
-5.230156e-01 1.847216e-02 8.521229e-01 8.436967e+01 1.756404e-02 9.997864e-01 -1.089273e-02 -2.188100e+00 -8.521421e-01 9.269654e-03 -5.232283e-01 -2.508364e+01
-5.124023e-01 1.573126e-02 8.586014e-01 8.518311e+01 1.481287e-02 9.998453e-01 -9.478994e-03 -2.217004e+00 -8.586177e-01 7.861294e-03 -5.125561e-01 -2.555626e+01
-5.007402e-01 1.231859e-02 8.655099e-01 8.598154e+01 1.529856e-02 9.998685e-01 -5.379905e-03 -2.246483e+00 -8.654624e-01 1.054712e-02 -5.008628e-01 -2.601709e+01
-4.897601e-01 1.174126e-02 8.717782e-01 8.678217e+01 1.473424e-02 9.998780e-01 -5.188920e-03 -2.266059e+00 -8.717327e-01 1.030366e-02 -4.898733e-01 -2.646089e+01
-4.778106e-01 1.117497e-02 8.783918e-01 8.756862e+01 1.558488e-02 9.998695e-01 -4.242855e-03 -2.283850e+00 -8.783246e-01 1.166235e-02 -4.779224e-01 -2.688395e+01
-4.661747e-01 1.207046e-02 8.846104e-01 8.838122e+01 1.759993e-02 9.998356e-01 -4.367842e-03 -2.310324e+00 -8.845176e-01 1.353290e-02 -4.663104e-01 -2.730055e+01
-4.544134e-01 1.633342e-02 8.906412e-01 8.917079e+01 1.754718e-02 9.998020e-01 -9.382579e-03 -2.331163e+00 -8.906181e-01 1.136467e-02 -4.546100e-01 -2.769637e+01
-4.421263e-01 2.774262e-02 8.965237e-01 8.998820e+01 2.500736e-02 9.995143e-01 -1.859709e-02 -2.355050e+00 -8.966041e-01 1.419742e-02 -4.426053e-01 -2.811181e+01
-4.296221e-01 3.223565e-02 9.024332e-01 9.078271e+01 2.522329e-02 9.994011e-01 -2.369135e-02 -2.385392e+00 -9.026564e-01 1.258400e-02 -4.301779e-01 -2.848441e+01
-4.182788e-01 2.860702e-02 9.078681e-01 9.161313e+01 2.272143e-02 9.995207e-01 -2.102664e-02 -2.415813e+00 -9.080344e-01 1.183306e-02 -4.187283e-01 -2.885819e+01
-4.073974e-01 2.486625e-02 9.129124e-01 9.241144e+01 2.077163e-02 9.996229e-01 -1.795852e-02 -2.447232e+00 -9.130147e-01 1.164642e-02 -4.077604e-01 -2.919649e+01
-3.974594e-01 2.530177e-02 9.172708e-01 9.320333e+01 1.687096e-02 9.996523e-01 -2.026387e-02 -2.478175e+00 -9.174646e-01 7.421172e-03 -3.977481e-01 -2.954162e+01
-3.907400e-01 2.976610e-02 9.200197e-01 9.400809e+01 1.258608e-02 9.995564e-01 -2.699400e-02 -2.517086e+00 -9.204150e-01 1.031809e-03 -3.909413e-01 -2.986748e+01
-3.857483e-01 3.433993e-02 9.219648e-01 9.494016e+01 6.277602e-03 9.993817e-01 -3.459689e-02 -2.562635e+00 -9.225827e-01 -7.557965e-03 -3.857253e-01 -3.023968e+01
-3.814208e-01 3.466960e-02 9.237512e-01 9.580933e+01 1.602422e-04 9.992989e-01 -3.743884e-02 -2.602593e+00 -9.244015e-01 -1.413193e-02 -3.811589e-01 -3.060649e+01
-3.782313e-01 3.434240e-02 9.250739e-01 9.665311e+01 -1.395854e-03 9.992893e-01 -3.766830e-02 -2.650785e+00 -9.257101e-01 -1.553860e-02 -3.779146e-01 -3.093874e+01
-3.731383e-01 3.415960e-02 9.271467e-01 9.750401e+01 -1.840066e-03 9.992927e-01 -3.755828e-02 -2.703513e+00 -9.277739e-01 -1.572045e-02 -3.728116e-01 -3.127390e+01
-3.672484e-01 3.002856e-02 9.296381e-01 9.830930e+01 -3.541655e-03 9.994263e-01 -3.368193e-02 -2.752617e+00 -9.301162e-01 -1.566209e-02 -3.669313e-01 -3.158581e+01
-3.620676e-01 2.638455e-02 9.317784e-01 9.916446e+01 -3.479727e-03 9.995541e-01 -2.965585e-02 -2.796739e+00 -9.321454e-01 -1.397976e-02 -3.618143e-01 -3.190672e+01
-3.569382e-01 2.310994e-02 9.338421e-01 1.000195e+02 -7.069052e-03 9.995985e-01 -2.743920e-02 -2.837043e+00 -9.341012e-01 -1.639548e-02 -3.566315e-01 -3.220307e+01
-3.517652e-01 2.075420e-02 9.358582e-01 1.008582e+02 -1.614811e-02 9.994709e-01 -2.823457e-02 -2.881158e+00 -9.359490e-01 -2.504428e-02 -3.512439e-01 -3.248099e+01
-3.462425e-01 2.005449e-02 9.379306e-01 1.017476e+02 -2.522120e-02 9.992111e-01 -3.067532e-02 -2.929629e+00 -9.378060e-01 -3.427683e-02 -3.454636e-01 -3.276481e+01
-3.397178e-01 2.421922e-02 9.402155e-01 1.025776e+02 -2.368308e-02 9.991311e-01 -3.429399e-02 -2.976721e+00 -9.402292e-01 -3.391748e-02 -3.388490e-01 -3.305428e+01
-3.327106e-01 2.725220e-02 9.426351e-01 1.034078e+02 -2.234742e-02 9.990738e-01 -3.677157e-02 -3.022312e+00 -9.427642e-01 -3.329976e-02 -3.317934e-01 -3.334615e+01
-3.259568e-01 2.546995e-02 9.450415e-01 1.042551e+02 -2.324028e-02 9.991190e-01 -3.494327e-02 -3.060539e+00 -9.450990e-01 -3.335303e-02 -3.250777e-01 -3.363303e+01
-3.194190e-01 2.045872e-02 9.473927e-01 1.051082e+02 -2.409812e-02 9.992682e-01 -2.970378e-02 -3.108975e+00 -9.473071e-01 -3.231833e-02 -3.186922e-01 -3.390090e+01
-3.116711e-01 1.799487e-02 9.500197e-01 1.059283e+02 -2.574935e-02 9.992935e-01 -2.737573e-02 -3.146457e+00 -9.498411e-01 -3.299462e-02 -3.109876e-01 -3.418021e+01
-3.054371e-01 2.127742e-02 9.519745e-01 1.067835e+02 -2.765743e-02 9.991302e-01 -3.120516e-02 -3.183272e+00 -9.518105e-01 -3.586038e-02 -3.045830e-01 -3.444627e+01
-2.990381e-01 2.370790e-02 9.539467e-01 1.076031e+02 -2.654861e-02 9.990976e-01 -3.315233e-02 -3.236992e+00 -9.538718e-01 -3.523977e-02 -2.981388e-01 -3.469915e+01
-2.924023e-01 2.325235e-02 9.560127e-01 1.084057e+02 -3.020306e-02 9.989811e-01 -3.353523e-02 -3.294674e+00 -9.558183e-01 -3.868029e-02 -2.914021e-01 -3.493675e+01
-2.859921e-01 2.208176e-02 9.579775e-01 1.092918e+02 -3.309624e-02 9.989103e-01 -3.290575e-02 -3.339098e+00 -9.576603e-01 -4.111624e-02 -2.849497e-01 -3.519471e+01
-2.781335e-01 2.210787e-02 9.602880e-01 1.101338e+02 -2.880246e-02 9.990936e-01 -3.134348e-02 -3.377662e+00 -9.601105e-01 -3.637633e-02 -2.772447e-01 -3.542644e+01
-2.706684e-01 2.311649e-02 9.623951e-01 1.110207e+02 -2.607778e-02 9.991687e-01 -3.133402e-02 -3.424858e+00 -9.623194e-01 -3.357826e-02 -2.698406e-01 -3.567080e+01
-2.642369e-01 2.348126e-02 9.641719e-01 1.118631e+02 -2.519320e-02 9.991944e-01 -3.123853e-02 -3.466022e+00 -9.641287e-01 -3.254495e-02 -2.634325e-01 -3.589826e+01
-2.576661e-01 2.181244e-02 9.659878e-01 1.126586e+02 -3.210832e-02 9.989997e-01 -3.112238e-02 -3.504942e+00 -9.657004e-01 -3.903543e-02 -2.567080e-01 -3.608714e+01
-2.522006e-01 1.944375e-02 9.674796e-01 1.134459e+02 -3.695199e-02 9.988754e-01 -2.970729e-02 -3.548606e+00 -9.669692e-01 -4.324249e-02 -2.511985e-01 -3.626309e+01
-2.470552e-01 1.986592e-02 9.687977e-01 1.143792e+02 -3.395204e-02 9.989985e-01 -2.914339e-02 -3.587717e+00 -9.684064e-01 -4.009269e-02 -2.461333e-01 -3.650671e+01
-2.429273e-01 1.968982e-02 9.698446e-01 1.152017e+02 -3.220125e-02 9.990793e-01 -2.834913e-02 -3.649518e+00 -9.695099e-01 -3.811698e-02 -2.420696e-01 -3.668845e+01
-2.385826e-01 2.074935e-02 9.709005e-01 1.160656e+02 -3.161899e-02 9.990757e-01 -2.912132e-02 -3.690049e+00 -9.706073e-01 -3.764674e-02 -2.377060e-01 -3.688650e+01
-2.327830e-01 2.038834e-02 9.723150e-01 1.169402e+02 -2.502523e-02 9.993236e-01 -2.694600e-02 -3.725171e+00 -9.722067e-01 -3.060498e-02 -2.321154e-01 -3.709044e+01
-2.275323e-01 1.962328e-02 9.735728e-01 1.178042e+02 -1.701573e-02 9.995642e-01 -2.412389e-02 -3.759425e+00 -9.736218e-01 -2.205502e-02 -2.270993e-01 -3.729358e+01
-2.229478e-01 1.894708e-02 9.746462e-01 1.186593e+02 -1.577599e-02 9.996101e-01 -2.304109e-02 -3.795818e+00 -9.747027e-01 -2.051296e-02 -2.225619e-01 -3.748306e+01
-2.185033e-01 2.086233e-02 9.756132e-01 1.195298e+02 -1.740821e-02 9.995290e-01 -2.527257e-02 -3.824033e+00 -9.756809e-01 -2.250582e-02 -2.180372e-01 -3.767153e+01
-2.150003e-01 2.248132e-02 9.763552e-01 1.203897e+02 -1.925704e-02 9.994431e-01 -2.725347e-02 -3.858653e+00 -9.764241e-01 -2.466121e-02 -2.144476e-01 -3.785165e+01
-2.138190e-01 2.132657e-02 9.766405e-01 1.212695e+02 -2.220701e-02 9.993972e-01 -2.668535e-02 -3.898721e+00 -9.766209e-01 -2.739410e-02 -2.132165e-01 -3.801611e+01
-2.124534e-01 2.064282e-02 9.769531e-01 1.221431e+02 -2.274702e-02 9.994015e-01 -2.606384e-02 -3.928672e+00 -9.769064e-01 -2.776013e-02 -2.118567e-01 -3.820806e+01
-2.119707e-01 1.620630e-02 9.771416e-01 1.230309e+02 -2.124429e-02 9.995498e-01 -2.118646e-02 -3.963263e+00 -9.770451e-01 -2.524959e-02 -2.115310e-01 -3.838683e+01
-2.106451e-01 1.057045e-02 9.775054e-01 1.239007e+02 -2.411500e-02 9.995810e-01 -1.600577e-02 -3.995636e+00 -9.772651e-01 -2.694408e-02 -2.103019e-01 -3.858068e+01
-2.091514e-01 1.061947e-02 9.778256e-01 1.247279e+02 -1.944521e-02 9.996982e-01 -1.501623e-02 -4.020179e+00 -9.776899e-01 -2.215469e-02 -2.088818e-01 -3.877074e+01
-2.080310e-01 1.577228e-02 9.779950e-01 1.255697e+02 -1.899216e-02 9.996163e-01 -2.016082e-02 -4.044333e+00 -9.779378e-01 -2.276831e-02 -2.076517e-01 -3.894249e+01
-2.079241e-01 1.898965e-02 9.779606e-01 1.263740e+02 -1.978435e-02 9.995254e-01 -2.361474e-02 -4.080094e+00 -9.779449e-01 -2.425839e-02 -2.074497e-01 -3.910196e+01
-2.082895e-01 1.759453e-02 9.779090e-01 1.272548e+02 -2.347039e-02 9.994603e-01 -2.298135e-02 -4.120553e+00 -9.777856e-01 -2.773868e-02 -2.077641e-01 -3.927464e+01
-2.078866e-01 1.717542e-02 9.780021e-01 1.281253e+02 -2.622439e-02 9.993886e-01 -2.312532e-02 -4.146944e+00 -9.778013e-01 -3.045496e-02 -2.073091e-01 -3.945247e+01
-2.075430e-01 1.834428e-02 9.780539e-01 1.289604e+02 -2.052162e-02 9.995224e-01 -2.310163e-02 -4.182348e+00 -9.780106e-01 -2.486583e-02 -2.070675e-01 -3.962301e+01
-2.064122e-01 2.048581e-02 9.782507e-01 1.298066e+02 -2.049189e-02 9.994710e-01 -2.525401e-02 -4.230312e+00 -9.782505e-01 -2.525894e-02 -2.058832e-01 -3.979546e+01
-2.072182e-01 2.077867e-02 9.780741e-01 1.306322e+02 -2.880431e-02 9.992114e-01 -2.733031e-02 -4.279506e+00 -9.778706e-01 -3.383608e-02 -2.064563e-01 -3.993486e+01
-2.069183e-01 2.200188e-02 9.781108e-01 1.314137e+02 -3.475392e-02 9.989508e-01 -2.982282e-02 -4.323082e+00 -9.777408e-01 -4.016408e-02 -2.059366e-01 -4.008166e+01
-2.072794e-01 2.523965e-02 9.779562e-01 1.321960e+02 -3.328425e-02 9.989064e-01 -3.283500e-02 -4.364956e+00 -9.777154e-01 -3.935655e-02 -2.062126e-01 -4.023147e+01
-2.068894e-01 2.631746e-02 9.780103e-01 1.330030e+02 -3.508120e-02 9.987957e-01 -3.429790e-02 -4.389095e+00 -9.777352e-01 -4.140565e-02 -2.057170e-01 -4.039578e+01
-2.061272e-01 2.684536e-02 9.781569e-01 1.337542e+02 -3.752178e-02 9.986716e-01 -3.531535e-02 -4.427161e+00 -9.778056e-01 -4.398164e-02 -2.048461e-01 -4.052868e+01
-2.043133e-01 2.625496e-02 9.785534e-01 1.344212e+02 -2.605047e-02 9.991404e-01 -3.224642e-02 -4.474623e+00 -9.785589e-01 -3.208015e-02 -2.034537e-01 -4.066014e+01
-1.998349e-01 2.370132e-02 9.795429e-01 1.353685e+02 -1.855448e-02 9.994366e-01 -2.796794e-02 -4.526556e+00 -9.796539e-01 -2.376388e-02 -1.992826e-01 -4.088304e+01
-1.980062e-01 1.936815e-02 9.800094e-01 1.362805e+02 -1.362400e-02 9.996538e-01 -2.250905e-02 -4.570630e+00 -9.801061e-01 -1.780858e-02 -1.976738e-01 -4.106075e+01
-1.945639e-01 1.872593e-02 9.807111e-01 1.370414e+02 -1.090961e-02 9.997146e-01 -2.125315e-02 -4.615367e+00 -9.808292e-01 -1.483427e-02 -1.943040e-01 -4.120530e+01
-1.901958e-01 2.345895e-02 9.814659e-01 1.377722e+02 -1.052750e-02 9.996083e-01 -2.593269e-02 -4.654537e+00 -9.816898e-01 -1.526467e-02 -1.898744e-01 -4.133134e+01
-1.842598e-01 2.577262e-02 9.825396e-01 1.384556e+02 -1.031379e-02 9.995504e-01 -2.815301e-02 -4.692657e+00 -9.828234e-01 -1.532117e-02 -1.839112e-01 -4.144510e+01
-1.753502e-01 2.707524e-02 9.841338e-01 1.393420e+02 -1.087988e-02 9.995074e-01 -2.943674e-02 -4.713590e+00 -9.844460e-01 -1.586899e-02 -1.749693e-01 -4.161952e+01
-1.660547e-01 2.194972e-02 9.858722e-01 1.402033e+02 -7.568185e-03 9.996944e-01 -2.353220e-02 -4.767680e+00 -9.860875e-01 -1.136889e-02 -1.658378e-01 -4.175896e+01
-1.535727e-01 2.034775e-02 9.879279e-01 1.409323e+02 -3.841198e-03 9.997681e-01 -2.118873e-02 -4.806321e+00 -9.881299e-01 -7.048836e-03 -1.534589e-01 -4.188678e+01
-1.393505e-01 2.387778e-02 9.899552e-01 1.418120e+02 9.782534e-04 9.997120e-01 -2.397541e-02 -4.828463e+00 -9.902427e-01 -2.372557e-03 -1.393337e-01 -4.201472e+01
-1.269432e-01 2.402025e-02 9.916191e-01 1.425304e+02 -2.145684e-03 9.996977e-01 -2.449062e-02 -4.875294e+00 -9.919077e-01 -5.236619e-03 -1.268533e-01 -4.206790e+01
-1.131406e-01 2.345201e-02 9.933022e-01 1.432661e+02 -1.148385e-03 9.997177e-01 -2.373429e-02 -4.918470e+00 -9.935783e-01 -3.826004e-03 -1.130817e-01 -4.214835e+01
-9.891400e-02 2.559744e-02 9.947667e-01 1.439955e+02 2.481313e-03 9.996724e-01 -2.547695e-02 -4.943610e+00 -9.950929e-01 -5.169857e-05 -9.894510e-02 -4.222623e+01
-8.624455e-02 3.194446e-02 9.957618e-01 1.447121e+02 -4.101286e-03 9.994659e-01 -3.241851e-02 -4.975962e+00 -9.962655e-01 -6.879823e-03 -8.606748e-02 -4.225760e+01
-7.373837e-02 4.045461e-02 9.964567e-01 1.455233e+02 -1.142040e-02 9.990771e-01 -4.140612e-02 -5.024796e+00 -9.972122e-01 -1.443315e-02 -7.320832e-02 -4.229505e+01
-5.978965e-02 4.823414e-02 9.970450e-01 1.462800e+02 -1.472156e-02 9.986807e-01 -4.919607e-02 -5.067605e+00 -9.981024e-01 -1.761948e-02 -5.900068e-02 -4.232571e+01
-4.621246e-02 4.909275e-02 9.977246e-01 1.470644e+02 -1.275285e-02 9.986812e-01 -4.973051e-02 -5.110618e+00 -9.988502e-01 -1.502200e-02 -4.552545e-02 -4.235819e+01
-3.495222e-02 4.483430e-02 9.983828e-01 1.478539e+02 -1.797075e-02 9.988035e-01 -4.548233e-02 -5.164750e+00 -9.992274e-01 -1.953140e-02 -3.410469e-02 -4.236905e+01
-2.401996e-02 4.369093e-02 9.987563e-01 1.488149e+02 -2.016826e-02 9.988201e-01 -4.417877e-02 -5.211360e+00 -9.995080e-01 -2.120435e-02 -2.311044e-02 -4.237785e+01
-1.500099e-02 5.030478e-02 9.986212e-01 1.495444e+02 -2.408477e-02 9.984257e-01 -5.065672e-02 -5.249897e+00 -9.995974e-01 -2.481147e-02 -1.376579e-02 -4.238330e+01
-7.936163e-03 5.829482e-02 9.982679e-01 1.502681e+02 -2.704066e-02 9.979217e-01 -5.848958e-02 -5.298860e+00 -9.996029e-01 -2.745800e-02 -6.343339e-03 -4.238121e+01
-6.038888e-03 6.026663e-02 9.981641e-01 1.510227e+02 -3.186962e-02 9.976636e-01 -6.042922e-02 -5.369997e+00 -9.994738e-01 -3.217604e-02 -4.104104e-03 -4.235567e+01
-6.211548e-03 5.731634e-02 9.983367e-01 1.518252e+02 -3.292419e-02 9.978030e-01 -5.749055e-02 -5.379502e+00 -9.994385e-01 -3.322653e-02 -4.310807e-03 -4.235487e+01
-7.977191e-03 5.061835e-02 9.986862e-01 1.524404e+02 -3.759823e-02 9.979966e-01 -5.088372e-02 -5.486772e+00 -9.992611e-01 -3.795474e-02 -6.058049e-03 -4.234638e+01
-9.937512e-03 4.898884e-02 9.987499e-01 1.532907e+02 -3.810119e-02 9.980553e-01 -4.933387e-02 -5.521553e+00 -9.992245e-01 -3.854382e-02 -8.051654e-03 -4.238937e+01
-1.257446e-02 4.912373e-02 9.987136e-01 1.540150e+02 -3.644188e-02 9.981065e-01 -4.955270e-02 -5.570077e+00 -9.992567e-01 -3.701810e-02 -1.076049e-02 -4.240070e+01
-1.594714e-02 4.884505e-02 9.986790e-01 1.547799e+02 -3.375800e-02 9.982103e-01 -4.936117e-02 -5.623826e+00 -9.993028e-01 -3.450058e-02 -1.426969e-02 -4.241434e+01
-1.983352e-02 4.668993e-02 9.987125e-01 1.554903e+02 -3.398209e-02 9.983004e-01 -4.734552e-02 -5.687985e+00 -9.992256e-01 -3.487736e-02 -1.821318e-02 -4.243810e+01
-2.583462e-02 4.751322e-02 9.985365e-01 1.562747e+02 -3.647562e-02 9.981599e-01 -4.843902e-02 -5.723518e+00 -9.990005e-01 -3.767364e-02 -2.405401e-02 -4.244709e+01
-3.008512e-02 4.514884e-02 9.985272e-01 1.569978e+02 -3.670979e-02 9.982555e-01 -4.624260e-02 -5.778059e+00 -9.988730e-01 -3.804693e-02 -2.837523e-02 -4.249238e+01
-3.717821e-02 4.236444e-02 9.984102e-01 1.577318e+02 -3.631671e-02 9.983837e-01 -4.371565e-02 -5.824665e+00 -9.986485e-01 -3.788425e-02 -3.557958e-02 -4.250306e+01
-4.210245e-02 4.199803e-02 9.982302e-01 1.584242e+02 -3.615469e-02 9.983977e-01 -4.352998e-02 -5.872826e+00 -9.984589e-01 -3.792342e-02 -4.051657e-02 -4.252978e+01
-4.943409e-02 4.197216e-02 9.978951e-01 1.589653e+02 -3.740003e-02 9.983381e-01 -4.384353e-02 -5.923992e+00 -9.980769e-01 -3.948867e-02 -4.778217e-02 -4.250121e+01
-5.393819e-02 4.427496e-02 9.975622e-01 1.596428e+02 -3.733259e-02 9.982287e-01 -4.632312e-02 -5.971564e+00 -9.978461e-01 -3.974017e-02 -5.218975e-02 -4.251809e+01
-5.724615e-02 4.647904e-02 9.972776e-01 1.603232e+02 -3.603859e-02 9.981685e-01 -4.858927e-02 -6.016135e+00 -9.977095e-01 -3.872203e-02 -5.546626e-02 -4.254299e+01
-5.785001e-02 4.831100e-02 9.971557e-01 1.610842e+02 -3.412880e-02 9.981489e-01 -5.033910e-02 -6.058773e+00 -9.977418e-01 -3.694385e-02 -5.609413e-02 -4.260500e+01
-5.820191e-02 4.597063e-02 9.972458e-01 1.618199e+02 -2.986364e-02 9.984120e-01 -4.776731e-02 -6.124631e+00 -9.978580e-01 -3.256154e-02 -5.673664e-02 -4.262811e+01
-5.415155e-02 4.296422e-02 9.976080e-01 1.624902e+02 -2.845570e-02 9.986017e-01 -4.455164e-02 -6.165311e+00 -9.981272e-01 -3.080017e-02 -5.285325e-02 -4.266267e+01
-4.654705e-02 4.300388e-02 9.979900e-01 1.632231e+02 -2.655101e-02 9.986666e-01 -4.427140e-02 -6.207216e+00 -9.985632e-01 -2.855835e-02 -4.534319e-02 -4.269330e+01
-3.506729e-02 4.329187e-02 9.984468e-01 1.638707e+02 -2.472190e-02 9.987180e-01 -4.417191e-02 -6.256949e+00 -9.990791e-01 -2.623249e-02 -3.395208e-02 -4.271367e+01
-2.060086e-02 4.418738e-02 9.988108e-01 1.645749e+02 -2.152826e-02 9.987716e-01 -4.462967e-02 -6.293395e+00 -9.995559e-01 -2.242207e-02 -1.962427e-02 -4.272636e+01
-1.302761e-04 4.095080e-02 9.991612e-01 1.654637e+02 -1.590832e-02 9.990346e-01 -4.094769e-02 -6.376625e+00 -9.998735e-01 -1.590031e-02 5.213079e-04 -4.277005e+01
1.567069e-02 3.635839e-02 9.992160e-01 1.661403e+02 -2.106594e-02 9.991288e-01 -3.602484e-02 -6.410744e+00 -9.996552e-01 -2.048489e-02 1.642296e-02 -4.273685e+01
3.195913e-02 2.892763e-02 9.990705e-01 1.668109e+02 -2.104892e-02 9.993789e-01 -2.826323e-02 -6.456452e+00 -9.992675e-01 -2.012609e-02 3.254817e-02 -4.269954e+01
4.883027e-02 2.159224e-02 9.985737e-01 1.675059e+02 -2.107854e-02 9.995659e-01 -2.058295e-02 -6.484752e+00 -9.985846e-01 -2.004340e-02 4.926421e-02 -4.264924e+01
6.728345e-02 1.431237e-02 9.976313e-01 1.681724e+02 -2.188017e-02 9.996778e-01 -1.286606e-02 -6.510575e+00 -9.974940e-01 -2.096267e-02 6.757493e-02 -4.261020e+01
8.401493e-02 8.392040e-03 9.964291e-01 1.688212e+02 -2.208193e-02 9.997346e-01 -6.558019e-03 -6.529450e+00 -9.962198e-01 -2.145211e-02 8.417795e-02 -4.253762e+01
1.021828e-01 6.296390e-03 9.947457e-01 1.694647e+02 -2.319175e-02 9.997233e-01 -3.945580e-03 -6.545826e+00 -9.944953e-01 -2.266672e-02 1.023006e-01 -4.246054e+01
1.195998e-01 5.245455e-03 9.928083e-01 1.700770e+02 -2.191221e-02 9.997564e-01 -2.642485e-03 -6.557858e+00 -9.925804e-01 -2.143859e-02 1.196856e-01 -4.237411e+01
1.377701e-01 4.751756e-03 9.904528e-01 1.707577e+02 -2.309047e-02 9.997321e-01 -1.584435e-03 -6.569087e+00 -9.901950e-01 -2.265173e-02 1.378429e-01 -4.228046e+01
1.536225e-01 3.568629e-03 9.881232e-01 1.713562e+02 -2.789269e-02 9.996107e-01 7.263307e-04 -6.581379e+00 -9.877359e-01 -2.767300e-02 1.536622e-01 -4.216483e+01
1.687817e-01 1.109550e-03 9.856528e-01 1.720471e+02 -3.188547e-02 9.994822e-01 4.334903e-03 -6.584262e+00 -9.851376e-01 -3.215965e-02 1.687297e-01 -4.205419e+01
1.802667e-01 -2.925299e-03 9.836134e-01 1.725882e+02 -2.825295e-02 9.995676e-01 8.150661e-03 -6.590456e+00 -9.832119e-01 -2.925927e-02 1.801061e-01 -4.192886e+01
1.899085e-01 -1.644119e-03 9.818004e-01 1.731618e+02 -2.667410e-02 9.996209e-01 6.833503e-03 -6.581259e+00 -9.814394e-01 -2.748638e-02 1.897927e-01 -4.179231e+01
1.997916e-01 1.523977e-03 9.798372e-01 1.737518e+02 -3.059359e-02 9.995210e-01 4.683530e-03 -6.603317e+00 -9.793607e-01 -3.091247e-02 1.997425e-01 -4.165293e+01
2.088201e-01 9.099617e-03 9.779117e-01 1.743521e+02 -3.567794e-02 9.993619e-01 -1.680661e-03 -6.612315e+00 -9.773030e-01 -3.453892e-02 2.090116e-01 -4.150666e+01
2.173910e-01 2.030606e-02 9.758734e-01 1.748605e+02 -3.883201e-02 9.991720e-01 -1.214042e-02 -6.606293e+00 -9.753119e-01 -3.525591e-02 2.179995e-01 -4.136733e+01
2.260033e-01 2.588799e-02 9.737825e-01 1.754780e+02 -3.278571e-02 9.992826e-01 -1.895674e-02 -6.625904e+00 -9.735746e-01 -2.764186e-02 2.266900e-01 -4.123379e+01
2.327236e-01 2.435517e-02 9.722379e-01 1.760798e+02 -3.240389e-02 9.993255e-01 -1.727724e-02 -6.627244e+00 -9.720029e-01 -2.748347e-02 2.333558e-01 -4.108461e+01
2.382870e-01 1.696667e-02 9.710466e-01 1.766610e+02 -3.509188e-02 9.993449e-01 -8.849850e-03 -6.636511e+00 -9.705606e-01 -3.196705e-02 2.387263e-01 -4.092548e+01
2.428528e-01 6.230328e-03 9.700432e-01 1.772779e+02 -3.958355e-02 9.992102e-01 3.492182e-03 -6.655176e+00 -9.692552e-01 -3.924584e-02 2.429076e-01 -4.076351e+01
