1.000000e+00 0.000000e+00 0.000000e+00 0.000000e+00 0.000000e+00 1.000000e+00 0.000000e+00 0.000000e+00 0.000000e+00 0.000000e+00 1.000000e+00 0.000000e+00
9.998738e-01 1.896044e-03 1.577508e-02 1.285978e-02 -1.878584e-03 9.999976e-01 -1.121593e-03 -2.389864e-03 -1.577717e-02 1.091817e-03 9.998749e-01 1.302806e-01
9.992967e-01 4.808952e-03 3.718828e-02 2.882951e-02 -4.786563e-03 9.999883e-01 -6.910665e-04 -2.542965e-03 -3.719117e-02 5.125764e-04 9.993080e-01 2.850288e-01
9.978935e-01 6.515841e-03 6.454539e-02 5.745616e-02 -6.572617e-03 9.999782e-01 6.673153e-04 -2.704382e-03 -6.453963e-02 -1.090142e-03 9.979146e-01 4.527459e-01
9.951133e-01 5.937820e-03 9.856110e-02 1.037967e-01 -6.260627e-03 9.999760e-01 2.966233e-03 -3.780508e-03 -9.854112e-02 -3.568792e-03 9.951266e-01 6.273382e-01
9.906121e-01 2.819529e-03 1.366739e-01 1.676625e-01 -3.510174e-03 9.999822e-01 4.812492e-03 -1.070623e-03 -1.366579e-01 -5.247062e-03 9.906044e-01 8.133200e-01
9.843788e-01 -3.220197e-05 1.760634e-01 2.427252e-01 -9.319875e-04 9.999850e-01 5.393683e-03 -8.789850e-03 -1.760610e-01 -5.473515e-03 9.843640e-01 1.007097e+00
9.756435e-01 5.493097e-05 2.193624e-01 3.220972e-01 -1.516270e-03 9.999778e-01 6.493407e-03 -1.080033e-02 -2.193572e-01 -6.667863e-03 9.756218e-01 1.173380e+00
9.635565e-01 4.190591e-04 2.675047e-01 4.191380e-01 -3.019255e-03 9.999521e-01 9.308932e-03 -1.010480e-02 -2.674880e-01 -9.777347e-03 9.635116e-01 1.385502e+00
9.490901e-01 -3.108461e-03 3.149894e-01 5.441908e-01 -2.216683e-03 9.998606e-01 1.654615e-02 -1.485712e-02 -3.149969e-01 -1.640202e-02 9.489509e-01 1.607698e+00
9.322062e-01 -1.217685e-02 3.617227e-01 6.788927e-01 3.680723e-03 9.997011e-01 2.416772e-02 -1.071734e-02 -3.619089e-01 -2.119789e-02 9.319724e-01 1.801605e+00
9.106413e-01 -1.754820e-02 4.128251e-01 8.199564e-01 6.292326e-03 9.995708e-01 2.860926e-02 -1.600219e-02 -4.131500e-01 -2.345514e-02 9.103609e-01 2.025233e+00
8.854156e-01 -1.885718e-02 4.644176e-01 1.001433e+00 4.332912e-03 9.994681e-01 3.232162e-02 -7.653705e-03 -4.647801e-01 -2.660578e-02 8.850263e-01 2.256165e+00
8.569303e-01 -2.114436e-02 5.149984e-01 1.140254e+00 2.383114e-03 9.993101e-01 3.706343e-02 -1.338013e-02 -5.154268e-01 -3.053347e-02 8.563895e-01 2.436698e+00
8.243335e-01 -2.563380e-02 5.655237e-01 1.333701e+00 2.842315e-03 9.991491e-01 4.114588e-02 -9.380125e-03 -5.660973e-01 -3.231053e-02 8.237050e-01 2.649335e+00
7.880154e-01 -3.106838e-02 6.148711e-01 1.544940e+00 4.796913e-03 9.990054e-01 4.433032e-02 -4.485918e-03 -6.156369e-01 -3.198349e-02 7.873806e-01 2.858741e+00
7.497547e-01 -3.578551e-02 6.607475e-01 1.778017e+00 5.798882e-03 9.988536e-01 4.751701e-02 -1.514923e-02 -6.616905e-01 -3.179450e-02 7.491027e-01 3.057379e+00
7.094654e-01 -3.851444e-02 7.036870e-01 2.058347e+00 6.536192e-03 9.988222e-01 4.807802e-02 4.257244e-03 -7.047099e-01 -2.951026e-02 7.088816e-01 3.281388e+00
6.672340e-01 -4.005923e-02 7.437701e-01 2.348784e+00 5.232341e-03 9.987801e-01 4.910008e-02 2.096541e-02 -7.448298e-01 -2.886958e-02 6.666297e-01 3.497389e+00
6.242292e-01 -3.991102e-02 7.802211e-01 2.672307e+00 9.101642e-05 9.986979e-01 5.101405e-02 4.071942e-02 -7.812412e-01 -3.177344e-02 6.234201e-01 3.719738e+00
5.819148e-01 -4.019972e-02 8.122556e-01 3.003483e+00 -3.208116e-03 9.986563e-01 5.172332e-02 5.831484e-02 -8.132434e-01 -3.270438e-02 5.810039e-01 3.932381e+00
5.418801e-01 -4.121397e-02 8.394447e-01 3.390808e+00 -5.034179e-03 9.986199e-01 5.227862e-02 8.228894e-02 -8.404408e-01 -3.255466e-02 5.409247e-01 4.135779e+00
5.031686e-01 -4.338689e-02 8.630984e-01 3.786179e+00 -6.761718e-03 9.985107e-01 5.413583e-02 9.602948e-02 -8.641618e-01 -3.307548e-02 5.021259e-01 4.333437e+00
4.658201e-01 -4.288905e-02 8.838394e-01 4.233083e+00 -9.695854e-03 9.985173e-01 5.356401e-02 1.217619e-01 -8.848263e-01 -3.352077e-02 4.647136e-01 4.535451e+00
4.295852e-01 -4.194998e-02 9.020514e-01 4.711044e+00 -1.084074e-02 9.986088e-01 5.160309e-02 1.467046e-01 -9.029613e-01 -3.194683e-02 4.285328e-01 4.726253e+00
3.958959e-01 -4.009632e-02 9.174196e-01 5.207128e+00 -1.038036e-02 9.987870e-01 4.813199e-02 1.721739e-01 -9.182367e-01 -2.857840e-02 3.949995e-01 4.914145e+00
3.664745e-01 -3.868696e-02 9.296235e-01 5.730513e+00 -7.733989e-03 9.989740e-01 4.462192e-02 1.911439e-01 -9.303960e-01 -2.354249e-02 3.657993e-01 5.087447e+00
3.407867e-01 -3.656589e-02 9.394293e-01 6.275621e+00 -6.743531e-03 9.991226e-01 4.133565e-02 2.169715e-01 -9.401165e-01 -2.042171e-02 3.402411e-01 5.274526e+00
3.210130e-01 -3.626484e-02 9.463802e-01 6.866362e+00 -4.899185e-03 9.991897e-01 3.995028e-02 2.347866e-01 -9.470621e-01 -1.746105e-02 3.205752e-01 5.446975e+00
3.063215e-01 -3.671118e-02 9.512200e-01 7.484941e+00 -3.846001e-03 9.992002e-01 3.980145e-02 2.624057e-01 -9.519203e-01 -1.585043e-02 3.059353e-01 5.633722e+00
2.950313e-01 -3.844981e-02 9.547136e-01 8.122869e+00 -2.922836e-03 9.991490e-01 4.114261e-02 2.764618e-01 -9.554831e-01 -1.492883e-02 2.946678e-01 5.824016e+00
2.840548e-01 -4.038436e-02 9.579572e-01 8.758163e+00 -4.415693e-03 9.990469e-01 4.342591e-02 2.972394e-01 -9.587979e-01 -1.656538e-02 2.836057e-01 6.015667e+00
2.731683e-01 -4.494064e-02 9.609159e-01 9.451740e+00 -4.283678e-03 9.988414e-01 4.793211e-02 3.070200e-01 -9.619567e-01 -1.720979e-02 2.726592e-01 6.238520e+00
2.631310e-01 -4.686527e-02 9.636211e-01 1.015111e+01 -4.947167e-03 9.987407e-01 4.992420e-02 3.351795e-01 -9.647474e-01 -1.790380e-02 2.625678e-01 6.429479e+00
2.529316e-01 -4.851229e-02 9.662671e-01 1.087276e+01 -6.426685e-03 9.986358e-01 5.181965e-02 3.687322e-01 -9.674628e-01 -1.931672e-02 2.522748e-01 6.621491e+00
2.425339e-01 -4.984257e-02 9.688617e-01 1.160860e+01 -6.813694e-03 9.985672e-01 5.307642e-02 4.028684e-01 -9.701190e-01 -1.947436e-02 2.418468e-01 6.805327e+00
2.320732e-01 -5.121667e-02 9.713490e-01 1.237837e+01 -6.620289e-03 9.985065e-01 5.423033e-02 4.371099e-01 -9.726758e-01 -1.901602e-02 2.313876e-01 6.987002e+00
2.214411e-01 -5.399514e-02 9.736778e-01 1.315990e+01 -8.110041e-03 9.983294e-01 5.720664e-02 4.708729e-01 -9.751400e-01 -2.056447e-02 2.206332e-01 7.168659e+00
2.096381e-01 -5.746951e-02 9.760887e-01 1.394361e+01 -9.832473e-03 9.980968e-01 6.087705e-02 5.105641e-01 -9.777296e-01 -2.235952e-02 2.086741e-01 7.347140e+00
1.973221e-01 -6.131007e-02 9.784197e-01 1.472458e+01 -1.089236e-02 9.978437e-01 6.472393e-02 5.433189e-01 -9.802782e-01 -2.342876e-02 1.962288e-01 7.509720e+00
1.839340e-01 -6.363685e-02 9.808764e-01 1.550919e+01 -1.228663e-02 9.976752e-01 6.703071e-02 5.760055e-01 -9.828618e-01 -2.438090e-02 1.827245e-01 7.668929e+00
1.694331e-01 -6.402578e-02 9.834598e-01 1.630119e+01 -1.269550e-02 9.976630e-01 6.713766e-02 6.184608e-01 -9.854599e-01 -2.386086e-02 1.682243e-01 7.812049e+00
1.554725e-01 -6.308757e-02 9.858236e-01 1.711619e+01 -1.421416e-02 9.977124e-01 6.609008e-02 6.540480e-01 -9.877380e-01 -2.428784e-02 1.542201e-01 7.932201e+00
1.391917e-01 -6.217145e-02 9.883119e-01 1.794971e+01 -1.478582e-02 9.977855e-01 6.484981e-02 6.918543e-01 -9.901550e-01 -2.363956e-02 1.379642e-01 8.039419e+00
1.189235e-01 -6.085302e-02 9.910369e-01 1.876017e+01 -1.737053e-02 9.978399e-01 6.335519e-02 7.211166e-01 -9.927515e-01 -2.474926e-02 1.176096e-01 8.137898e+00
9.318279e-02 -5.965833e-02 9.938601e-01 1.960026e+01 -2.216975e-02 9.978314e-01 6.197532e-02 7.548617e-01 -9.954022e-01 -2.780866e-02 9.165811e-02 8.218677e+00
6.272601e-02 -5.867301e-02 9.963046e-01 2.045279e+01 -2.625233e-02 9.978280e-01 6.041553e-02 8.009756e-01 -9.976854e-01 -2.994495e-02 6.104946e-02 8.269105e+00
2.958963e-02 -5.872167e-02 9.978358e-01 2.129970e+01 -2.911179e-02 9.977988e-01 5.958276e-02 8.334785e-01 -9.991381e-01 -3.081181e-02 2.781501e-02 8.293192e+00
-4.434065e-03 -5.800987e-02 9.983062e-01 2.213642e+01 -3.060832e-02 9.978561e-01 5.784776e-02 8.673359e-01 -9.995216e-01 -3.029997e-02 -6.200143e-03 8.282190e+00
-3.845370e-02 -5.655747e-02 9.976586e-01 2.298830e+01 -3.118898e-02 9.979784e-01 5.537346e-02 8.999036e-01 -9.987735e-01 -2.898663e-02 -4.013994e-02 8.245176e+00
-7.124995e-02 -5.441140e-02 9.959733e-01 2.385655e+01 -3.385019e-02 9.980678e-01 5.210425e-02 9.359748e-01 -9.968839e-01 -3.000146e-02 -7.295412e-02 8.175123e+00
-1.042197e-01 -5.262554e-02 9.931610e-01 2.476076e+01 -3.700434e-02 9.981128e-01 4.900479e-02 9.437894e-01 -9.938657e-01 -3.164401e-02 -1.059704e-01 8.066085e+00
-1.364975e-01 -4.783672e-02 9.894847e-01 2.561256e+01 -3.354315e-02 9.984838e-01 4.364457e-02 9.686957e-01 -9.900724e-01 -2.723305e-02 -1.378952e-01 7.934535e+00
-1.677954e-01 -4.159374e-02 9.849440e-01 2.644353e+01 -2.772785e-02 9.989133e-01 3.745993e-02 9.880891e-01 -9.854318e-01 -2.102477e-02 -1.687664e-01 7.772765e+00
-1.983320e-01 -3.563297e-02 9.794869e-01 2.728835e+01 -2.225670e-02 9.992450e-01 3.184509e-02 9.963353e-01 -9.798822e-01 -1.548424e-02 -1.989753e-01 7.592664e+00
-2.272916e-01 -2.996074e-02 9.733657e-01 2.808605e+01 -1.627648e-02 9.995039e-01 2.696455e-02 1.002236e+00 -9.736907e-01 -9.714155e-03 -2.276665e-01 7.395139e+00
-2.548662e-01 -2.378849e-02 9.666837e-01 2.893428e+01 -8.003848e-03 9.997150e-01 2.249112e-02 1.009723e+00 -9.669432e-01 -2.004964e-03 -2.549839e-01 7.150221e+00
-2.809082e-01 -1.370940e-02 9.596367e-01 2.973168e+01 -2.073208e-03 9.999043e-01 1.367779e-02 9.972681e-01 -9.597324e-01 1.852677e-03 -2.809097e-01 6.896156e+00
-3.065049e-01 1.990713e-03 9.518670e-01 3.054400e+01 2.658080e-03 9.999957e-01 -1.235456e-03 9.837861e-01 -9.518654e-01 2.151465e-03 -3.065089e-01 6.627799e+00
-3.309366e-01 1.928838e-02 9.434558e-01 3.129290e+01 3.661595e-03 9.998098e-01 -1.915612e-02 9.683862e-01 -9.436459e-01 -2.884910e-03 -3.309443e-01 6.357537e+00
-3.561626e-01 3.402158e-02 9.338045e-01 3.205335e+01 3.501078e-03 9.993786e-01 -3.507531e-02 9.348804e-01 -9.344174e-01 -9.223193e-03 -3.560604e-01 6.062965e+00
-3.807327e-01 4.451486e-02 9.236130e-01 3.281540e+01 7.368977e-03 9.989549e-01 -4.510843e-02 8.922084e-01 -9.246558e-01 -1.036817e-02 -3.806628e-01 5.748558e+00
-4.038322e-01 4.903025e-02 9.135182e-01 3.358396e+01 1.122253e-02 9.987531e-01 -4.864391e-02 8.418792e-01 -9.147642e-01 -9.391990e-03 -4.038789e-01 5.396969e+00
-4.262820e-01 4.851441e-02 9.032884e-01 3.432273e+01 1.524311e-02 9.988043e-01 -4.645088e-02 7.758818e-01 -9.044619e-01 -6.032251e-03 -4.265118e-01 5.032060e+00
-4.466932e-01 4.402465e-02 8.936034e-01 3.507840e+01 1.770977e-02 9.990280e-01 -4.036582e-02 7.294678e-01 -8.945119e-01 -2.205631e-03 -4.470387e-01 4.656356e+00
-4.640638e-01 4.225509e-02 8.847934e-01 3.581180e+01 2.450023e-02 9.990917e-01 -3.486356e-02 6.782191e-01 -8.854629e-01 5.498727e-03 -4.646775e-01 4.240002e+00
-4.778548e-01 4.250968e-02 8.774097e-01 3.650576e+01 2.634001e-02 9.990727e-01 -3.405884e-02 6.348281e-01 -8.780439e-01 6.835800e-03 -4.785313e-01 3.855136e+00
-4.889376e-01 4.655368e-02 8.710756e-01 3.721490e+01 2.981533e-02 9.988833e-01 -3.664878e-02 5.920691e-01 -8.718091e-01 8.052435e-03 -4.897797e-01 3.444318e+00
-4.992268e-01 4.866129e-02 8.651038e-01 3.795145e+01 3.018821e-02 9.987924e-01 -3.876039e-02 5.394649e-01 -8.659453e-01 6.765713e-03 -5.000930e-01 3.028825e+00
-5.097688e-01 4.816095e-02 8.589623e-01 3.859705e+01 2.470750e-02 9.988396e-01 -4.134052e-02 4.937467e-01 -8.599566e-01 1.486995e-04 -5.103672e-01 2.650778e+00
-5.212899e-01 4.648713e-02 8.521125e-01 3.929615e+01 2.398544e-02 9.989188e-01 -3.982279e-02 4.384778e-01 -8.530425e-01 -3.209294e-04 -5.218413e-01 2.242317e+00
-5.296774e-01 4.774100e-02 8.468546e-01 4.002547e+01 2.626722e-02 9.988591e-01 -3.988098e-02 3.794931e-01 -8.477924e-01 1.120463e-03 -5.303271e-01 1.779239e+00
-5.378087e-01 5.053810e-02 8.415508e-01 4.068004e+01 2.898500e-02 9.987199e-01 -4.145326e-02 3.396450e-01 -8.425685e-01 2.098428e-03 -5.385851e-01 1.386968e+00
-5.413235e-01 5.311193e-02 8.391353e-01 4.137515e+01 2.973445e-02 9.985880e-01 -4.402268e-02 2.916672e-01 -8.402885e-01 1.120715e-03 -5.421383e-01 9.386490e-01
-5.409178e-01 5.577717e-02 8.392239e-01 4.207775e+01 3.037840e-02 9.984432e-01 -4.677908e-02 2.452307e-01 -8.405266e-01 1.906417e-04 -5.417702e-01 4.814804e-01
-5.375734e-01 5.611504e-02 8.413477e-01 4.279726e+01 3.315432e-02 9.984182e-01 -4.540739e-02 1.884607e-01 -8.425649e-01 3.484502e-03 -5.385835e-01 2.530280e-02
-5.321311e-01 5.494190e-02 8.448775e-01 4.354740e+01 3.213923e-02 9.984838e-01 -4.468851e-02 1.265132e-01 -8.460518e-01 3.373571e-03 -5.330901e-01 -4.276811e-01
-5.248737e-01 5.374291e-02 8.494818e-01 4.431773e+01 3.009786e-02 9.985524e-01 -4.457722e-02 7.925500e-02 -8.506479e-01 2.170173e-03 -5.257314e-01 -9.148243e-01
-5.181165e-01 5.285836e-02 8.536751e-01 4.510219e+01 2.772477e-02 9.986020e-01 -4.500518e-02 2.925664e-02 -8.548605e-01 3.500252e-04 -5.188577e-01 -1.368032e+00
-5.118573e-01 5.107495e-02 8.575509e-01 4.589251e+01 2.460795e-02 9.986932e-01 -4.479320e-02 -2.322037e-02 -8.587180e-01 -1.825157e-03 -5.124452e-01 -1.828674e+00
-5.076402e-01 4.881740e-02 8.601850e-01 4.669462e+01 2.020850e-02 9.987935e-01 -4.475764e-02 -6.888936e-02 -8.613321e-01 -5.337731e-03 -5.080143e-01 -2.290334e+00
-5.070454e-01 4.557892e-02 8.607134e-01 4.752745e+01 1.595851e-02 9.989261e-01 -4.349680e-02 -1.324828e-01 -8.617716e-01 -8.319154e-03 -5.072283e-01 -2.748847e+00
-5.080442e-01 4.270498e-02 8.602716e-01 4.837037e+01 1.214840e-02 9.990261e-01 -4.241853e-02 -1.829145e-01 -8.612453e-01 -1.109957e-02 -5.080683e-01 -3.224836e+00
-5.093791e-01 4.157426e-02 8.595374e-01 4.919245e+01 1.129874e-02 9.990693e-01 -4.162731e-02 -2.358410e-01 -8.604680e-01 -1.149239e-02 -5.093749e-01 -3.697569e+00
-5.097440e-01 4.058399e-02 8.593683e-01 5.007718e+01 1.119456e-02 9.991150e-01 -4.054340e-02 -2.948294e-01 -8.602533e-01 -1.104650e-02 -5.097473e-01 -4.212222e+00
-5.099033e-01 4.003574e-02 8.592996e-01 5.093565e+01 1.113824e-02 9.991399e-01 -3.994169e-02 -3.442377e-01 -8.601596e-01 -1.079532e-02 -5.099106e-01 -4.716800e+00
-5.093406e-01 3.947045e-02 8.596594e-01 5.191401e+01 1.286474e-02 9.991852e-01 -3.825441e-02 -4.222858e-01 -8.604689e-01 -8.425228e-03 -5.094334e-01 -5.333883e+00
-5.096854e-01 3.869664e-02 8.594902e-01 5.281863e+01 1.234806e-02 9.992141e-01 -3.766489e-02 -4.947394e-01 -8.602722e-01 -8.584206e-03 -5.097626e-01 -5.846241e+00
-5.098148e-01 3.727631e-02 8.594762e-01 5.366466e+01 1.147390e-02 9.992666e-01 -3.653318e-02 -5.472097e-01 -8.602077e-01 -8.763614e-03 -5.098686e-01 -6.347859e+00
-5.096318e-01 3.743560e-02 8.595778e-01 5.457349e+01 1.266040e-02 9.992711e-01 -3.601323e-02 -6.036094e-01 -8.602995e-01 -7.470885e-03 -5.097343e-01 -6.884392e+00
-5.092425e-01 3.679279e-02 8.598362e-01 5.544179e+01 1.141601e-02 9.992867e-01 -3.599874e-02 -6.586434e-01 -8.605474e-01 -8.516191e-03 -5.092992e-01 -7.386706e+00
-5.083545e-01 3.476125e-02 8.604460e-01 5.631833e+01 1.001345e-02 9.993560e-01 -3.445711e-02 -7.156104e-01 -8.610896e-01 -8.900397e-03 -5.083752e-01 -7.893119e+00
-5.068793e-01 3.204294e-02 8.614213e-01 5.724226e+01 9.726239e-03 9.994578e-01 -3.145446e-02 -7.801875e-01 -8.619622e-01 -7.565223e-03 -5.069161e-01 -8.411461e+00
-5.047995e-01 3.076322e-02 8.626883e-01 5.811049e+01 9.391327e-03 9.995013e-01 -3.014662e-02 -8.275837e-01 -8.631855e-01 -7.116214e-03 -5.048367e-01 -8.892705e+00
-5.020204e-01 3.020472e-02 8.643281e-01 5.901177e+01 9.598164e-03 9.995230e-01 -2.935440e-02 -8.858007e-01 -8.648025e-01 -6.440546e-03 -5.020709e-01 -9.414469e+00
-5.000364e-01 3.064692e-02 8.654619e-01 5.990431e+01 1.007777e-02 9.995119e-01 -2.957116e-02 -9.339917e-01 -8.659458e-01 -6.064734e-03 -5.001011e-01 -9.922296e+00
-4.994214e-01 3.073851e-02 8.658137e-01 6.077335e+01 1.020618e-02 9.995098e-01 -2.959789e-02 -9.926347e-01 -8.662990e-01 -5.945166e-03 -4.994904e-01 -1.041159e+01
-4.998600e-01 3.236842e-02 8.655012e-01 6.162827e+01 9.421952e-03 9.994455e-01 -3.193620e-02 -1.034810e+00 -8.660550e-01 -7.808918e-03 -4.998878e-01 -1.091725e+01
-5.022484e-01 3.442866e-02 8.640377e-01 6.251685e+01 8.297947e-03 9.993530e-01 -3.499703e-02 -1.088491e+00 -8.646836e-01 -1.040746e-02 -5.022091e-01 -1.143678e+01
-5.073754e-01 3.476144e-02 8.610237e-01 6.338377e+01 6.920347e-03 9.993182e-01 -3.626674e-02 -1.139688e+00 -8.616973e-01 -1.244227e-02 -5.072700e-01 -1.192562e+01
-5.118988e-01 3.451702e-02 8.583521e-01 6.418971e+01 8.823689e-03 9.993510e-01 -3.492482e-02 -1.170620e+00 -8.590005e-01 -1.030414e-02 -5.118711e-01 -1.244828e+01
-5.173573e-01 3.186541e-02 8.551760e-01 6.505214e+01 1.040695e-02 9.994669e-01 -3.094604e-02 -1.233943e+00 -8.557062e-01 -7.110388e-03 -5.174132e-01 -1.297071e+01
-5.223640e-01 2.898492e-02 8.522299e-01 6.590402e+01 7.582118e-03 9.995405e-01 -2.934769e-02 -1.292751e+00 -8.526889e-01 -8.868468e-03 -5.223437e-01 -1.349464e+01
-5.278242e-01 3.242467e-02 8.487345e-01 6.674715e+01 9.466366e-03 9.994336e-01 -3.229481e-02 -1.341289e+00 -8.493009e-01 -9.011553e-03 -5.278322e-01 -1.400756e+01
-5.346167e-01 3.432975e-02 8.443971e-01 6.771149e+01 9.639349e-03 9.993573e-01 -3.452680e-02 -1.409956e+00 -8.450397e-01 -1.031916e-02 -5.346040e-01 -1.445102e+01
-5.395814e-01 3.509829e-02 8.412016e-01 6.855379e+01 8.260213e-03 9.993033e-01 -3.639648e-02 -1.466860e+00 -8.418930e-01 -1.269036e-02 -5.394953e-01 -1.496948e+01
-5.425831e-01 3.583467e-02 8.392374e-01 6.938124e+01 8.177151e-03 9.992676e-01 -3.738112e-02 -1.517699e+00 -8.399623e-01 -1.341980e-02 -5.424788e-01 -1.551710e+01
-5.464430e-01 3.479744e-02 8.367730e-01 7.019368e+01 8.636650e-03 9.993175e-01 -3.591685e-02 -1.573662e+00 -8.374517e-01 -1.239960e-02 -5.463706e-01 -1.602780e+01
-5.489010e-01 2.790433e-02 8.354215e-01 7.097817e+01 1.022288e-02 9.995920e-01 -2.667108e-02 -1.629373e+00 -8.358249e-01 -6.099362e-03 -5.489622e-01 -1.652884e+01
-5.528120e-01 1.805486e-02 8.331103e-01 7.175898e+01 8.532189e-03 9.998355e-01 -1.600652e-02 -1.685608e+00 -8.332623e-01 -1.740342e-03 -5.528752e-01 -1.697674e+01
-5.553629e-01 1.669235e-02 8.314406e-01 7.254697e+01 9.669108e-03 9.998606e-01 -1.361511e-02 -1.723624e+00 -8.315519e-01 4.779627e-04 -5.554468e-01 -1.745099e+01
-5.572939e-01 2.111657e-02 8.300468e-01 7.335224e+01 8.739755e-03 9.997703e-01 -1.956650e-02 -1.747846e+00 -8.302693e-01 -3.649884e-03 -5.573505e-01 -1.795517e+01
-5.578425e-01 2.739207e-02 8.294947e-01 7.416270e+01 9.726096e-03 9.996023e-01 -2.646858e-02 -1.779689e+00 -8.298898e-01 -6.697552e-03 -5.578871e-01 -1.852444e+01
-5.577653e-01 3.142551e-02 8.294036e-01 7.497612e+01 1.483597e-02 9.995008e-01 -2.789333e-02 -1.809661e+00 -8.298661e-01 -3.252923e-03 -5.579531e-01 -1.909854e+01
-5.584520e-01 3.250501e-02 8.288997e-01 7.572377e+01 1.920178e-02 9.994708e-01 -2.625714e-02 -1.869716e+00 -8.293146e-01 1.252997e-03 -5.587806e-01 -1.957343e+01
-5.580305e-01 2.916654e-02 8.293077e-01 7.652275e+01 1.765147e-02 9.995732e-01 -2.327729e-02 -1.907380e+00 -8.296327e-01 1.649062e-03 -5.583072e-01 -2.010788e+01
-5.575328e-01 2.433580e-02 8.297982e-01 7.732411e+01 1.614584e-02 9.996991e-01 -1.847033e-02 -1.937273e+00 -8.299979e-01 3.099974e-03 -5.577579e-01 -2.063935e+01
-5.566300e-01 1.749950e-02 8.305762e-01 7.810916e+01 1.238331e-02 9.998418e-01 -1.276682e-02 -1.971111e+00 -8.306682e-01 3.178890e-03 -5.567587e-01 -2.115478e+01
-5.568469e-01 1.181223e-02 8.305312e-01 7.889432e+01 5.554519e-03 9.999295e-01 -1.049735e-02 -2.016818e+00 -8.305966e-01 -1.232218e-03 -5.568732e-01 -2.163881e+01
-5.581319e-01 5.333521e-03 8.297351e-01 7.968954e+01 -2.745524e-03 9.999620e-01 -8.274548e-03 -2.053929e+00 -8.297477e-01 -6.896347e-03 -5.580960e-01 -2.207871e+01
-5.563430e-01 6.103126e-03 8.309304e-01 8.046016e+01 1.752452e-03 9.999794e-01 -6.171439e-03 -2.093474e+00 -8.309509e-01 -1.977272e-03 -5.563422e-01 -2.258347e+01
-5.534448e-01 9.465465e-03 8.328321e-01 8.124514e+01 5.618108e-03 9.999551e-01 -7.631464e-03 -2.119303e+00 -8.328669e-01 4.553461e-04 -5.534731e-01 -2.310354e+01
-5.488895e-01 1.315045e-02 8.357915e-01 8.199440e+01 7.596415e-03 9.999135e-01 -1.074397e-02 -2.127059e+00 -8.358604e-01 4.517686e-04 -5.489419e-01 -2.357260e+01
-5.409724e-01 1.585737e-02 8.408908e-01 8.277851e+01 1.303166e-02 9.998602e-01 -1.047150e-02 -2.151393e+00 -8.409394e-01 5.293407e-03 -5.411034e-01 -2.408462e+01
-5.326720e-01 1.963113e-02 8.460941e-01 8.355993e+01 2.049311e-02 9.997370e-01 -1.029420e-02 -2.170446e+00 -8.460736e-01 1.185566e-02 -5.329342e-01 -2.459185e+01
-5.230154e-01 1.847745e-02 8.521229e-01 8.438104e+01 1.736655e-02 9.997885e-01 -1.102020e-02 -2.193405e+00 -8.521463e-01 9.034703e-03 -5.232257e-01 -2.508845e+01
-5.124022e-01 1.573662e-02 8.586014e-01 8.519447e+01 1.461376e-02 9.998471e-01 -9.604096e-03 -2.222421e+00 -8.586212e-01 7.626236e-03 -5.125538e-01 -2.556107e+01
-5.007401e-01 1.232392e-02 8.655100e-01 8.599290e+01 1.509774e-02 9.998709e-01 -5.502287e-03 -2.252014e+00 -8.654660e-01 1.031203e-02 -5.008615e-01 -2.602188e+01
-4.897600e-01 1.174670e-02 8.717782e-01 8.679353e+01 1.453185e-02 9.998803e-01 -5.308894e-03 -2.271697e+00 -8.717362e-01 1.006847e-02 -4.898720e-01 -2.646568e+01
-4.778104e-01 1.118034e-02 8.783918e-01 8.757998e+01 1.538090e-02 9.998722e-01 -4.359971e-03 -2.289592e+00 -8.783283e-01 1.142722e-02 -4.779213e-01 -2.688874e+01
-4.661745e-01 1.207589e-02 8.846104e-01 8.839258e+01 1.739427e-02 9.998387e-01 -4.482392e-03 -2.316167e+00 -8.845218e-01 1.329758e-02 -4.663094e-01 -2.730534e+01
-4.544132e-01 1.633879e-02 8.906412e-01 8.918216e+01 1.734019e-02 9.998046e-01 -9.494266e-03 -2.337105e+00 -8.906223e-01 1.112957e-02 -4.546077e-01 -2.770115e+01
-4.421246e-01 2.774883e-02 8.965243e-01 8.999960e+01 2.479762e-02 9.995174e-01 -1.870759e-02 -2.361084e+00 -8.966108e-01 1.396059e-02 -4.425994e-01 -2.811662e+01
-4.296204e-01 3.224185e-02 9.024338e-01 9.079409e+01 2.501187e-02 9.994038e-01 -2.379899e-02 -2.391518e+00 -9.026631e-01 1.234702e-02 -4.301708e-01 -2.848921e+01
-4.182771e-01 2.861321e-02 9.078687e-01 9.162452e+01 2.250872e-02 9.995233e-01 -2.113156e-02 -2.422034e+00 -9.080405e-01 1.159612e-02 -4.187218e-01 -2.886298e+01
-4.073958e-01 2.487244e-02 9.129129e-01 9.242283e+01 2.055752e-02 9.996255e-01 -1.806095e-02 -2.453537e+00 -9.130203e-01 1.140927e-02 -4.077546e-01 -2.920127e+01
-3.974579e-01 2.530798e-02 9.172714e-01 9.321472e+01 1.665562e-02 9.996539e-01 -2.036400e-02 -2.484565e+00 -9.174693e-01 7.183895e-03 -3.977418e-01 -2.954639e+01
-3.907385e-01 2.977230e-02 9.200201e-01 9.401948e+01 1.236991e-02 9.995564e-01 -2.709255e-02 -2.523558e+00 -9.204186e-01 7.944684e-04 -3.909334e-01 -2.987224e+01
-3.857467e-01 3.434614e-02 9.219652e-01 9.495155e+01 6.061216e-03 9.993796e-01 -3.469408e-02 -2.569204e+00 -9.225848e-01 -7.794898e-03 -3.857156e-01 -3.024443e+01
-3.814198e-01 3.467545e-02 9.237514e-01 9.582072e+01 -5.754134e-05 9.992953e-01 -3.753495e-02 -2.609251e+00 -9.244019e-01 -1.436973e-02 -3.811490e-01 -3.061122e+01
-3.782303e-01 3.434826e-02 9.250740e-01 9.666450e+01 -1.613952e-03 9.992854e-01 -3.776364e-02 -2.657527e+00 -9.257101e-01 -1.577638e-02 -3.779046e-01 -3.094346e+01
-3.731373e-01 3.416545e-02 9.271469e-01 9.751540e+01 -2.058699e-03 9.992888e-01 -3.765243e-02 -2.710340e+00 -9.277738e-01 -1.595824e-02 -3.728016e-01 -3.127860e+01
-3.672473e-01 3.003442e-02 9.296383e-01 9.832069e+01 -3.760870e-03 9.994224e-01 -3.377469e-02 -2.759523e+00 -9.301157e-01 -1.589991e-02 -3.669223e-01 -3.159050e+01
-3.620666e-01 2.639041e-02 9.317786e-01 9.917585e+01 -3.699452e-03 9.995506e-01 -2.974741e-02 -2.803726e+00 -9.321449e-01 -1.421761e-02 -3.618062e-01 -3.191140e+01
-3.569372e-01 2.311581e-02 9.338423e-01 1.000309e+02 -7.289270e-03 9.995944e-01 -2.752953e-02 -2.844105e+00 -9.340999e-01 -1.663334e-02 -3.566239e-01 -3.220774e+01
-3.517642e-01 2.076009e-02 9.358584e-01 1.008696e+02 -1.636877e-02 9.994648e-01 -2.832365e-02 -2.888291e+00 -9.359455e-01 -2.528210e-02 -3.512361e-01 -3.248565e+01
-3.462416e-01 2.006043e-02 9.379309e-01 1.017590e+02 -2.544224e-02 9.992028e-01 -3.076303e-02 -2.936835e+00 -9.378003e-01 -3.451451e-02 -3.454552e-01 -3.276946e+01
-3.397169e-01 2.422516e-02 9.402157e-01 1.025890e+02 -2.390474e-02 9.991229e-01 -3.438015e-02 -2.984000e+00 -9.402239e-01 -3.415512e-02 -3.388398e-01 -3.305892e+01
-3.327096e-01 2.725813e-02 9.426353e-01 1.034192e+02 -2.256973e-02 9.990657e-01 -3.685607e-02 -3.029665e+00 -9.427592e-01 -3.353739e-02 -3.317836e-01 -3.335077e+01
-3.259559e-01 2.547589e-02 9.450417e-01 1.042665e+02 -2.346320e-02 9.991109e-01 -3.502619e-02 -3.067966e+00 -9.450938e-01 -3.359070e-02 -3.250683e-01 -3.363764e+01
-3.194180e-01 2.046464e-02 9.473929e-01 1.051195e+02 -2.432161e-02 9.992604e-01 -2.978518e-02 -3.116471e+00 -9.473017e-01 -3.255605e-02 -3.186841e-01 -3.390550e+01
-3.116702e-01 1.800081e-02 9.500198e-01 1.059397e+02 -2.597350e-02 9.992855e-01 -2.745533e-02 -3.154024e+00 -9.498353e-01 -3.323235e-02 -3.109800e-01 -3.418480e+01
-3.054362e-01 2.128335e-02 9.519746e-01 1.067949e+02 -2.788210e-02 9.991216e-01 -3.128325e-02 -3.190907e+00 -9.518042e-01 -3.609809e-02 -3.045745e-01 -3.445085e+01
-2.990372e-01 2.371384e-02 9.539468e-01 1.076145e+02 -2.677380e-02 9.990891e-01 -3.322890e-02 -3.244692e+00 -9.538658e-01 -3.547746e-02 -2.981299e-01 -3.470371e+01
-2.924014e-01 2.325829e-02 9.560128e-01 1.084171e+02 -3.042873e-02 9.989717e-01 -3.361019e-02 -3.302435e+00 -9.558114e-01 -3.891793e-02 -2.913930e-01 -3.494130e+01
-2.859913e-01 2.208775e-02 9.579777e-01 1.093032e+02 -3.332197e-02 9.989004e-01 -3.297912e-02 -3.346926e+00 -9.576527e-01 -4.135344e-02 -2.849407e-01 -3.519925e+01
-2.781326e-01 2.211386e-02 9.602881e-01 1.101452e+02 -2.902882e-02 9.990848e-01 -3.141503e-02 -3.385550e+00 -9.601039e-01 -3.661358e-02 -2.772361e-01 -3.543096e+01
-2.706675e-01 2.312247e-02 9.623952e-01 1.110321e+02 -2.630470e-02 9.991606e-01 -3.140383e-02 -3.432809e+00 -9.623135e-01 -3.381551e-02 -2.698321e-01 -3.567532e+01
-2.642360e-01 2.348725e-02 9.641720e-01 1.118745e+02 -2.542060e-02 9.991865e-01 -3.130684e-02 -3.474032e+00 -9.641230e-01 -3.278222e-02 -2.634239e-01 -3.590276e+01
-2.576652e-01 2.181843e-02 9.659879e-01 1.126700e+02 -3.233612e-02 9.989903e-01 -3.118910e-02 -3.513002e+00 -9.656930e-01 -3.927264e-02 -2.566995e-01 -3.609163e+01
-2.521997e-01 1.944974e-02 9.674797e-01 1.134573e+02 -3.718015e-02 9.988649e-01 -2.977271e-02 -3.556711e+00 -9.669607e-01 -4.347971e-02 -2.511903e-01 -3.626757e+01
-2.470543e-01 1.987195e-02 9.687979e-01 1.143906e+02 -3.418051e-02 9.989888e-01 -2.920764e-02 -3.595886e+00 -9.683986e-01 -4.032988e-02 -2.461253e-01 -3.651118e+01
-2.429264e-01 1.969585e-02 9.698448e-01 1.152131e+02 -3.242997e-02 9.990701e-01 -2.841241e-02 -3.657734e+00 -9.695024e-01 -3.835416e-02 -2.420618e-01 -3.669291e+01
-2.385817e-01 2.075538e-02 9.709006e-01 1.160770e+02 -3.184801e-02 9.990666e-01 -2.918358e-02 -3.698318e+00 -9.706001e-01 -3.788392e-02 -2.376980e-01 -3.689094e+01
-2.327821e-01 2.039436e-02 9.723151e-01 1.169516e+02 -2.525466e-02 9.993162e-01 -2.700693e-02 -3.733494e+00 -9.722009e-01 -3.084221e-02 -2.321079e-01 -3.709487e+01
-2.275313e-01 1.962930e-02 9.735729e-01 1.178156e+02 -1.724551e-02 9.995587e-01 -2.418363e-02 -3.767801e+00 -9.736180e-01 -2.229230e-02 -2.270924e-01 -3.729800e+01
-2.229468e-01 1.895309e-02 9.746463e-01 1.186707e+02 -1.600605e-02 9.996050e-01 -2.309977e-02 -3.804243e+00 -9.746992e-01 -2.075025e-02 -2.225554e-01 -3.748748e+01
-2.185023e-01 2.086836e-02 9.756133e-01 1.195412e+02 -1.763850e-02 9.995235e-01 -2.533019e-02 -3.832508e+00 -9.756770e-01 -2.274306e-02 -2.180301e-01 -3.767594e+01
-2.149993e-01 2.248735e-02 9.763553e-01 1.204011e+02 -1.948752e-02 9.994370e-01 -2.731024e-02 -3.867176e+00 -9.764197e-01 -2.489843e-02 -2.144400e-01 -3.785605e+01
-2.138180e-01 2.133262e-02 9.766405e-01 1.212808e+02 -2.243757e-02 9.993905e-01 -2.674185e-02 -3.907288e+00 -9.766158e-01 -2.763133e-02 -2.132091e-01 -3.802050e+01
-2.124525e-01 2.064889e-02 9.769532e-01 1.221544e+02 -2.297764e-02 9.993947e-01 -2.612003e-02 -3.937290e+00 -9.769012e-01 -2.799735e-02 -2.118494e-01 -3.821244e+01
-2.119697e-01 1.621237e-02 9.771417e-01 1.230422e+02 -2.147492e-02 9.995437e-01 -2.124258e-02 -3.971929e+00 -9.770403e-01 -2.548683e-02 -2.115248e-01 -3.839120e+01
-2.106441e-01 1.057653e-02 9.775056e-01 1.239121e+02 -2.434566e-02 9.995745e-01 -1.606160e-02 -4.004354e+00 -9.772596e-01 -2.718130e-02 -2.102970e-01 -3.858504e+01
-2.091504e-01 1.062549e-02 9.778258e-01 1.247393e+02 -1.967587e-02 9.996928e-01 -1.507164e-02 -4.028946e+00 -9.776855e-01 -2.239181e-02 -2.088771e-01 -3.877510e+01
-2.080300e-01 1.577829e-02 9.779952e-01 1.255810e+02 -1.922288e-02 9.996108e-01 -2.021594e-02 -4.053146e+00 -9.779335e-01 -2.300541e-02 -2.076457e-01 -3.894684e+01
-2.079231e-01 1.899567e-02 9.779607e-01 1.263854e+02 -2.001507e-02 9.995195e-01 -2.366981e-02 -4.088951e+00 -9.779404e-01 -2.449545e-02 -2.074430e-01 -3.910630e+01
-2.082885e-01 1.760055e-02 9.779090e-01 1.272662e+02 -2.370108e-02 9.994537e-01 -2.303650e-02 -4.129455e+00 -9.777802e-01 -2.797574e-02 -2.077575e-01 -3.927897e+01
-2.078857e-01 1.718145e-02 9.780023e-01 1.281367e+02 -2.645508e-02 9.993812e-01 -2.318036e-02 -4.155894e+00 -9.777953e-01 -3.069199e-02 -2.073025e-01 -3.945679e+01
-2.075420e-01 1.835030e-02 9.780540e-01 1.289718e+02 -2.075236e-02 9.995164e-01 -2.315660e-02 -4.191343e+00 -9.780059e-01 -2.510289e-02 -2.070608e-01 -3.962732e+01
-2.064112e-01 2.049183e-02 9.782507e-01 1.298180e+02 -2.072269e-02 9.994649e-01 -2.530871e-02 -4.239354e+00 -9.782459e-01 -2.549599e-02 -2.058761e-01 -3.979976e+01
-2.072172e-01 2.078470e-02 9.780741e-01 1.306435e+02 -2.903502e-02 9.992032e-01 -2.738514e-02 -4.288585e+00 -9.778640e-01 -3.407307e-02 -2.064487e-01 -3.993915e+01
-2.069174e-01 2.200792e-02 9.781108e-01 1.314250e+02 -3.498460e-02 9.989411e-01 -2.987753e-02 -4.332201e+00 -9.777327e-01 -4.040100e-02 -2.059284e-01 -4.008594e+01
-2.072784e-01 2.524569e-02 9.779562e-01 1.322074e+02 -3.351492e-02 9.988969e-01 -3.288977e-02 -4.374115e+00 -9.777077e-01 -3.959346e-02 -2.062037e-01 -4.023573e+01
-2.068885e-01 2.632350e-02 9.780104e-01 1.330144e+02 -3.531188e-02 9.987857e-01 -3.435256e-02 -4.398298e+00 -9.777271e-01 -4.164253e-02 -2.057077e-01 -4.040004e+01
-2.061263e-01 2.685140e-02 9.781569e-01 1.337656e+02 -3.775248e-02 9.986610e-01 -3.536981e-02 -4.436400e+00 -9.777969e-01 -4.421850e-02 -2.048365e-01 -4.053293e+01
-2.043123e-01 2.626099e-02 9.785535e-01 1.344326e+02 -2.628136e-02 9.991326e-01 -3.230055e-02 -4.483897e+00 -9.785529e-01 -3.231711e-02 -2.034449e-01 -4.066438e+01
-1.998339e-01 2.370734e-02 9.795430e-01 1.353799e+02 -1.878565e-02 9.994308e-01 -2.802108e-02 -4.535889e+00 -9.796497e-01 -2.400092e-02 -1.992748e-01 -4.088726e+01
-1.980051e-01 1.937416e-02 9.800095e-01 1.362919e+02 -1.385527e-02 9.996495e-01 -2.256180e-02 -4.580010e+00 -9.801031e-01 -1.804565e-02 -1.976673e-01 -4.106496e+01
-1.945628e-01 1.873193e-02 9.807112e-01 1.370527e+02 -1.114108e-02 9.997109e-01 -2.130511e-02 -4.624786e+00 -9.808268e-01 -1.507136e-02 -1.942979e-01 -4.120950e+01
-1.901948e-01 2.346495e-02 9.814659e-01 1.377835e+02 -1.075920e-02 9.996045e-01 -2.598359e-02 -4.663990e+00 -9.816874e-01 -1.550173e-02 -1.898671e-01 -4.133553e+01
-1.842588e-01 2.577862e-02 9.825397e-01 1.384669e+02 -1.054580e-02 9.995466e-01 -2.820251e-02 -4.702142e+00 -9.828212e-01 -1.555822e-02 -1.839034e-01 -4.144928e+01
-1.753491e-01 2.708124e-02 9.841338e-01 1.393533e+02 -1.111232e-02 9.995035e-01 -2.948413e-02 -4.723120e+00 -9.844436e-01 -1.610602e-02 -1.749611e-01 -4.162370e+01
-1.660536e-01 2.195572e-02 9.858723e-01 1.402147e+02 -7.801057e-03 9.996916e-01 -2.357743e-02 -4.777249e+00 -9.860859e-01 -1.160596e-02 -1.658311e-01 -4.176312e+01
-1.535715e-01 2.035375e-02 9.879279e-01 1.409437e+02 -4.074631e-03 9.997663e-01 -2.123104e-02 -4.815925e+00 -9.881291e-01 -7.285925e-03 -1.534527e-01 -4.189093e+01
-1.393493e-01 2.388377e-02 9.899552e-01 1.418233e+02 7.442355e-04 9.997113e-01 -2.401439e-02 -4.838102e+00 -9.902430e-01 -2.609628e-03 -1.393269e-01 -4.201886e+01
-1.269421e-01 2.402624e-02 9.916191e-01 1.425417e+02 -2.380172e-03 9.996963e-01 -2.452665e-02 -4.884950e+00 -9.919073e-01 -5.473687e-03 -1.268463e-01 -4.207203e+01
-1.131394e-01 2.345801e-02 9.933022e-01 1.432775e+02 -1.383353e-03 9.997166e-01 -2.376706e-02 -4.928150e+00 -9.935781e-01 -4.063078e-03 -1.130749e-01 -4.215247e+01
-9.891281e-02 2.560343e-02 9.947667e-01 1.440068e+02 2.245905e-03 9.996721e-01 -2.550637e-02 -4.953313e+00 -9.950936e-01 -2.887556e-04 -9.893788e-02 -4.223034e+01
-8.624341e-02 3.195045e-02 9.957616e-01 1.447234e+02 -4.337036e-03 9.994641e-01 -3.244488e-02 -4.985676e+00 -9.962646e-01 -7.116811e-03 -8.605862e-02 -4.226170e+01
-7.373727e-02 4.046062e-02 9.964566e-01 1.455346e+02 -1.165645e-02 9.990734e-01 -4.142945e-02 -5.034523e+00 -9.972095e-01 -1.467004e-02 -7.319733e-02 -4.229914e+01
-5.978857e-02 4.824014e-02 9.970447e-01 1.462914e+02 -1.495790e-02 9.986761e-01 -4.921604e-02 -5.077345e+00 -9.980990e-01 -1.785625e-02 -5.898784e-02 -4.232980e+01
-4.621137e-02 4.909876e-02 9.977243e-01 1.470758e+02 -1.298946e-02 9.986774e-01 -4.974728e-02 -5.120369e+00 -9.988472e-01 -1.525879e-02 -4.551249e-02 -4.236226e+01
-3.495116e-02 4.484032e-02 9.983826e-01 1.478652e+02 -1.820752e-02 9.987985e-01 -4.549641e-02 -5.174510e+00 -9.992232e-01 -1.976822e-02 -3.409273e-02 -4.237310e+01
-2.401891e-02 4.369695e-02 9.987561e-01 1.488263e+02 -2.040518e-02 9.988147e-01 -4.419024e-02 -5.221127e+00 -9.995033e-01 -2.144119e-02 -2.309879e-02 -4.238189e+01
-1.499996e-02 5.031080e-02 9.986210e-01 1.495557e+02 -2.432176e-02 9.984195e-01 -5.066597e-02 -5.259670e+00 -9.995916e-01 -2.504821e-02 -1.375260e-02 -4.238733e+01
-7.935155e-03 5.830083e-02 9.982675e-01 1.502795e+02 -2.727768e-02 9.979149e-01 -5.849706e-02 -5.308637e+00 -9.995964e-01 -2.769461e-02 -6.328297e-03 -4.238523e+01
-6.037910e-03 6.027265e-02 9.981637e-01 1.510341e+02 -3.210663e-02 9.976556e-01 -6.043618e-02 -5.379772e+00 -9.994662e-01 -3.241258e-02 -4.088603e-03 -4.235968e+01
-6.210573e-03 5.732236e-02 9.983364e-01 1.518366e+02 -3.316118e-02 9.977947e-01 -5.749756e-02 -5.389282e+00 -9.994307e-01 -3.346311e-02 -4.296001e-03 -4.235887e+01
-7.976248e-03 5.062437e-02 9.986859e-01 1.524518e+02 -3.783517e-02 9.979873e-01 -5.089114e-02 -5.496553e+00 -9.992521e-01 -3.819137e-02 -6.044812e-03 -4.235035e+01
-9.885420e-03 4.885477e-02 9.987569e-01 1.532962e+02 -3.837105e-02 9.980516e-01 -4.920005e-02 -5.533020e+00 -9.992146e-01 -3.880972e-02 -7.991550e-03 -4.239280e+01
-1.264394e-02 4.894944e-02 9.987212e-01 1.540193e+02 -3.668556e-02 9.981059e-01 -4.938373e-02 -5.582664e+00 -9.992469e-01 -3.726305e-02 -1.082426e-02 -4.240207e+01
-1.607166e-02 4.862441e-02 9.986878e-01 1.547753e+02 -3.405633e-02 9.982107e-01 -4.914925e-02 -5.637022e+00 -9.992907e-01 -3.480155e-02 -1.438693e-02 -4.241403e+01
-1.997174e-02 4.640615e-02 9.987230e-01 1.554859e+02 -3.432678e-02 9.983014e-01 -4.707300e-02 -5.702530e+00 -9.992111e-01 -3.522308e-02 -1.834485e-02 -4.243778e+01
-2.576505e-02 4.760664e-02 9.985338e-01 1.562942e+02 -3.683905e-02 9.981417e-01 -4.853850e-02 -5.732206e+00 -9.989890e-01 -3.803563e-02 -2.396339e-02 -4.245359e+01
-3.044219e-02 4.500230e-02 9.985229e-01 1.569801e+02 -3.677861e-02 9.982590e-01 -4.611168e-02 -5.787628e+00 -9.988596e-01 -3.812803e-02 -2.873407e-02 -4.248499e+01
-3.751097e-02 4.223339e-02 9.984034e-01 1.577144e+02 -3.633965e-02 9.983880e-01 -4.359806e-02 -5.834074e+00 -9.986352e-01 -3.791704e-02 -3.591575e-02 -4.249639e+01
-4.227929e-02 4.196433e-02 9.982241e-01 1.584182e+02 -3.621218e-02 9.983967e-01 -4.350533e-02 -5.881598e+00 -9.984494e-01 -3.798724e-02 -4.069188e-02 -4.252763e+01
-4.958832e-02 4.196560e-02 9.978877e-01 1.589652e+02 -3.746996e-02 9.983354e-01 -4.384643e-02 -5.932571e+00 -9.980666e-01 -3.956509e-02 -4.793333e-02 -4.250050e+01
-5.417826e-02 4.425395e-02 9.975501e-01 1.596310e+02 -3.740066e-02 9.982265e-01 -4.631523e-02 -5.979178e+00 -9.978306e-01 -3.981831e-02 -5.242704e-02 -4.251499e+01
-5.738486e-02 4.649017e-02 9.972691e-01 1.603178e+02 -3.618104e-02 9.981622e-01 -4.861373e-02 -6.023794e+00 -9.976963e-01 -3.887193e-02 -5.559734e-02 -4.254215e+01
-5.797283e-02 4.816886e-02 9.971554e-01 1.610745e+02 -3.414739e-02 9.981551e-01 -5.020243e-02 -6.068276e+00 -9.977340e-01 -3.696063e-02 -5.622103e-02 -4.260378e+01
-5.842508e-02 4.584442e-02 9.972386e-01 1.618024e+02 -3.002913e-02 9.984123e-01 -4.765769e-02 -6.133003e+00 -9.978400e-01 -3.273061e-02 -5.695565e-02 -4.262474e+01
-5.437331e-02 4.291381e-02 9.975981e-01 1.624796e+02 -2.855628e-02 9.986005e-01 -4.451337e-02 -6.173652e+00 -9.981123e-01 -3.090803e-02 -5.307176e-02 -4.266044e+01
-4.676462e-02 4.294717e-02 9.979823e-01 1.632124e+02 -2.666702e-02 9.986656e-01 -4.422617e-02 -6.215673e+00 -9.985499e-01 -2.868144e-02 -4.555694e-02 -4.269133e+01
-3.522993e-02 4.309632e-02 9.984496e-01 1.638596e+02 -2.479042e-02 9.987246e-01 -4.398291e-02 -6.266840e+00 -9.990717e-01 -2.630151e-02 -3.411662e-02 -4.271259e+01
-2.067997e-02 4.391459e-02 9.988213e-01 1.645645e+02 -2.164264e-02 9.987811e-01 -4.436092e-02 -6.305449e+00 -9.995519e-01 -2.253451e-02 -1.970433e-02 -4.272633e+01
-4.129604e-04 4.104291e-02 9.991573e-01 1.654519e+02 -1.689178e-02 9.990146e-01 -4.104402e-02 -6.384487e+00 -9.998572e-01 -1.689450e-02 2.807344e-04 -4.277157e+01
1.515550e-02 3.670729e-02 9.992111e-01 1.661310e+02 -2.209551e-02 9.990942e-01 -3.636786e-02 -6.415104e+00 -9.996410e-01 -2.152690e-02 1.595284e-02 -4.273536e+01
3.150473e-02 2.994509e-02 9.990549e-01 1.668113e+02 -2.234846e-02 9.993223e-01 -2.924836e-02 -6.452781e+00 -9.992537e-01 -2.140588e-02 3.215261e-02 -4.270142e+01
4.845815e-02 2.254310e-02 9.985708e-01 1.675182e+02 -2.287585e-02 9.995081e-01 -2.145415e-02 -6.484097e+00 -9.985632e-01 -2.180352e-02 4.895001e-02 -4.265211e+01
6.670586e-02 1.505986e-02 9.976590e-01 1.681668e+02 -2.284794e-02 9.996470e-01 -1.356220e-02 -6.509711e+00 -9.975110e-01 -2.188977e-02 6.702640e-02 -4.260531e+01
8.376400e-02 9.353523e-03 9.964417e-01 1.688342e+02 -2.384048e-02 9.996885e-01 -7.379896e-03 -6.528841e+00 -9.962004e-01 -2.313748e-02 8.396090e-02 -4.253961e+01
1.016822e-01 6.686250e-03 9.947945e-01 1.694575e+02 -2.373495e-02 9.997091e-01 -4.293231e-03 -6.551419e+00 -9.945338e-01 -2.317486e-02 1.018113e-01 -4.245834e+01
1.194006e-01 8.229977e-03 9.928120e-01 1.701371e+02 -2.362778e-02 9.997060e-01 -5.445528e-03 -6.543223e+00 -9.925650e-01 -2.280775e-02 1.195600e-01 -4.237306e+01
1.370594e-01 8.054116e-03 9.905301e-01 1.707516e+02 -2.563403e-02 9.996609e-01 -4.581386e-03 -6.548569e+00 -9.902311e-01 -2.476335e-02 1.372194e-01 -4.228051e+01
1.530217e-01 7.472281e-03 9.881946e-01 1.713806e+02 -3.130920e-02 9.995061e-01 -2.709592e-03 -6.558624e+00 -9.877267e-01 -3.052495e-02 1.531800e-01 -4.216584e+01
1.680302e-01 4.316668e-03 9.857724e-01 1.720148e+02 -3.462614e-02 9.993992e-01 1.525873e-03 -6.572213e+00 -9.851735e-01 -3.438989e-02 1.680787e-01 -4.205877e+01
1.797204e-01 -7.817624e-05 9.837177e-01 1.726080e+02 -3.006676e-02 9.995323e-01 5.572483e-03 -6.583352e+00 -9.832581e-01 -3.057869e-02 1.796340e-01 -4.193444e+01
1.906334e-01 -4.230204e-04 9.816612e-01 1.732287e+02 -2.901658e-02 9.995605e-01 6.065597e-03 -6.588161e+00 -9.812323e-01 -2.964075e-02 1.905373e-01 -4.181322e+01
2.007751e-01 2.701869e-03 9.796336e-01 1.738227e+02 -3.244425e-02 9.994659e-01 3.892855e-03 -6.602362e+00 -9.790999e-01 -3.256506e-02 2.007556e-01 -4.168273e+01
2.098211e-01 9.915023e-03 9.776895e-01 1.743992e+02 -3.648726e-02 9.993315e-01 -2.304001e-03 -6.613625e+00 -9.770588e-01 -3.518979e-02 2.100426e-01 -4.154018e+01
2.189267e-01 2.027699e-02 9.755306e-01 1.749702e+02 -3.790793e-02 9.992060e-01 -1.226187e-02 -6.621178e+00 -9.750047e-01 -3.429589e-02 2.195216e-01 -4.140386e+01
2.273063e-01 2.610237e-02 9.734734e-01 1.755591e+02 -3.178517e-02 9.993070e-01 -1.937322e-02 -6.631541e+00 -9.733045e-01 -2.653836e-02 2.279785e-01 -4.126466e+01
2.339945e-01 2.452788e-02 9.719285e-01 1.761857e+02 -3.155489e-02 9.993467e-01 -1.762288e-02 -6.636817e+00 -9.717257e-01 -2.654544e-02 2.346156e-01 -4.111279e+01
2.398231e-01 1.676567e-02 9.706718e-01 1.768154e+02 -3.369504e-02 9.993922e-01 -8.936730e-03 -6.653895e+00 -9.702317e-01 -3.056359e-02 2.402422e-01 -4.095093e+01
2.438587e-01 5.767506e-03 9.697936e-01 1.773773e+02 -3.733898e-02 9.992967e-01 3.446080e-03 -6.668511e+00 -9.690917e-01 -3.705146e-02 2.439026e-01 -4.077935e+01
